source,idColName,iden,text,startByte,endByte,pdncID,paraID,chapID,mID
exp,exp_name,emma,EMMA,0,4,0,1,-1,M_0
exp,exp_name,jane,Jane,9,13,4,2,-1,M_1
exp,exp_name,emma woodhouse,Emma Woodhouse,49,63,0,5,1,M_2
booknlp,COREF,94,her,284,287,0,5,1,M_3
booknlp,COREF,94,She,290,293,0,6,1,M_4
booknlp,COREF,94,her,401,404,0,6,1,M_5
booknlp,COREF,94,Her,477,480,0,6,1,M_6
booknlp,COREF,94,her,514,517,0,6,1,M_7
booknlp,COREF,94,her,583,586,0,6,1,M_8
exp,exp_name,miss taylor,Miss Taylor,720,731,15,7,1,M_9
exp,exp_name,mr. woodhouse,Mr. Woodhouse,740,753,10,7,1,M_10
exp,exp_name,emma,Emma,848,852,0,7,1,M_11
exp,exp_name,miss taylor,Miss Taylor,918,929,15,7,1,M_12
exp,exp_name,emma,Emma,1192,1196,0,7,1,M_13
booknlp,COREF,94,she,1213,1216,0,7,1,M_14
exp,exp_name,miss taylor,Miss Taylor,1241,1252,15,7,1,M_15
booknlp,COREF,94,her,1289,1292,0,7,1,M_16
exp,exp_name,emma,Emma,1326,1330,0,8,1,M_17
booknlp,COREF,94,her,1384,1387,0,8,1,M_18
booknlp,COREF,94,herself,1445,1452,0,8,1,M_19
booknlp,COREF,94,her,1509,1512,0,8,1,M_20
booknlp,COREF,94,her,1638,1641,0,8,1,M_21
exp,exp_name,miss taylor,Miss Taylor,1738,1749,15,9,1,M_22
exp,exp_name,miss taylor,Miss Taylor,1766,1777,15,9,1,M_23
exp,exp_name,emma,Emma,1866,1870,0,9,1,M_24
booknlp,COREF,94,her,1966,1969,0,9,1,M_25
booknlp,COREF,94,herself,1981,1988,0,9,1,M_26
booknlp,COREF,94,Her,2070,2073,0,9,1,M_27
booknlp,COREF,94,she,2135,2138,0,9,1,M_28
booknlp,COREF,94,she,2178,2181,0,9,1,M_29
booknlp,COREF,94,her,2238,2241,0,10,1,M_30
exp,exp_name,mr. weston,Mr. Weston,2250,2260,9,10,1,M_31
booknlp,COREF,94,she,2442,2445,0,10,1,M_32
booknlp,COREF,94,her,2526,2529,0,10,1,M_33
exp,exp_name,miss taylor,Miss Taylor,2543,2554,15,10,1,M_34
booknlp,COREF,94,She,2594,2597,0,10,1,M_35
booknlp,COREF,94,her,2607,2610,0,10,1,M_36
booknlp,COREF,94,she,2676,2679,0,10,1,M_37
booknlp,COREF,94,she,2699,2702,0,10,1,M_38
booknlp,COREF,94,her,2719,2722,0,10,1,M_39
booknlp,COREF,94,she,2748,2751,0,10,1,M_40
booknlp,COREF,94,her,2768,2771,0,10,1,M_41
booknlp,COREF,94,her,2799,2802,0,10,1,M_42
booknlp,COREF,94,her,2829,2832,0,10,1,M_43
exp,exp_name,isabella,Isabella,3028,3036,3,10,1,M_44
booknlp,COREF,94,She,3125,3128,0,10,1,M_45
booknlp,COREF,94,herself,3325,3332,0,10,1,M_46
booknlp,COREF,94,hers,3369,3373,0,10,1,M_47
booknlp,COREF,94,she,3387,3390,0,10,1,M_48
booknlp,COREF,94,her,3464,3467,0,10,1,M_49
booknlp,COREF,94,she,3504,3507,0,11,1,M_50
booknlp,COREF,94,her,3546,3549,0,11,1,M_51
exp,exp_name,emma,Emma,3599,3603,0,11,1,M_52
exp,exp_name,mrs. weston,Mrs. Weston,3658,3669,15,11,1,M_53
exp,exp_name,miss taylor,Miss Taylor,3705,3716,15,11,1,M_54
booknlp,COREF,94,her,3744,3747,0,11,1,M_55
booknlp,COREF,94,she,3782,3785,0,11,1,M_56
booknlp,COREF,94,She,3851,3854,0,11,1,M_57
booknlp,COREF,94,her,3868,3871,0,11,1,M_58
booknlp,COREF,94,her,3908,3911,0,11,1,M_59
booknlp,COREF,94,her,3931,3934,0,11,1,M_60
exp,exp_name,mr. woodhouse,Mr. Woodhouse,4026,4039,10,12,1,M_61
booknlp,COREF,94,Her,4387,4390,0,13,1,M_62
booknlp,COREF,94,her,4518,4521,0,13,1,M_63
exp,exp_name,isabella,Isabella,4665,4673,3,13,1,M_64
booknlp,COREF,87,her,4678,4681,3,13,1,M_65
booknlp,COREF,94,her,4746,4749,0,13,1,M_66
booknlp,COREF,94,her,4951,4954,0,14,1,M_67
booknlp,COREF,94,She,5037,5040,0,14,1,M_68
booknlp,COREF,94,her,5081,5084,0,14,1,M_69
exp,exp_name,miss taylor,Miss Taylor,5171,5182,15,14,1,M_70
exp,exp_name,emma,Emma,5236,5240,0,14,1,M_71
booknlp,COREF,94,her,5306,5309,0,14,1,M_72
exp,exp_name,miss taylor,Miss Taylor,5798,5809,15,14,1,M_73
exp,exp_name,miss taylor,Miss Taylor,5983,5994,15,14,1,M_74
exp,exp_name,emma,Emma,6141,6145,0,14,1,M_75
booknlp,COREF,94,she,6182,6185,0,14,1,M_76
pdnc,qID,Q0-0,Poor Miss Taylor,6317,6333,15,15,1,M_77
pdnc,qID,Q0-0,she,6343,6346,15,15,1,M_78
pdnc,qID,Q0-0,Mr. Weston,6387,6397,9,15,1,M_79
pdnc,qID,Q0-0,her,6414,6417,15,15,1,M_80
pdnc,qID,Q1-0,papa,6447,6451,10,16,1,M_81
pdnc,qID,Q1-0,you,6453,6456,10,16,1,M_82
pdnc,qID,Q1-0,Mr. Weston,6472,6482,9,16,1,M_83
pdnc,qID,Q1-0,he,6538,6540,9,16,1,M_84
pdnc,qID,Q1-0,you,6579,6582,10,16,1,M_85
pdnc,qID,Q1-0,Miss Taylor,6602,6613,15,16,1,M_86
pdnc,qID,Q1-0,she,6671,6674,15,16,1,M_87
pdnc,qID,Q1-0,her,6697,6700,15,16,1,M_88
pdnc,qID,Q2-0,her,6720,6723,15,17,1,M_89
pdnc,qID,Q2-0,her,6771,6774,15,17,1,M_90
pdnc,qID,Q2-0,you,6815,6818,0,17,1,M_91
pdnc,qID,Q2-0,my dear,6847,6854,0,17,1,M_92
pdnc,qID,Q4-0,My dear,7020,7027,0,19,1,M_93
pdnc,qID,Q5-0,papa,7119,7123,10,20,1,M_94
pdnc,qID,Q5-0,your,7143,7147,10,20,1,M_95
pdnc,qID,Q7-0,Mr. Weston,7377,7387,9,22,1,M_96
pdnc,qID,Q7-0,papa,7398,7402,10,22,1,M_97
pdnc,qID,Q7-0,You,7404,7407,10,22,1,M_98
pdnc,qID,Q7-0,we,7413,7415,0,22,1,M_99
pdnc,qID,Q7-0,We,7447,7449,0,22,1,M_100
pdnc,qID,Q7-0,Mr. Weston,7474,7484,9,22,1,M_101
pdnc,qID,Q7-0,you,7515,7518,10,22,1,M_102
booknlp,COREF,86,he,7536,7538,9,22,1,M_103
booknlp,COREF,86,his,7586,7589,9,22,1,M_104
booknlp,COREF,86,he,7645,7647,9,22,1,M_105
pdnc,qID,Q7-0,your,7690,7694,10,22,1,M_106
pdnc,qID,Q7-0,papa,7702,7706,10,22,1,M_107
pdnc,qID,Q7-0,You,7708,7711,10,22,1,M_108
pdnc,qID,Q7-0,you,7770,7773,10,22,1,M_109
pdnc,qID,Q7-0,you,7812,7815,10,22,1,M_110
pdnc,qID,Q8-0,poor Miss Taylor,8363,8379,15,23,1,M_111
pdnc,qID,Q8-0,her,8403,8406,15,23,1,M_112
pdnc,qID,Q8-0,she,8412,8415,15,23,1,M_113
pdnc,qID,Q8-0,you,8478,8481,0,23,1,M_114
pdnc,qID,Q8-0,she,8488,8491,15,23,1,M_115
pdnc,qID,Q8-0,her,8539,8542,15,23,1,M_116
exp,exp_name,emma,Emma,8561,8565,0,24,1,M_117
booknlp,COREF,94,her,8671,8674,0,24,1,M_118
booknlp,COREF,94,her,8747,8750,0,24,1,M_119
exp,exp_name,mr. knightley,Mr. Knightley,8862,8875,6,25,1,M_120
exp,exp_name,isabella,Isabella,9044,9052,3,25,1,M_121
booknlp,COREF,93,Hartfield,9327,9336,0,25,1,M_122
exp,exp_name,mr. woodhouse,Mr. Woodhouse,9426,9439,10,25,1,M_123
exp,exp_name,mr. knightley,Mr. Knightley,9455,9468,6,25,1,M_124
exp,exp_name,isabella,Isabella,9554,9562,3,25,1,M_125
booknlp,COREF,87,her,9568,9571,3,25,1,M_126
exp,exp_name,mr. woodhouse,Mr. Woodhouse,9636,9649,10,25,1,M_127
pdnc,qID,Q9-0,you,9691,9694,6,25,1,M_128
pdnc,qID,Q9-0,Mr. Knightley,9696,9709,6,25,1,M_129
booknlp,COREF,85,I,9758,9759,10,25,1,M_130
pdnc,qID,Q9-0,you,9770,9773,6,25,1,M_131
pdnc,qID,Q10-0,sir,9820,9823,10,26,1,M_132
booknlp,COREF,87,I,9877,9878,3,26,1,M_133
pdnc,qID,Q10-0,your,9899,9903,10,26,1,M_134
pdnc,qID,Q11-0,you,9923,9926,6,27,1,M_135
booknlp,COREF,85,I,9967,9968,10,27,1,M_136
pdnc,qID,Q11-0,you,9974,9977,6,27,1,M_137
pdnc,qID,Q12-0,sir,10008,10011,10,28,1,M_138
booknlp,COREF,87,my,10021,10023,3,28,1,M_139
booknlp,COREF,85,I,10200,10201,10,29,1,M_140
booknlp,COREF,87,I,10253,10254,3,30,1,M_141
booknlp,COREF,87,I,10350,10351,3,30,1,M_142
booknlp,COREF,87,my,10379,10381,3,30,1,M_143
booknlp,COREF,87,I,10403,10404,3,30,1,M_144
pdnc,qID,Q15-0,poor Miss Taylor,10489,10505,15,31,1,M_145
booknlp,COREF,85,Poor Mr.,10531,10539,10,32,1,M_146
exp,exp_name,miss woodhouse,Miss Woodhouse,10544,10558,0,32,1,M_147
pdnc,qID,Q16-0,you,10563,10566,10,32,1,M_148
booknlp,COREF,87,I,10579,10580,3,32,1,M_149
exp,exp_name,miss taylor,Miss Taylor,10607,10618,15,32,1,M_150
booknlp,COREF,87,I,10621,10622,3,32,1,M_151
pdnc,qID,Q17-0,you,10647,10650,10,32,1,M_152
pdnc,qID,Q17-0,Emma,10655,10659,0,32,1,M_153
exp,exp_name,emma,Emma,10881,10885,0,33,1,M_154
pdnc,qID,Q18-1,you,10911,10914,6,33,1,M_155
pdnc,qID,Q18-1,your,10923,10927,6,33,1,M_156
booknlp,COREF,94,I,10934,10935,0,33,1,M_157
pdnc,qID,Q18-1,you,10951,10954,6,33,1,M_158
pdnc,qID,Q18-1,my father,10978,10987,10,33,1,M_159
booknlp,COREF,85,I,11004,11005,10,34,1,M_160
pdnc,qID,Q19-0,my dear,11031,11038,0,34,1,M_161
exp,exp_name,mr. woodhouse,Mr. Woodhouse,11054,11067,10,34,1,M_162
booknlp,COREF,85,I,11083,11084,10,34,1,M_163
booknlp,COREF,85,I,11095,11096,10,34,1,M_164
pdnc,qID,Q20-0,My dearest papa,11144,11159,10,35,1,M_165
pdnc,qID,Q20-0,You,11161,11164,10,35,1,M_166
pdnc,qID,Q20-0,you,11192,11195,10,35,1,M_167
pdnc,qID,Q20-0,Mr. Knightley,11209,11222,6,35,1,M_168
pdnc,qID,Q20-0,you,11232,11235,10,35,1,M_169
pdnc,qID,Q20-0,Mr. Knightley,11288,11301,6,35,1,M_170
pdnc,qID,Q20-0,you,11331,11334,10,35,1,M_171
exp,exp_name,mr. knightley,Mr. Knightley,11415,11428,6,36,1,M_172
exp,exp_name,emma woodhouse,Emma Woodhouse,11489,11503,0,36,1,M_173
booknlp,COREF,94,her,11536,11539,0,36,1,M_174
exp,exp_name,emma,Emma,11599,11603,0,36,1,M_175
booknlp,COREF,94,herself,11604,11611,0,36,1,M_176
booknlp,COREF,94,she,11613,11616,0,36,1,M_177
booknlp,COREF,94,her,11653,11656,0,36,1,M_178
booknlp,COREF,94,she,11670,11673,0,36,1,M_179
booknlp,COREF,94,her,11731,11734,0,36,1,M_180
pdnc,qID,Q21-0,Emma,11778,11782,0,37,1,M_181
pdnc,qID,Q21-0,her,11805,11808,0,37,1,M_182
exp,exp_name,mr. knightley,Mr. Knightley,11816,11829,6,37,1,M_183
pdnc,qID,Q21-1,Miss Taylor,11871,11882,15,37,1,M_184
exp,exp_name,emma,Emma,12013,12017,0,38,1,M_185
pdnc,qID,Q22-1,you,12044,12047,6,38,1,M_186
booknlp,COREF,94,I,12084,12085,0,38,1,M_187
pdnc,qID,Q22-1,you,12109,12112,6,38,1,M_188
pdnc,qID,Q23-0,Dear Emma,12356,12365,0,39,1,M_189
booknlp,COREF,94,her,12399,12402,0,39,1,M_190
pdnc,qID,Q23-1,Mr. Knightley,12417,12430,6,39,1,M_191
pdnc,qID,Q23-1,she,12432,12435,0,39,1,M_192
pdnc,qID,Q23-1,poor Miss Taylor,12465,12481,15,39,1,M_193
pdnc,qID,Q23-1,she,12497,12500,0,39,1,M_194
pdnc,qID,Q23-1,she,12527,12530,0,39,1,M_195
exp,exp_name,emma,Emma,12545,12549,0,40,1,M_196
booknlp,COREF,94,her,12562,12565,0,40,1,M_197
pdnc,qID,Q24-0,Emma,12629,12633,0,40,1,M_198
exp,exp_name,mr. knightley,Mr. Knightley,12674,12687,6,40,1,M_199
pdnc,qID,Q24-1,sir,12731,12734,10,40,1,M_200
pdnc,qID,Q24-1,she,12764,12767,0,40,1,M_201
pdnc,qID,Q24-1,Miss Taylor,12802,12813,15,40,1,M_202
pdnc,qID,Q24-1,she,12827,12830,0,40,1,M_203
pdnc,qID,Q24-1,Miss Taylor,12872,12883,15,40,1,M_204
pdnc,qID,Q24-1,her,12927,12930,15,40,1,M_205
pdnc,qID,Q24-1,her,12957,12960,15,40,1,M_206
pdnc,qID,Q24-1,Miss Taylor,13087,13098,15,40,1,M_207
pdnc,qID,Q24-1,her,13120,13123,15,40,1,M_208
pdnc,qID,Q25-0,you,13151,13154,6,41,1,M_209
booknlp,COREF,94,me,13191,13193,0,41,1,M_210
exp,exp_name,emma,Emma,13201,13205,0,41,1,M_211
booknlp,COREF,94,I,13242,13243,0,41,1,M_212
booknlp,COREF,94,myself,13259,13265,0,41,1,M_213
booknlp,COREF,94,I,13267,13268,0,41,1,M_214
pdnc,qID,Q25-1,Mr. Weston,13391,13401,9,41,1,M_215
booknlp,COREF,94,me,13439,13441,0,41,1,M_216
exp,exp_name,mr. knightley,Mr. Knightley,13459,13472,6,42,1,M_217
booknlp,COREF,94,her,13491,13494,0,42,1,M_218
booknlp,COREF,94,Her,13496,13499,0,42,1,M_219
pdnc,qID,Q26-0,my dear,13528,13535,0,42,1,M_220
pdnc,qID,Q26-0,you,13544,13547,0,42,1,M_221
pdnc,qID,Q26-0,you,13605,13608,0,42,1,M_222
pdnc,qID,Q27-0,you,13683,13686,10,43,1,M_223
pdnc,qID,Q27-0,papa,13712,13716,10,43,1,M_224
pdnc,qID,Q27-0,you,13823,13826,10,43,1,M_225
pdnc,qID,Q27-0,Mr. Weston,13855,13865,9,43,1,M_226
pdnc,qID,Q27-0,Mr. Weston,13904,13914,9,43,1,M_227
pdnc,qID,Q27-0,his,14037,14040,9,43,1,M_228
pdnc,qID,Q27-0,his,14067,14070,9,43,1,M_229
pdnc,qID,Q27-0,he,14112,14114,9,43,1,M_230
pdnc,qID,Q27-0,Mr. Weston,14138,14148,9,43,1,M_231
pdnc,qID,Q27-0,he,14202,14204,9,43,1,M_232
pdnc,qID,Q27-0,Mr. Weston,14229,14239,9,43,1,M_233
pdnc,qID,Q27-0,his,14315,14318,9,43,1,M_234
pdnc,qID,Q27-0,the son,14355,14362,1,43,1,M_235
pdnc,qID,Q27-0,him,14389,14392,9,43,1,M_236
pdnc,qID,Q28-0,Miss Taylor,14528,14539,15,44,1,M_237
pdnc,qID,Q28-0,him,14555,14558,9,44,1,M_238
pdnc,qID,Q28-0,he,14612,14614,9,44,1,M_239
pdnc,qID,Q28-0,dear papa,14834,14843,10,44,1,M_240
pdnc,qID,Q28-0,you,14845,14848,10,44,1,M_241
pdnc,qID,Q29-0,you,14927,14930,0,45,1,M_242
exp,exp_name,mr. knightley,Mr. Knightley,14956,14969,6,45,1,M_243
pdnc,qID,Q29-1,Your,15000,15004,0,45,1,M_244
pdnc,qID,Q29-1,you,15053,15056,0,45,1,M_245
pdnc,qID,Q29-1,your,15211,15215,0,45,1,M_246
pdnc,qID,Q29-1,you,15237,15240,0,45,1,M_247
pdnc,qID,Q29-1,your,15261,15265,0,45,1,M_248
pdnc,qID,Q29-1,your,15279,15283,0,45,1,M_249
pdnc,qID,Q29-1,Miss Taylor,15360,15371,15,45,1,M_250
exp,exp_name,mr. weston,Mr. Weston,15375,15385,9,45,1,M_251
pdnc,qID,Q29-1,you,15476,15479,0,45,1,M_252
pdnc,qID,Q29-1,your,15506,15510,0,45,1,M_253
pdnc,qID,Q29-1,you,15527,15530,0,45,1,M_254
pdnc,qID,Q29-1,You,15541,15544,0,45,1,M_255
pdnc,qID,Q30-0,Mr. Weston,16063,16073,9,46,1,M_256
booknlp,COREF,93,Hartfield,16230,16239,0,46,1,M_257
pdnc,qID,Q31-0,Weston,16311,16317,9,47,1,M_258
pdnc,qID,Q31-0,Miss Taylor,16357,16368,15,47,1,M_259
pdnc,qID,Q32-0,Emma,16509,16513,0,48,1,M_260
booknlp,COREF,94,herself,16530,16537,0,48,1,M_261
pdnc,qID,Q32-0,she,16542,16545,0,48,1,M_262
exp,exp_name,mr. woodhouse,Mr. Woodhouse,16579,16592,10,48,1,M_263
pdnc,qID,Q32-1,my dear,16627,16634,0,48,1,M_264
pdnc,qID,Q33-0,papa,16757,16761,10,49,1,M_265
pdnc,qID,Q33-0,Mr. Elton,16772,16781,8,49,1,M_266
pdnc,qID,Q33-0,Mr. Elton,16788,16797,8,49,1,M_267
pdnc,qID,Q33-0,You,16799,16802,10,49,1,M_268
pdnc,qID,Q33-0,Mr. Elton,16808,16817,8,49,1,M_269
pdnc,qID,Q33-0,papa,16819,16823,10,49,1,M_270
pdnc,qID,Q33-0,him,16859,16862,8,49,1,M_271
pdnc,qID,Q33-0,him,16905,16908,8,49,1,M_272
pdnc,qID,Q33-0,he,16914,16916,8,49,1,M_273
pdnc,qID,Q33-0,his,16963,16966,8,49,1,M_274
pdnc,qID,Q33-0,him,17022,17025,8,49,1,M_275
pdnc,qID,Q33-0,he,17064,17066,8,49,1,M_276
pdnc,qID,Q33-0,he,17099,17101,8,49,1,M_277
pdnc,qID,Q33-0,he,17128,17130,8,49,1,M_278
pdnc,qID,Q33-0,him,17180,17183,8,49,1,M_279
pdnc,qID,Q33-0,Mr. Elton,17206,17215,8,49,1,M_280
pdnc,qID,Q33-0,him,17258,17261,8,49,1,M_281
pdnc,qID,Q34-0,Mr. Elton,17276,17285,8,50,1,M_282
booknlp,COREF,85,I,17357,17358,10,50,1,M_283
pdnc,qID,Q34-0,him,17383,17386,8,50,1,M_284
pdnc,qID,Q34-0,you,17395,17398,0,50,1,M_285
pdnc,qID,Q34-0,him,17412,17415,8,50,1,M_286
pdnc,qID,Q34-0,my dear,17431,17438,0,50,1,M_287
pdnc,qID,Q34-0,him,17444,17447,8,50,1,M_288
booknlp,COREF,85,I,17517,17518,10,50,1,M_289
pdnc,qID,Q34-0,Mr. Knightley,17528,17541,6,50,1,M_290
pdnc,qID,Q34-0,him,17569,17572,8,50,1,M_291
pdnc,qID,Q35-0,sir,17608,17611,10,51,1,M_292
exp,exp_name,mr. knightley,Mr. Knightley,17632,17645,6,51,1,M_293
pdnc,qID,Q35-1,you,17675,17678,10,51,1,M_294
pdnc,qID,Q35-1,him,17733,17736,8,51,1,M_295
pdnc,qID,Q35-1,Emma,17748,17752,0,51,1,M_296
pdnc,qID,Q35-1,him,17763,17766,8,51,1,M_297
pdnc,qID,Q35-1,him,17818,17821,8,51,1,M_298
pdnc,qID,Q35-1,his,17831,17834,8,51,1,M_299
booknlp,COREF,150,himself,17911,17918,8,51,1,M_300
exp,exp_name,mr. weston,Mr. Weston,17937,17947,9,53,2,M_301
booknlp,COREF,86,He,18097,18099,9,53,2,M_302
booknlp,COREF,86,his,18256,18259,9,53,2,M_303
booknlp,COREF,86,his,18376,18379,9,53,2,M_304
exp,exp_name,weston,Weston,18412,18418,9,54,2,M_305
exp,exp_name,churchill,Churchill,18513,18522,1,54,2,M_306
exp,exp_name,churchill,Churchill,18562,18571,1,54,2,M_307
exp,exp_name,churchill,Churchill,18757,18766,1,55,2,M_308
exp,exp_name,churchill,Churchill,19001,19010,1,55,2,M_309
exp,exp_name,mrs. weston,Mrs. Weston,19116,19127,15,55,2,M_310
exp,exp_name,weston,Weston,19761,19767,9,55,2,M_311
exp,exp_name,churchill,Churchill,19778,19787,1,55,2,M_312
exp,exp_name,weston,Weston,19810,19816,9,56,2,M_313
exp,exp_name,churchill,Churchill,20295,20304,1,56,2,M_314
exp,exp_name,frank,Frank,20445,20450,1,56,2,M_315
exp,exp_name,miss taylor,Miss Taylor,21424,21435,15,57,2,M_316
exp,exp_name,miss taylor,Miss Taylor,21545,21556,15,58,2,M_317
exp,exp_name,frank,Frank,22483,22488,1,59,2,M_318
booknlp,COREF,103,his,22535,22538,1,59,2,M_319
booknlp,COREF,103,him,22600,22603,1,59,2,M_320
exp,exp_name,churchill,Churchill,22623,22632,1,59,2,M_321
exp,exp_name,mr. weston,Mr. Weston,22858,22868,9,59,2,M_322
booknlp,COREF,86,he,22960,22962,9,59,2,M_323
booknlp,COREF,86,He,22993,22995,9,59,2,M_324
booknlp,COREF,86,his,23000,23003,9,59,2,M_325
booknlp,COREF,86,his,23056,23059,9,59,2,M_326
exp,exp_name,mr. frank churchill,Mr. Frank Churchill,23271,23290,1,60,2,M_327
booknlp,COREF,103,him,23356,23359,1,60,2,M_328
booknlp,COREF,103,he,23421,23423,1,60,2,M_329
booknlp,COREF,103,his,23448,23451,1,60,2,M_330
booknlp,COREF,103,His,23458,23461,1,60,2,M_331
booknlp,COREF,103,his,23478,23481,1,60,2,M_332
booknlp,COREF,103,his,23545,23548,1,61,2,M_333
exp,exp_name,miss bates,Miss Bates,23759,23769,7,61,2,M_334
exp,exp_name,miss bates,Miss Bates,23788,23798,7,61,2,M_335
exp,exp_name,mr. frank churchill,Mr. Frank Churchill,23840,23859,1,61,2,M_336
booknlp,COREF,103,he,23934,23936,1,61,2,M_337
booknlp,COREF,103,his,23952,23955,1,61,2,M_338
exp,exp_name,mrs. weston,Mrs. Weston,24077,24088,15,61,2,M_339
exp,exp_name,mr. frank churchill,Mr. Frank Churchill,24152,24171,1,61,2,M_340
exp,exp_name,mrs. weston,Mrs. Weston,24187,24198,15,61,2,M_341
exp,exp_name,mr. woodhouse,Mr. Woodhouse,24252,24265,10,61,2,M_342
exp,exp_name,mr. woodhouse,Mr. Woodhouse,24281,24294,10,61,2,M_343
booknlp,COREF,85,he,24315,24317,10,61,2,M_344
booknlp,COREF,85,he,24323,24325,10,61,2,M_345
booknlp,COREF,85,his,24362,24365,10,61,2,M_346
exp,exp_name,mrs. weston,Mrs. Weston,24414,24425,15,62,2,M_347
exp,exp_name,emma,Emma,25044,25048,0,63,2,M_348
booknlp,COREF,94,her,25124,25127,0,63,2,M_349
exp,exp_name,emma,Emma,25156,25160,0,63,2,M_350
booknlp,COREF,94,she,25189,25192,0,63,2,M_351
booknlp,COREF,94,her,25211,25214,0,63,2,M_352
booknlp,COREF,94,her,25328,25331,0,63,2,M_353
exp,exp_name,mr. weston,Mr. Weston,25538,25548,9,63,2,M_354
booknlp,COREF,94,Her,25694,25697,0,64,2,M_355
exp,exp_name,mrs. weston,Mrs. Weston,25760,25771,15,64,2,M_356
booknlp,COREF,94,her,25808,25811,0,64,2,M_357
booknlp,COREF,94,her,25826,25829,0,64,2,M_358
booknlp,COREF,94,her,25854,25857,0,64,2,M_359
exp,exp_name,emma,Emma,25912,25916,0,64,2,M_360
booknlp,COREF,94,she,25926,25929,0,64,2,M_361
booknlp,COREF,94,her,25935,25938,0,64,2,M_362
exp,exp_name,miss taylor,Miss Taylor,26017,26028,15,64,2,M_363
booknlp,COREF,94,her,26046,26049,0,64,2,M_364
booknlp,COREF,94,her,26110,26113,0,64,2,M_365
booknlp,COREF,94,her,26149,26152,0,64,2,M_366
booknlp,COREF,94,her,26187,26190,0,64,2,M_367
booknlp,COREF,94,she,26210,26213,0,64,2,M_368
exp,exp_name,mr. woodhouse,Mr. Woodhouse,26225,26238,10,64,2,M_369
pdnc,qID,Q36-0,poor Miss Taylor,26280,26296,15,64,2,M_370
pdnc,qID,Q36-0,She,26298,26301,15,64,2,M_371
exp,exp_name,miss taylor,Miss Taylor,26356,26367,15,65,2,M_372
exp,exp_name,mr. woodhouse,Mr. Woodhouse,26457,26470,10,65,2,M_373
booknlp,COREF,85,his,26491,26494,10,65,2,M_374
booknlp,COREF,85,he,26517,26519,10,65,2,M_375
booknlp,COREF,85,him,26644,26647,10,65,2,M_376
booknlp,COREF,85,His,26665,26668,10,65,2,M_377
booknlp,COREF,85,he,26710,26712,10,65,2,M_378
booknlp,COREF,85,himself,26767,26774,10,65,2,M_379
booknlp,COREF,85,him,26800,26803,10,65,2,M_380
booknlp,COREF,85,he,26804,26806,10,65,2,M_381
booknlp,COREF,85,he,26843,26845,10,65,2,M_382
booknlp,COREF,85,He,27011,27013,10,65,2,M_383
exp,exp_name,mr. woodhouse,Mr. Woodhouse,27192,27205,10,65,2,M_384
booknlp,COREF,85,he,27241,27243,10,65,2,M_385
booknlp,COREF,85,his,27474,27477,10,65,2,M_386
exp,exp_name,mr. woodhouse,Mr. Woodhouse,27483,27496,10,65,2,M_387
booknlp,COREF,85,his,27613,27616,10,65,2,M_388
exp,exp_name,mrs. weston,Mrs. Weston,27749,27760,15,66,2,M_389
exp,exp_name,mr. woodhouse,Mr. Woodhouse,27796,27809,10,66,2,M_390
exp,exp_name,mr. woodhouse,Mr. Woodhouse,27851,27864,10,68,3,M_391
booknlp,COREF,85,his,27888,27891,10,68,3,M_392
booknlp,COREF,85,He,27901,27903,10,68,3,M_393
booknlp,COREF,85,his,27928,27931,10,68,3,M_394
booknlp,COREF,85,him,27953,27956,10,68,3,M_395
booknlp,COREF,85,his,27995,27998,10,68,3,M_396
booknlp,COREF,85,his,28032,28035,10,68,3,M_397
booknlp,COREF,85,his,28054,28057,10,68,3,M_398
booknlp,COREF,85,his,28067,28070,10,68,3,M_399
booknlp,COREF,85,his,28082,28085,10,68,3,M_400
booknlp,COREF,85,he,28096,28098,10,68,3,M_401
booknlp,COREF,85,his,28127,28130,10,68,3,M_402
booknlp,COREF,85,he,28173,28175,10,68,3,M_403
booknlp,COREF,85,He,28183,28185,10,68,3,M_404
booknlp,COREF,85,his,28249,28252,10,68,3,M_405
booknlp,COREF,85,him,28306,28309,10,68,3,M_406
booknlp,COREF,85,him,28361,28364,10,68,3,M_407
booknlp,COREF,85,his,28368,28371,10,68,3,M_408
booknlp,COREF,85,him,28399,28402,10,68,3,M_409
exp,exp_name,mr. knightley,Mr. Knightley,28508,28521,6,68,3,M_410
exp,exp_name,emma,Emma,28573,28577,0,68,3,M_411
booknlp,COREF,85,he,28592,28594,10,68,3,M_412
booknlp,COREF,85,him,28644,28647,10,68,3,M_413
booknlp,COREF,85,he,28679,28681,10,68,3,M_414
booknlp,COREF,85,he,28705,28707,10,68,3,M_415
booknlp,COREF,85,himself,28716,28723,10,68,3,M_416
exp,exp_name,emma,Emma,28807,28811,0,68,3,M_417
booknlp,COREF,85,him,28847,28850,10,68,3,M_418
exp,exp_name,mr. knightley,Mr. Knightley,28904,28917,6,69,3,M_419
exp,exp_name,mr. elton,Mr. Elton,28926,28935,8,69,3,M_420
booknlp,COREF,150,his,29031,29034,8,69,3,M_421
exp,exp_name,mr. woodhouse,Mr. Woodhouse,29088,29101,10,69,3,M_422
booknlp,COREF,150,his,29136,29139,8,69,3,M_423
exp,exp_name,miss bates,Miss Bates,29278,29288,7,70,3,M_424
exp,exp_name,mr. woodhouse,Mr. Woodhouse,29436,29449,10,70,3,M_425
exp,exp_name,mrs. bates,Mrs. Bates,29575,29585,11,71,3,M_426
booknlp,COREF,111,She,29696,29699,11,71,3,M_427
booknlp,COREF,111,her,29711,29714,11,71,3,M_428
booknlp,COREF,111,Her,29877,29880,11,71,3,M_429
exp,exp_name,miss bates,Miss Bates,29991,30001,7,71,3,M_430
exp,exp_name,mr. woodhouse,Mr. Woodhouse,31105,31118,10,71,3,M_431
exp,exp_name,mr. woodhouse,Mr. Woodhouse,32353,32366,10,72,3,M_432
booknlp,COREF,85,his,32384,32387,10,72,3,M_433
booknlp,COREF,85,his,32522,32525,10,72,3,M_434
exp,exp_name,emma,Emma,32564,32568,0,73,3,M_435
booknlp,COREF,94,herself,32575,32582,0,73,3,M_436
booknlp,COREF,94,she,32630,32633,0,73,3,M_437
booknlp,COREF,94,her,32639,32642,0,73,3,M_438
booknlp,COREF,94,she,32690,32693,0,73,3,M_439
booknlp,COREF,94,herself,32698,32705,0,73,3,M_440
exp,exp_name,mrs. weston,Mrs. Weston,32753,32764,15,73,3,M_441
booknlp,COREF,94,She,32766,32769,0,73,3,M_442
booknlp,COREF,94,her,32791,32794,0,73,3,M_443
booknlp,COREF,94,herself,32847,32854,0,73,3,M_444
booknlp,COREF,94,her,32934,32937,0,73,3,M_445
booknlp,COREF,94,she,33007,33010,0,73,3,M_446
booknlp,COREF,94,she,33042,33045,0,74,3,M_447
exp,exp_name,miss smith,Miss Smith,33222,33232,2,74,3,M_448
booknlp,COREF,94,her,33238,33241,0,74,3,M_449
exp,exp_name,miss smith,Miss Smith,33271,33281,2,74,3,M_450
exp,exp_name,emma,Emma,33312,33316,0,74,3,M_451
booknlp,COREF,112,her,33390,33393,2,74,3,M_452
exp,exp_name,harriet smith,Harriet Smith,33515,33528,2,75,3,M_453
booknlp,COREF,112,her,33587,33590,2,75,3,M_454
booknlp,COREF,112,her,33669,33672,2,75,3,M_455
booknlp,COREF,112,her,33772,33775,2,75,3,M_456
booknlp,COREF,112,She,33785,33788,2,75,3,M_457
booknlp,COREF,112,her,33966,33969,2,75,3,M_458
booknlp,COREF,112,She,33972,33975,2,76,3,M_459
booknlp,COREF,112,her,34004,34007,2,76,3,M_460
exp,exp_name,emma,Emma,34046,34050,0,76,3,M_461
booknlp,COREF,112,She,34073,34076,2,76,3,M_462
exp,exp_name,emma,Emma,34232,34236,0,76,3,M_463
booknlp,COREF,94,her,34262,34265,0,76,3,M_464
booknlp,COREF,94,her,34277,34280,0,76,3,M_465
booknlp,COREF,94,She,34341,34344,0,77,3,M_466
exp,exp_name,miss smith,Miss Smith,34394,34404,2,77,3,M_467
booknlp,COREF,94,she,34425,34428,0,77,3,M_468
booknlp,COREF,112,her,34435,34438,2,77,3,M_469
booknlp,COREF,112,she,34740,34743,2,77,3,M_470
booknlp,COREF,112,she,34767,34770,2,77,3,M_471
booknlp,COREF,112,she,34997,35000,2,77,3,M_472
booknlp,COREF,112,her,35037,35040,2,77,3,M_473
booknlp,COREF,112,she,35064,35067,2,77,3,M_474
booknlp,COREF,112,her,35132,35135,2,77,3,M_475
exp,exp_name,emma,Emma,35189,35193,0,77,3,M_476
exp,exp_name,mr. knightley,Mr. Knightley,35245,35258,6,77,3,M_477
booknlp,COREF,94,she,35316,35319,0,77,3,M_478
booknlp,COREF,94,she,35330,35333,0,77,3,M_479
exp,exp_name,mr. knightley,Mr. Knightley,35339,35352,6,77,3,M_480
booknlp,COREF,112,She,35537,35540,2,77,3,M_481
booknlp,COREF,112,her,35555,35558,2,77,3,M_482
booknlp,COREF,112,she,35560,35563,2,77,3,M_483
booknlp,COREF,112,her,35578,35581,2,77,3,M_484
booknlp,COREF,112,she,35583,35586,2,77,3,M_485
booknlp,COREF,112,her,35600,35603,2,77,3,M_486
booknlp,COREF,112,her,35609,35612,2,77,3,M_487
booknlp,COREF,112,her,35645,35648,2,77,3,M_488
booknlp,COREF,112,she,35668,35671,2,77,3,M_489
booknlp,COREF,112,her,35683,35686,2,77,3,M_490
booknlp,COREF,112,her,35700,35703,2,77,3,M_491
booknlp,COREF,112,her,35796,35799,2,77,3,M_492
booknlp,COREF,112,her,35823,35826,2,77,3,M_493
booknlp,COREF,112,She,35849,35852,2,78,3,M_494
booknlp,COREF,112,she,36096,36099,2,78,3,M_495
booknlp,COREF,112,she,36211,36214,2,78,3,M_496
booknlp,COREF,112,she,36438,36441,2,78,3,M_497
booknlp,COREF,112,she,36566,36569,2,78,3,M_498
exp,exp_name,mr. woodhouse,Mr. Woodhouse,36676,36689,10,79,3,M_499
booknlp,COREF,85,He,36722,36724,10,79,3,M_500
booknlp,COREF,85,his,36790,36793,10,79,3,M_501
booknlp,COREF,85,his,36805,36808,10,79,3,M_502
booknlp,COREF,85,him,36859,36862,10,79,3,M_503
booknlp,COREF,85,his,36914,36917,10,79,3,M_504
booknlp,COREF,85,his,36950,36953,10,79,3,M_505
booknlp,COREF,85,his,36979,36982,10,79,3,M_506
booknlp,COREF,85,him,37010,37013,10,79,3,M_507
booknlp,COREF,85,his,37085,37088,10,80,3,M_508
booknlp,COREF,85,he,37106,37108,10,80,3,M_509
booknlp,COREF,85,he,37166,37168,10,80,3,M_510
booknlp,COREF,85,himself,37185,37192,10,80,3,M_511
pdnc,qID,Q37-0,Mrs. Bates,37265,37275,11,81,3,M_512
pdnc,qID,Q37-0,your,37292,37296,11,81,3,M_513
pdnc,qID,Q37-0,you,37486,37489,11,81,3,M_514
pdnc,qID,Q37-0,you,37531,37534,11,81,3,M_515
pdnc,qID,Q37-0,you,37576,37579,11,81,3,M_516
pdnc,qID,Q37-0,Miss Bates,37581,37591,7,81,3,M_517
pdnc,qID,Q37-0,Emma,37597,37601,0,81,3,M_518
pdnc,qID,Q37-0,you,37607,37610,7,81,3,M_519
pdnc,qID,Q37-0,You,37685,37688,7,81,3,M_520
booknlp,COREF,111,you,37791,37794,11,81,3,M_521
booknlp,COREF,111,you,37911,37914,11,81,3,M_522
exp,exp_name,emma,Emma,37918,37922,0,82,3,M_523
booknlp,COREF,94,her,37931,37934,0,82,3,M_524
booknlp,COREF,94,her,37964,37967,0,82,3,M_525
exp,exp_name,miss smith,Miss Smith,38108,38118,2,82,3,M_526
booknlp,COREF,112,her,38138,38141,2,82,3,M_527
exp,exp_name,miss woodhouse,Miss Woodhouse,38154,38168,0,82,3,M_528
exp,exp_name,miss woodhouse,Miss Woodhouse,38401,38415,0,82,3,M_529
exp,exp_name,harriet smith,Harriet Smith,38509,38522,2,84,4,M_530
booknlp,COREF,94,her,38594,38597,0,84,4,M_531
exp,exp_name,emma,Emma,38604,38608,0,84,4,M_532
booknlp,COREF,112,her,38660,38663,2,84,4,M_533
exp,exp_name,emma,Emma,38786,38790,0,84,4,M_534
booknlp,COREF,94,she,38826,38829,0,84,4,M_535
booknlp,COREF,112,her,38841,38844,2,84,4,M_536
exp,exp_name,mrs. weston,Mrs. Weston,38862,38873,15,84,4,M_537
booknlp,COREF,94,Her,38901,38904,0,84,4,M_538
exp,exp_name,mrs. weston,Mrs. Weston,39055,39066,15,84,4,M_539
booknlp,COREF,94,her,39078,39081,0,84,4,M_540
booknlp,COREF,94,She,39119,39122,0,84,4,M_541
exp,exp_name,harriet smith,Harriet Smith,39191,39204,2,84,4,M_542
booknlp,COREF,94,she,39226,39229,0,84,4,M_543
booknlp,COREF,94,her,39298,39301,0,84,4,M_544
booknlp,COREF,94,she,39339,39342,0,84,4,M_545
booknlp,COREF,112,her,39355,39358,2,84,4,M_546
booknlp,COREF,94,she,39360,39363,0,84,4,M_547
booknlp,COREF,112,her,39373,39376,2,84,4,M_548
booknlp,COREF,112,her,39403,39406,2,84,4,M_549
exp,exp_name,harriet,Harriet,39422,39429,2,85,4,M_550
booknlp,COREF,112,she,39460,39463,2,85,4,M_551
booknlp,COREF,112,she,39580,39583,2,85,4,M_552
booknlp,COREF,112,Her,39598,39601,2,85,4,M_553
booknlp,COREF,112,herself,39622,39629,2,85,4,M_554
booknlp,COREF,112,her,39652,39655,2,85,4,M_555
booknlp,COREF,94,she,39847,39850,0,85,4,M_556
exp,exp_name,harriet smith,Harriet Smith,39874,39887,2,85,4,M_557
booknlp,COREF,94,she,39921,39924,0,85,4,M_558
booknlp,COREF,94,her,39961,39964,0,85,4,M_559
exp,exp_name,mrs. weston,Mrs. Weston,39997,40008,15,85,4,M_560
booknlp,COREF,94,she,40076,40079,0,85,4,M_561
exp,exp_name,mrs. weston,Mrs. Weston,40172,40183,15,85,4,M_562
exp,exp_name,harriet,Harriet,40256,40263,2,85,4,M_563
booknlp,COREF,112,she,40294,40297,2,85,4,M_564
exp,exp_name,mrs. weston,Mrs. Weston,40319,40330,15,85,4,M_565
exp,exp_name,harriet,Harriet,40365,40372,2,85,4,M_566
booknlp,COREF,112,Her,40387,40390,2,86,4,M_567
exp,exp_name,harriet,Harriet,40479,40486,2,86,4,M_568
booknlp,COREF,112,She,40503,40506,2,86,4,M_569
booknlp,COREF,112,her,40540,40543,2,86,4,M_570
exp,exp_name,emma,Emma,40592,40596,0,86,4,M_571
booknlp,COREF,94,she,40623,40626,0,86,4,M_572
booknlp,COREF,94,she,40638,40641,0,86,4,M_573
booknlp,COREF,94,she,40690,40693,0,86,4,M_574
exp,exp_name,harriet,Harriet,40733,40740,2,86,4,M_575
booknlp,COREF,112,She,40761,40764,2,86,4,M_576
booknlp,COREF,112,her,40841,40844,2,86,4,M_577
booknlp,COREF,112,her,41021,41024,2,87,4,M_578
booknlp,COREF,112,her,41129,41132,2,87,4,M_579
booknlp,COREF,112,she,41155,41158,2,87,4,M_580
booknlp,COREF,112,her,41244,41247,2,87,4,M_581
exp,exp_name,emma,Emma,41312,41316,0,87,4,M_582
booknlp,COREF,112,her,41328,41331,2,87,4,M_583
exp,exp_name,harriet,Harriet,42874,42881,2,89,4,M_584
exp,exp_name,harriet,Harriet,42952,42959,2,89,4,M_585
booknlp,COREF,112,her,43187,43190,2,89,4,M_586
booknlp,COREF,112,she,43213,43216,2,89,4,M_587
booknlp,COREF,112,she,43235,43238,2,89,4,M_588
booknlp,COREF,112,her,43376,43379,2,89,4,M_589
booknlp,COREF,112,She,43381,43384,2,89,4,M_590
booknlp,COREF,112,She,43443,43446,2,89,4,M_591
booknlp,COREF,112,she,43541,43544,2,89,4,M_592
booknlp,COREF,112,She,43624,43627,2,89,4,M_593
booknlp,COREF,112,her,43734,43737,2,89,4,M_594
exp,exp_name,emma,Emma,44020,44024,0,90,4,M_595
booknlp,COREF,94,I,44360,44361,0,92,4,M_596
pdnc,qID,Q42-0,you,44546,44549,0,93,4,M_597
pdnc,qID,Q44-0,you,45271,45274,0,96,4,M_598
pdnc,qID,Q44-0,you,45303,45306,0,96,4,M_599
pdnc,qID,Q44-0,you,45440,45443,0,96,4,M_600
pdnc,qID,Q46-0,you,46050,46053,0,98,4,M_601
pdnc,qID,Q46-0,you,46098,46101,0,98,4,M_602
pdnc,qID,Q47-0,you,46267,46270,2,99,4,M_603
pdnc,qID,Q50-0,Dear Miss Woodhouse,46818,46837,0,102,4,M_604
pdnc,qID,Q53-0,you,47558,47561,2,105,4,M_605
pdnc,qID,Q53-0,Harriet,47589,47596,2,105,4,M_606
pdnc,qID,Q53-0,you,47821,47824,2,105,4,M_607
pdnc,qID,Q53-0,your,47854,47858,2,105,4,M_608
pdnc,qID,Q53-0,you,47879,47882,2,105,4,M_609
pdnc,qID,Q53-0,your,47910,47914,2,105,4,M_610
pdnc,qID,Q53-0,your,47952,47956,2,105,4,M_611
pdnc,qID,Q53-0,you,47991,47994,2,105,4,M_612
pdnc,qID,Q53-0,your,48008,48012,2,105,4,M_613
pdnc,qID,Q53-0,your,48057,48061,2,105,4,M_614
pdnc,qID,Q53-0,you,48144,48147,2,105,4,M_615
pdnc,qID,Q54-0,you,48226,48229,0,106,4,M_616
pdnc,qID,Q54-0,Miss Woodhouse,48249,48263,0,106,4,M_617
pdnc,qID,Q55-0,You,48309,48312,2,107,4,M_618
pdnc,qID,Q55-0,Harriet,48360,48367,2,107,4,M_619
pdnc,qID,Q55-0,you,48386,48389,2,107,4,M_620
pdnc,qID,Q55-0,Miss Woodhouse,48472,48486,0,107,4,M_621
pdnc,qID,Q55-0,you,48502,48505,2,107,4,M_622
pdnc,qID,Q55-0,you,48644,48647,2,107,4,M_623
pdnc,qID,Q55-0,you,48712,48715,2,107,4,M_624
pdnc,qID,Q55-0,your,48739,48743,2,107,4,M_625
pdnc,qID,Q56-0,yours,49062,49067,0,108,4,M_626
exp,exp_name,emma,Emma,49405,49409,0,109,4,M_627
booknlp,COREF,94,her,49418,49421,0,109,4,M_628
booknlp,COREF,94,she,49547,49550,0,109,4,M_629
exp,exp_name,harriet,Harriet,49634,49641,2,109,4,M_630
booknlp,COREF,112,her,49688,49691,2,109,4,M_631
booknlp,COREF,94,her,49834,49837,0,110,4,M_632
booknlp,COREF,94,her,49882,49885,0,110,4,M_633
exp,exp_name,emma,Emma,49897,49901,0,110,4,M_634
booknlp,COREF,94,her,50026,50029,0,110,4,M_635
booknlp,COREF,94,she,50248,50251,0,110,4,M_636
exp,exp_name,harriet,Harriet,50305,50312,2,110,4,M_637
exp,exp_name,harriet,Harriet,50328,50335,2,110,4,M_638
booknlp,COREF,112,she,50366,50369,2,110,4,M_639
booknlp,COREF,112,her,50394,50397,2,110,4,M_640
exp,exp_name,miss woodhouse,Miss Woodhouse,50556,50570,0,111,4,M_641
exp,exp_name,harriet,Harriet,50601,50608,2,111,4,M_642
booknlp,COREF,94,her,50630,50633,0,111,4,M_643
exp,exp_name,miss woodhouse,Miss Woodhouse,50690,50704,0,111,4,M_644
pdnc,qID,Q57-0,Miss Woodhouse,51160,51174,0,112,4,M_645
pdnc,qID,Q57-0,you,51192,51195,0,112,4,M_646
pdnc,qID,Q57-0,you,51214,51217,0,112,4,M_647
pdnc,qID,Q57-0,you,51235,51238,0,112,4,M_648
booknlp,COREF,94,I,51381,51382,0,113,4,M_649
booknlp,COREF,94,I,51416,51417,0,113,4,M_650
booknlp,COREF,94,I,51443,51444,0,113,4,M_651
booknlp,COREF,94,I,51516,51517,0,113,4,M_652
booknlp,COREF,94,I,51536,51537,0,113,4,M_653
exp,exp_name,harriet,Harriet,51602,51609,2,114,4,M_654
booknlp,COREF,94,I,51677,51678,0,115,4,M_655
pdnc,qID,Q60-0,Harriet,51686,51693,2,115,4,M_656
booknlp,COREF,112,your,51701,51705,2,115,4,M_657
pdnc,qID,Q60-0,you,51728,51731,2,115,4,M_658
pdnc,qID,Q60-0,you,51807,51810,2,115,4,M_659
booknlp,COREF,112,yourself,51816,51824,2,115,4,M_660
pdnc,qID,Q60-0,you,51884,51887,2,115,4,M_661
booknlp,COREF,94,I,51950,51951,0,115,4,M_662
pdnc,qID,Q60-0,you,51995,51998,2,115,4,M_663
booknlp,COREF,112,yourself,52120,52128,2,115,4,M_664
pdnc,qID,Q60-0,you,52189,52192,2,115,4,M_665
pdnc,qID,Q60-0,you,52226,52229,2,115,4,M_666
booknlp,COREF,94,I,52238,52239,0,115,4,M_667
pdnc,qID,Q60-0,you,52248,52251,2,115,4,M_668
booknlp,COREF,94,I,52350,52351,0,115,4,M_669
booknlp,COREF,94,I,52386,52387,0,115,4,M_670
pdnc,qID,Q61-0,Mr. Knightley,52429,52442,6,116,4,M_671
pdnc,qID,Q61-0,Mr. Knightley,52493,52506,6,116,4,M_672
booknlp,COREF,112,I,52508,52509,2,116,4,M_673
pdnc,qID,Q61-0,Mr. Knightley,52547,52560,6,116,4,M_674
pdnc,qID,Q62-0,Mr. Knightley,52587,52600,6,117,4,M_675
pdnc,qID,Q62-0,him,52677,52680,6,117,4,M_676
pdnc,qID,Q62-0,You,52683,52686,2,117,4,M_677
pdnc,qID,Q62-0,Mr. Knightley,52760,52773,6,117,4,M_678
pdnc,qID,Q62-0,he,52779,52781,6,117,4,M_679
pdnc,qID,Q62-0,you,52808,52811,2,117,4,M_680
pdnc,qID,Q62-0,you,52847,52850,2,117,4,M_681
pdnc,qID,Q62-0,Mr. Weston,52854,52864,9,117,4,M_682
pdnc,qID,Q62-0,Mr. Elton,52869,52878,8,117,4,M_683
pdnc,qID,Q62-0,You,53009,53012,2,117,4,M_684
pdnc,qID,Q63-0,Mr. Weston,53083,53093,9,118,4,M_685
pdnc,qID,Q63-0,Mr. Weston,53116,53126,9,118,4,M_686
pdnc,qID,Q64-0,his,53175,53178,9,119,4,M_687
pdnc,qID,Q64-0,Harriet,53237,53244,2,119,4,M_688
pdnc,qID,Q64-0,Mr. Weston,53505,53515,9,119,4,M_689
exp,exp_name,harriet,Harriet,53572,53579,2,120,4,M_690
pdnc,qID,Q68-0,you,53933,53936,2,123,4,M_691
booknlp,COREF,112,I,54106,54107,2,123,4,M_692
booknlp,COREF,94,I,54239,54240,0,124,4,M_693
exp,exp_name,harriet,Harriet,54287,54294,2,124,4,M_694
exp,exp_name,emma,Emma,54357,54361,0,124,4,M_695
booknlp,COREF,112,She,54402,54405,2,124,4,M_696
booknlp,COREF,112,Her,54446,54449,2,124,4,M_697
pdnc,qID,Q70-0,Mr. Elton,54497,54506,8,125,4,M_698
pdnc,qID,Q70-0,Mr. Knightley,54533,54546,6,125,4,M_699
pdnc,qID,Q70-0,Mr. Weston,54552,54562,9,125,4,M_700
pdnc,qID,Q70-0,Mr. Weston,54698,54708,9,125,4,M_701
pdnc,qID,Q70-0,him,54737,54740,9,125,4,M_702
pdnc,qID,Q70-0,Mr. Knightley,54839,54852,6,125,4,M_703
pdnc,qID,Q70-0,him,54919,54922,6,125,4,M_704
pdnc,qID,Q70-0,his,54935,54938,6,125,4,M_705
pdnc,qID,Q70-0,him,55044,55047,6,125,4,M_706
booknlp,COREF,150,he,55049,55051,8,125,4,M_707
booknlp,COREF,112,I,55094,55095,2,125,4,M_708
pdnc,qID,Q70-0,Mr. Elton,55155,55164,8,125,4,M_709
pdnc,qID,Q70-0,Mr. Elton,55177,55186,8,125,4,M_710
pdnc,qID,Q70-0,He,55237,55239,8,125,4,M_711
booknlp,COREF,112,me,55249,55251,2,125,4,M_712
booknlp,COREF,112,I,55293,55294,2,125,4,M_713
pdnc,qID,Q70-0,he,55315,55317,8,125,4,M_714
booknlp,COREF,150,himself,55349,55356,8,125,4,M_715
pdnc,qID,Q70-0,Harriet,55376,55383,2,125,4,M_716
booknlp,COREF,112,me,55424,55426,2,125,4,M_717
pdnc,qID,Q70-0,his,55432,55435,8,125,4,M_718
pdnc,qID,Q70-0,he,55480,55482,8,125,4,M_719
pdnc,qID,Q70-0,you,55521,55524,2,125,4,M_720
booknlp,COREF,112,I,55534,55535,2,125,4,M_721
pdnc,qID,Q70-0,you,55541,55544,2,125,4,M_722
pdnc,qID,Q70-0,he,55550,55552,8,125,4,M_723
pdnc,qID,Q70-0,you,55561,55564,2,125,4,M_724
exp,exp_name,mr. elton,Mr. Elton,55651,55660,8,126,4,M_725
exp,exp_name,harriet,Harriet,55695,55702,2,126,4,M_726
booknlp,COREF,112,she,55732,55735,2,126,4,M_727
exp,exp_name,mr. elton,Mr. Elton,55755,55764,8,126,4,M_728
exp,exp_name,mr. elton,Mr. Elton,55782,55791,8,127,4,M_729
exp,exp_name,emma,Emma,55824,55828,0,127,4,M_730
exp,exp_name,harriet,Harriet,55865,55872,2,127,4,M_731
booknlp,COREF,94,She,55881,55884,0,127,4,M_732
booknlp,COREF,94,her,55985,55988,0,127,4,M_733
booknlp,COREF,94,She,56024,56027,0,127,4,M_734
booknlp,COREF,94,her,56153,56156,0,127,4,M_735
booknlp,COREF,94,her,56200,56203,0,127,4,M_736
exp,exp_name,harriet,Harriet,56243,56250,2,127,4,M_737
booknlp,COREF,94,she,56285,56288,0,127,4,M_738
booknlp,COREF,94,her,56320,56323,0,127,4,M_739
exp,exp_name,mr. elton,Mr. Elton,56349,56358,8,127,4,M_740
booknlp,COREF,150,himself,56410,56417,8,127,4,M_741
exp,exp_name,harriet,Harriet,56533,56540,2,127,4,M_742
booknlp,COREF,150,He,56542,56544,8,127,4,M_743
booknlp,COREF,112,her,56572,56575,2,127,4,M_744
exp,exp_name,emma,Emma,56581,56585,0,127,4,M_745
booknlp,COREF,150,he,56672,56674,8,127,4,M_746
booknlp,COREF,94,she,56724,56727,0,127,4,M_747
booknlp,COREF,150,him,56751,56754,8,127,4,M_748
booknlp,COREF,94,She,56887,56890,0,128,4,M_749
booknlp,COREF,94,herself,56913,56920,0,128,4,M_750
booknlp,COREF,150,he,56926,56928,8,128,4,M_751
exp,exp_name,harriet,Harriet,56937,56944,2,128,4,M_752
booknlp,COREF,94,she,56969,56972,0,128,4,M_753
booknlp,COREF,150,his,57049,57052,8,128,4,M_754
exp,exp_name,harriet,Harriet,57066,57073,2,128,4,M_755
booknlp,COREF,150,him,57140,57143,8,128,4,M_756
booknlp,COREF,150,he,57194,57196,8,128,4,M_757
booknlp,COREF,150,He,57289,57291,8,128,4,M_758
booknlp,COREF,150,his,57320,57323,8,128,4,M_759
booknlp,COREF,94,her,57370,57373,0,128,4,M_760
booknlp,COREF,94,she,57423,57426,0,128,4,M_761
exp,exp_name,mr. elton,Mr. Elton,57590,57599,8,128,4,M_762
booknlp,COREF,94,your,57649,57653,0,130,5,M_763
pdnc,qID,Q71-0,Mrs. Weston,57670,57681,15,130,5,M_764
exp,exp_name,mr. knightley,Mr. Knightley,57689,57702,6,130,5,M_765
pdnc,qID,Q71-1,Emma,57736,57740,0,130,5,M_766
pdnc,qID,Q71-1,Harriet Smith,57745,57758,2,130,5,M_767
pdnc,qID,Q72-0,you,57807,57810,6,131,5,M_768
pdnc,qID,Q74-0,You,57912,57915,6,133,5,M_769
booknlp,COREF,94,me,57925,57927,0,133,5,M_770
pdnc,qID,Q74-0,Emma,57929,57933,0,133,5,M_771
pdnc,qID,Q74-0,Harriet,57942,57949,2,133,5,M_772
booknlp,COREF,112,her,57973,57976,2,133,5,M_773
pdnc,qID,Q74-0,Harriet,58008,58015,2,133,5,M_774
pdnc,qID,Q74-0,Emma,58034,58038,0,133,5,M_775
booknlp,COREF,94,I,58045,58046,0,133,5,M_776
pdnc,qID,Q74-0,Emma,58248,58252,0,133,5,M_777
pdnc,qID,Q74-0,Mr. Knightley,58254,58267,6,133,5,M_778
pdnc,qID,Q75-0,you,58280,58283,15,134,5,M_779
pdnc,qID,Q75-0,you,58327,58330,15,134,5,M_780
pdnc,qID,Q75-0,Weston,58340,58346,9,134,5,M_781
pdnc,qID,Q75-0,you,58367,58370,15,134,5,M_782
pdnc,qID,Q75-0,your,58388,58392,15,134,5,M_783
pdnc,qID,Q76-0,Mr. Weston,58408,58418,9,135,5,M_784
booknlp,COREF,94,me,58445,58447,0,135,5,M_785
pdnc,qID,Q76-0,he,58452,58454,9,135,5,M_786
pdnc,qID,Q76-0,he,58470,58472,9,135,5,M_787
booknlp,COREF,94,I,58491,58492,0,135,5,M_788
pdnc,qID,Q76-0,Emma,58589,58593,0,135,5,M_789
booknlp,COREF,94,her,58644,58647,0,135,5,M_790
pdnc,qID,Q76-0,Mr. Knightley,58667,58680,6,135,5,M_791
booknlp,COREF,94,I,58682,58683,0,135,5,M_792
pdnc,qID,Q76-0,you,58700,58703,6,135,5,M_793
pdnc,qID,Q76-0,You,58737,58740,6,135,5,M_794
pdnc,qID,Q76-0,you,58778,58781,6,135,5,M_795
booknlp,COREF,94,I,58964,58965,0,135,5,M_796
pdnc,qID,Q76-0,your,58978,58982,6,135,5,M_797
pdnc,qID,Q76-0,Harriet Smith,58996,59009,2,135,5,M_798
pdnc,qID,Q76-0,She,59011,59014,2,135,5,M_799
pdnc,qID,Q76-0,Emma,59053,59057,0,135,5,M_800
pdnc,qID,Q76-0,Emma,59106,59110,0,135,5,M_801
pdnc,qID,Q76-0,her,59124,59127,2,135,5,M_802
pdnc,qID,Q76-0,her,59173,59176,0,135,5,M_803
booknlp,COREF,94,herself,59190,59197,0,135,5,M_804
pdnc,qID,Q76-0,She,59224,59227,0,135,5,M_805
booknlp,COREF,94,I,59238,59239,0,135,5,M_806
pdnc,qID,Q77-0,Emma,59249,59253,0,136,5,M_807
pdnc,qID,Q77-0,she,59295,59298,0,136,5,M_808
pdnc,qID,Q77-0,her,59355,59358,0,136,5,M_809
pdnc,qID,Q77-0,she,59401,59404,0,136,5,M_810
pdnc,qID,Q77-0,she,59582,59585,0,136,5,M_811
pdnc,qID,Q77-0,her,59641,59644,0,136,5,M_812
pdnc,qID,Q77-0,she,59716,59719,0,136,5,M_813
pdnc,qID,Q77-0,Emma,59825,59829,0,136,5,M_814
pdnc,qID,Q77-0,She,59831,59834,0,136,5,M_815
pdnc,qID,Q77-0,Miss Taylor,59957,59968,15,136,5,M_816
pdnc,qID,Q77-0,Harriet Smith,60015,60028,2,136,5,M_817
pdnc,qID,Q77-0,You,60047,60050,15,136,5,M_818
pdnc,qID,Q77-0,her,60072,60075,0,136,5,M_819
pdnc,qID,Q77-0,you,60100,60103,15,136,5,M_820
pdnc,qID,Q77-0,You,60113,60116,15,136,5,M_821
pdnc,qID,Q77-0,you,60122,60125,15,136,5,M_822
exp,exp_name,mrs. weston,Mrs. Weston,60161,60172,15,137,5,M_823
pdnc,qID,Q78-1,Emma,60258,60262,0,137,5,M_824
exp,exp_name,mr. knightley,Mr. Knightley,60375,60388,6,138,5,M_825
pdnc,qID,Q80-1,Emma,60550,60554,0,138,5,M_826
pdnc,qID,Q80-1,her,60592,60595,0,138,5,M_827
pdnc,qID,Q80-1,she,60622,60625,0,138,5,M_828
pdnc,qID,Q80-1,her sister,60693,60703,3,138,5,M_829
pdnc,qID,Q80-1,She,60718,60721,0,138,5,M_830
pdnc,qID,Q80-1,Isabella,60752,60760,3,138,5,M_831
booknlp,COREF,94,she,60796,60799,0,138,5,M_832
pdnc,qID,Q80-1,Emma,60812,60816,0,138,5,M_833
pdnc,qID,Q80-1,her,60867,60870,0,138,5,M_834
pdnc,qID,Q80-1,she,60878,60881,0,138,5,M_835
pdnc,qID,Q80-1,her,60921,60924,0,138,5,M_836
pdnc,qID,Q80-1,She,60926,60929,0,138,5,M_837
pdnc,qID,Q80-1,her,60939,60942,0,138,5,M_838
pdnc,qID,Q80-1,her,61000,61003,0,138,5,M_839
pdnc,qID,Q81-0,Mr. Knightley,61034,61047,6,139,5,M_840
pdnc,qID,Q81-0,your,61069,61073,6,139,5,M_841
pdnc,qID,Q81-0,Mr. Woodhouse,61105,61118,10,139,5,M_842
pdnc,qID,Q81-0,you,61173,61176,6,139,5,M_843
pdnc,qID,Q81-0,you,61237,61240,6,139,5,M_844
pdnc,qID,Q82-1,You,61316,61319,15,140,5,M_845
pdnc,qID,Q82-1,you,61403,61406,15,140,5,M_846
pdnc,qID,Q82-1,you,61468,61471,15,140,5,M_847
pdnc,qID,Q82-1,You,61491,61494,15,140,5,M_848
pdnc,qID,Q82-1,Emma,61510,61514,0,140,5,M_849
pdnc,qID,Q82-1,you,61583,61586,15,140,5,M_850
pdnc,qID,Q82-1,her,61630,61633,0,140,5,M_851
pdnc,qID,Q82-1,you,61717,61720,15,140,5,M_852
pdnc,qID,Q82-1,Weston,61738,61744,9,140,5,M_853
pdnc,qID,Q82-1,him,61771,61774,9,140,5,M_854
pdnc,qID,Q82-1,Miss Taylor,61813,61824,15,140,5,M_855
pdnc,qID,Q83-0,you,61835,61838,6,141,5,M_856
pdnc,qID,Q83-0,Mr. Weston,61911,61921,9,141,5,M_857
pdnc,qID,Q84-0,you,61961,61964,15,142,5,M_858
pdnc,qID,Q84-0,Weston,62095,62101,9,142,5,M_859
pdnc,qID,Q84-0,his son,62152,62159,1,142,5,M_860
pdnc,qID,Q84-0,him,62171,62174,9,142,5,M_861
pdnc,qID,Q85-0,Mr. Knightley,62221,62234,6,143,5,M_862
pdnc,qID,Q86-0,Emma,62345,62349,0,144,5,M_863
pdnc,qID,Q86-0,the young man,62416,62429,1,144,5,M_864
exp,exp_name,weston,Weston,62439,62445,9,144,5,M_865
exp,exp_name,churchill,Churchill,62462,62471,1,144,5,M_866
pdnc,qID,Q86-0,Harriet Smith,62489,62502,2,144,5,M_867
pdnc,qID,Q86-0,Harriet Smith,62531,62544,2,144,5,M_868
pdnc,qID,Q86-0,her,62554,62557,2,144,5,M_869
pdnc,qID,Q86-0,Emma,62596,62600,0,144,5,M_870
pdnc,qID,Q86-0,She,62622,62625,2,144,5,M_871
booknlp,COREF,112,herself,62640,62647,2,144,5,M_872
pdnc,qID,Q86-0,Emma,62664,62668,0,144,5,M_873
pdnc,qID,Q86-0,She,62693,62696,2,144,5,M_874
pdnc,qID,Q86-0,her,62719,62722,2,144,5,M_875
pdnc,qID,Q86-0,Her,62772,62775,2,144,5,M_876
pdnc,qID,Q86-0,Emma,62814,62818,0,144,5,M_877
pdnc,qID,Q86-0,she,62827,62830,0,144,5,M_878
booknlp,COREF,94,herself,62854,62861,0,144,5,M_879
pdnc,qID,Q86-0,Harriet,62869,62876,2,144,5,M_880
pdnc,qID,Q86-0,Harriet,62933,62940,2,144,5,M_881
pdnc,qID,Q86-0,she,62970,62973,2,144,5,M_882
pdnc,qID,Q86-0,her,63032,63035,2,144,5,M_883
pdnc,qID,Q86-0,she,63077,63080,2,144,5,M_884
pdnc,qID,Q86-0,She,63093,63096,2,144,5,M_885
pdnc,qID,Q86-0,her,63205,63208,2,144,5,M_886
pdnc,qID,Q86-0,Emma,63237,63241,0,144,5,M_887
pdnc,qID,Q86-0,her,63356,63359,0,144,5,M_888
pdnc,qID,Q87-0,Emma,63441,63445,0,145,5,M_889
pdnc,qID,Q87-0,you,63464,63467,6,145,5,M_890
pdnc,qID,Q87-0,her,63495,63498,0,145,5,M_891
pdnc,qID,Q87-0,she,63563,63566,0,145,5,M_892
pdnc,qID,Q88-0,you,63593,63596,15,146,5,M_893
pdnc,qID,Q88-0,her,63618,63621,0,146,5,M_894
pdnc,qID,Q88-0,her,63634,63637,0,146,5,M_895
pdnc,qID,Q88-0,you,63650,63653,15,146,5,M_896
pdnc,qID,Q88-0,Emma,63694,63698,0,146,5,M_897
pdnc,qID,Q89-0,you,63752,63755,6,147,5,M_898
pdnc,qID,Q89-0,Emma,63801,63805,0,147,5,M_899
pdnc,qID,Q90-0,hers,63954,63958,0,148,5,M_900
pdnc,qID,Q91-0,her,64232,64235,0,149,5,M_901
pdnc,qID,Q91-0,her,64250,64253,0,149,5,M_902
pdnc,qID,Q91-0,her,64259,64262,0,149,5,M_903
pdnc,qID,Q91-0,her,64269,64272,0,149,5,M_904
pdnc,qID,Q91-0,Emma,64348,64352,0,149,5,M_905
pdnc,qID,Q91-0,She,64428,64431,0,149,5,M_906
pdnc,qID,Q91-0,Mr. Knightley,64454,64467,6,149,5,M_907
pdnc,qID,Q91-0,she,64476,64479,0,149,5,M_908
pdnc,qID,Q92-0,her,64516,64519,0,150,5,M_909
pdnc,qID,Q92-1,her,64550,64553,0,150,5,M_910
pdnc,qID,Q92-1,you,64558,64561,15,150,5,M_911
pdnc,qID,Q92-1,her,64590,64593,0,150,5,M_912
pdnc,qID,Q92-1,her,64643,64646,0,150,5,M_913
pdnc,qID,Q92-1,she,64694,64697,0,150,5,M_914
pdnc,qID,Q92-1,she,64702,64705,0,150,5,M_915
pdnc,qID,Q92-1,her,64745,64748,0,150,5,M_916
pdnc,qID,Q92-1,Mrs. Weston,64774,64785,15,150,5,M_917
pdnc,qID,Q92-1,Harriet Smith,64830,64843,2,150,5,M_918
pdnc,qID,Q93-0,Mr. Knightley,64896,64909,6,151,5,M_919
pdnc,qID,Q93-0,dear Emma,64986,64995,0,151,5,M_920
pdnc,qID,Q93-0,she,65013,65016,0,151,5,M_921
pdnc,qID,Q93-0,she,65128,65131,0,151,5,M_922
pdnc,qID,Q93-0,she,65168,65171,0,151,5,M_923
pdnc,qID,Q93-0,she,65210,65213,0,151,5,M_924
pdnc,qID,Q93-0,Emma,65250,65254,0,151,5,M_925
pdnc,qID,Q93-0,she,65266,65269,0,151,5,M_926
pdnc,qID,Q94-0,you,65335,65338,15,152,5,M_927
pdnc,qID,Q94-0,Emma,65349,65353,0,152,5,M_928
pdnc,qID,Q94-0,John,65431,65435,5,152,5,M_929
pdnc,qID,Q94-0,Isabella,65440,65448,3,152,5,M_930
pdnc,qID,Q94-0,John,65450,65454,5,152,5,M_931
pdnc,qID,Q94-0,Emma,65461,65465,0,152,5,M_932
pdnc,qID,Q94-0,Isabella,65525,65533,3,152,5,M_933
pdnc,qID,Q94-0,he,65551,65553,5,152,5,M_934
pdnc,qID,Q94-0,he,65572,65574,5,152,5,M_935
pdnc,qID,Q95-0,her,65698,65701,0,153,5,M_936
pdnc,qID,Q95-0,Mr. Knightley,65757,65770,6,153,5,M_937
pdnc,qID,Q95-0,you,65814,65817,6,153,5,M_938
pdnc,qID,Q95-0,Emma,65875,65879,0,153,5,M_939
pdnc,qID,Q95-0,Harriet Smith,65981,65994,2,153,5,M_940
pdnc,qID,Q95-0,you,66051,66054,6,153,5,M_941
pdnc,qID,Q95-0,Emma,66176,66180,0,153,5,M_942
pdnc,qID,Q95-0,her father,66208,66218,10,153,5,M_943
booknlp,COREF,94,herself,66327,66334,0,153,5,M_944
pdnc,qID,Q95-0,you,66395,66398,6,153,5,M_945
pdnc,qID,Q95-0,Mr. Knightley,66420,66433,6,153,5,M_946
pdnc,qID,Q96-1,you,66517,66520,15,154,5,M_947
pdnc,qID,Q96-1,your,66590,66594,15,154,5,M_948
pdnc,qID,Q97-0,Mrs. John Knightley,66651,66670,3,155,5,M_949
pdnc,qID,Q97-0,her sister,66722,66732,0,155,5,M_950
pdnc,qID,Q98-1,Emma,66862,66866,0,156,5,M_951
pdnc,qID,Q98-1,Isabella,66868,66876,3,156,5,M_952
pdnc,qID,Q98-1,Emma,67025,67029,0,156,5,M_953
pdnc,qID,Q98-1,her,67060,67063,0,156,5,M_954
exp,exp_name,mrs. weston,Mrs. Weston,67083,67094,15,157,5,M_955
pdnc,qID,Q100-0,She,67118,67121,0,158,5,M_956
pdnc,qID,Q100-0,she,67138,67141,0,158,5,M_957
pdnc,qID,Q100-0,she,67229,67232,0,158,5,M_958
pdnc,qID,Q100-0,she,67257,67260,0,158,5,M_959
pdnc,qID,Q100-0,her,67304,67307,0,158,5,M_960
pdnc,qID,Q100-0,Emma,67375,67379,0,158,5,M_961
pdnc,qID,Q100-0,her,67432,67435,0,158,5,M_962
pdnc,qID,Q100-0,her,67483,67486,0,158,5,M_963
pdnc,qID,Q100-0,she,67492,67495,0,158,5,M_964
pdnc,qID,Q101-0,her,67569,67572,0,159,5,M_965
pdnc,qID,Q101-0,her,67582,67585,0,159,5,M_966
exp,exp_name,mrs. weston,Mrs. Weston,67615,67626,15,159,5,M_967
pdnc,qID,Q101-1,she,67655,67658,0,159,5,M_968
pdnc,qID,Q101-1,her,67699,67702,0,159,5,M_969
pdnc,qID,Q101-1,poor Mr. Woodhouse,67777,67795,10,159,5,M_970
pdnc,qID,Q101-1,Emma,67850,67854,0,159,5,M_971
pdnc,qID,Q101-1,you,67903,67906,6,159,5,M_972
exp,exp_name,mr. weston,Mr. Weston,67984,67994,9,160,5,M_973
exp,exp_name,emma,Emma,68075,68079,0,160,5,M_974
exp,exp_name,mr. knightley,Mr. Knightley,68171,68184,6,160,5,M_975
pdnc,qID,Q102-0,Weston,68220,68226,9,160,5,M_976
booknlp,COREF,86,he,68289,68291,9,160,5,M_977
exp,exp_name,emma,Emma,68360,68364,0,162,6,M_978
exp,exp_name,harriet,Harriet,68404,68411,2,162,6,M_979
exp,exp_name,mr. elton,Mr. Elton,68565,68574,8,162,6,M_980
booknlp,COREF,150,his,68701,68704,8,162,6,M_981
exp,exp_name,harriet,Harriet,68796,68803,2,162,6,M_982
exp,exp_name,mr. elton,Mr. Elton,68875,68884,8,162,6,M_983
booknlp,COREF,150,him,68990,68993,8,162,6,M_984
booknlp,COREF,150,He,68995,68997,8,162,6,M_985
exp,exp_name,harriet,Harriet,69008,69015,2,162,6,M_986
booknlp,COREF,112,her,69029,69032,2,162,6,M_987
booknlp,COREF,150,His,69124,69127,8,162,6,M_988
exp,exp_name,harriet,Harriet,69170,69177,2,162,6,M_989
booknlp,COREF,112,her,69194,69197,2,162,6,M_990
booknlp,COREF,150,his,69270,69273,8,162,6,M_991
pdnc,qID,Q103-0,You,69296,69299,0,163,6,M_992
pdnc,qID,Q103-0,Miss Smith,69311,69321,2,163,6,M_993
pdnc,qID,Q103-0,she,69331,69334,2,163,6,M_994
booknlp,COREF,150,he,69351,69353,8,163,6,M_995
pdnc,qID,Q103-1,you,69356,69359,0,163,6,M_996
pdnc,qID,Q103-1,her,69370,69373,2,163,6,M_997
pdnc,qID,Q103-1,She,69393,69396,2,163,6,M_998
booknlp,COREF,112,she,69427,69430,2,163,6,M_999
pdnc,qID,Q103-1,you,69439,69442,0,163,6,M_1000
booknlp,COREF,150,my,69452,69454,8,163,6,M_1001
pdnc,qID,Q103-1,you,69480,69483,0,163,6,M_1002
pdnc,qID,Q103-1,she,69527,69530,2,163,6,M_1003
booknlp,COREF,112,I,69556,69557,2,164,6,M_1004
pdnc,qID,Q104-0,you,69566,69569,8,164,6,M_1005
booknlp,COREF,112,I,69576,69577,2,164,6,M_1006
pdnc,qID,Q104-0,her,69598,69601,2,164,6,M_1007
pdnc,qID,Q104-0,Harriet,69607,69614,2,164,6,M_1008
pdnc,qID,Q104-0,She,69677,69680,2,164,6,M_1009
booknlp,COREF,112,herself,69749,69756,2,164,6,M_1010
booknlp,COREF,112,I,69758,69759,2,164,6,M_1011
exp,exp_name,mr. elton,Mr. Elton,69848,69857,8,165,6,M_1012
booknlp,COREF,112,I,69862,69863,2,166,6,M_1013
pdnc,qID,Q106-0,her,69883,69886,2,166,6,M_1014
pdnc,qID,Q106-0,her,69936,69939,2,166,6,M_1015
pdnc,qID,Q106-0,her,69983,69986,2,166,6,M_1016
booknlp,COREF,112,I,70152,70153,2,168,6,M_1017
booknlp,COREF,112,I,70163,70164,2,168,6,M_1018
exp,exp_name,harriet,Harriet,70434,70441,2,169,6,M_1019
pdnc,qID,Q110-0,you,70459,70462,2,170,6,M_1020
pdnc,qID,Q110-0,your,70473,70477,2,170,6,M_1021
pdnc,qID,Q110-0,Harriet,70494,70501,2,170,6,M_1022
pdnc,qID,Q110-1,you,70519,70522,2,170,6,M_1023
pdnc,qID,Q110-1,your,70536,70540,2,170,6,M_1024
exp,exp_name,harriet,Harriet,70552,70559,2,171,6,M_1025
booknlp,COREF,112,she,70693,70696,2,173,6,M_1026
exp,exp_name,emma,Emma,70716,70720,0,173,6,M_1027
pdnc,qID,Q112-0,her,70781,70784,2,174,6,M_1028
booknlp,COREF,94,I,70795,70796,0,174,6,M_1029
booknlp,COREF,94,I,70826,70827,0,174,6,M_1030
pdnc,qID,Q112-0,her,70851,70854,2,174,6,M_1031
booknlp,COREF,94,myself,70864,70870,0,174,6,M_1032
pdnc,qID,Q112-0,You,70872,70875,8,174,6,M_1033
booknlp,COREF,94,I,70891,70892,0,174,6,M_1034
booknlp,COREF,94,I,70930,70931,0,174,6,M_1035
booknlp,COREF,94,my,71000,71002,0,174,6,M_1036
booknlp,COREF,94,I,71095,71096,0,174,6,M_1037
booknlp,COREF,94,I,71132,71133,0,174,6,M_1038
pdnc,qID,Q112-0,Harriet,71159,71166,2,174,6,M_1039
booknlp,COREF,94,me,71180,71182,0,174,6,M_1040
pdnc,qID,Q112-0,her,71219,71222,2,174,6,M_1041
booknlp,COREF,150,me,71239,71241,8,175,6,M_1042
pdnc,qID,Q113-0,you,71250,71253,0,175,6,M_1043
exp,exp_name,mr. elton,Mr. Elton,71262,71271,8,175,6,M_1044
booknlp,COREF,150,me,71308,71310,8,175,6,M_1045
pdnc,qID,Q113-1,you,71319,71322,0,175,6,M_1046
pdnc,qID,Q113-1,Miss Woodhouse,71324,71338,0,175,6,M_1047
pdnc,qID,Q113-1,your friend,71386,71397,2,175,6,M_1048
booknlp,COREF,150,I,71399,71400,8,175,6,M_1049
pdnc,qID,Q113-1,your,71411,71415,0,175,6,M_1050
pdnc,qID,Q113-1,you,71440,71443,0,175,6,M_1051
booknlp,COREF,150,me,71452,71454,8,175,6,M_1052
pdnc,qID,Q113-1,your,71503,71507,0,175,6,M_1053
pdnc,qID,Q113-1,Mrs. Weston,71544,71555,15,175,6,M_1054
pdnc,qID,Q113-1,her,71589,71592,15,175,6,M_1055
exp,exp_name,emma,Emma,71646,71650,0,176,6,M_1056
booknlp,COREF,94,You,71704,71707,0,176,6,M_1057
booknlp,COREF,150,mine,71771,71775,8,176,6,M_1058
booknlp,COREF,94,your,71782,71786,0,176,6,M_1059
exp,exp_name,harriet,Harriet,71800,71807,2,176,6,M_1060
pdnc,qID,Q114-0,you,71826,71829,8,176,6,M_1061
booknlp,COREF,94,me,71835,71837,0,176,6,M_1062
pdnc,qID,Q114-0,Mr. Elton,71863,71872,8,176,6,M_1063
booknlp,COREF,94,I,71874,71875,0,176,6,M_1064
booknlp,COREF,94,I,71884,71885,0,176,6,M_1065
booknlp,COREF,94,I,71901,71902,0,176,6,M_1066
pdnc,qID,Q114-0,Harriet,71911,71918,2,176,6,M_1067
booknlp,COREF,94,I,72161,72162,0,177,6,M_1068
booknlp,COREF,94,your,72183,72187,0,177,6,M_1069
pdnc,qID,Q115-0,you,72223,72226,0,177,6,M_1070
pdnc,qID,Q115-0,your,72262,72266,0,177,6,M_1071
booknlp,COREF,94,I,72313,72314,0,178,6,M_1072
exp,exp_name,mr. elton,Mr. Elton,72326,72335,8,178,6,M_1073
pdnc,qID,Q116-0,Harriet,72337,72344,2,178,6,M_1074
pdnc,qID,Q116-0,She,72367,72370,2,178,6,M_1075
pdnc,qID,Q116-0,her,72391,72394,2,178,6,M_1076
booknlp,COREF,94,you,72415,72418,0,178,6,M_1077
pdnc,qID,Q116-0,her,72427,72430,2,178,6,M_1078
booknlp,COREF,94,me,72451,72453,0,178,6,M_1079
booknlp,COREF,94,my,72492,72494,0,178,6,M_1080
booknlp,COREF,94,I,72526,72527,0,179,6,M_1081
booknlp,COREF,94,I,72541,72542,0,179,6,M_1082
booknlp,COREF,94,you,72550,72553,0,179,6,M_1083
booknlp,COREF,94,me,72574,72576,0,179,6,M_1084
booknlp,COREF,94,I,72588,72589,0,179,6,M_1085
pdnc,qID,Q117-0,she,72605,72608,2,179,6,M_1086
exp,exp_name,harriet,Harriet,72635,72642,2,180,6,M_1087
booknlp,COREF,112,she,72710,72713,2,180,6,M_1088
exp,exp_name,emma,Emma,72810,72814,0,180,6,M_1089
booknlp,COREF,94,her,72894,72897,0,180,6,M_1090
exp,exp_name,harriet,Harriet,73026,73033,2,180,6,M_1091
booknlp,COREF,94,Her,73035,73038,0,180,6,M_1092
booknlp,COREF,94,She,73174,73177,0,180,6,M_1093
booknlp,COREF,94,she,73319,73322,0,180,6,M_1094
booknlp,COREF,94,She,73345,73348,0,180,6,M_1095
booknlp,COREF,94,she,73458,73461,0,180,6,M_1096
booknlp,COREF,94,she,73504,73507,0,180,6,M_1097
booknlp,COREF,94,She,73574,73577,0,180,6,M_1098
booknlp,COREF,94,her,73606,73609,0,180,6,M_1099
booknlp,COREF,94,she,73659,73662,0,180,6,M_1100
booknlp,COREF,94,her,73723,73726,0,180,6,M_1101
booknlp,COREF,94,her,73864,73867,0,181,6,M_1102
booknlp,COREF,94,her,73982,73985,0,181,6,M_1103
exp,exp_name,miss woodhouse,Miss Woodhouse,74091,74105,0,181,6,M_1104
pdnc,qID,Q118-0,you,74170,74173,8,182,6,M_1105
exp,exp_name,emma,Emma,74181,74185,0,182,6,M_1106
booknlp,COREF,94,I,74188,74189,0,182,6,M_1107
booknlp,COREF,94,my,74199,74201,0,182,6,M_1108
pdnc,qID,Q118-1,my father,74237,74246,10,182,6,M_1109
pdnc,qID,Q118-1,my father,74259,74268,10,182,6,M_1110
pdnc,qID,Q118-1,his,74298,74301,10,182,6,M_1111
pdnc,qID,Q118-1,him,74315,74318,10,182,6,M_1112
booknlp,COREF,94,I,74336,74337,0,182,6,M_1113
pdnc,qID,Q118-1,him,74354,74357,10,182,6,M_1114
pdnc,qID,Q118-1,Mrs. Weston,74407,74418,15,182,6,M_1115
pdnc,qID,Q118-1,you,74448,74451,8,182,6,M_1116
pdnc,qID,Q118-1,Dear Mrs. Weston,74457,74473,15,182,6,M_1117
booknlp,COREF,94,my,74482,74484,0,182,6,M_1118
pdnc,qID,Q118-1,She,74519,74522,15,182,6,M_1119
booknlp,COREF,94,I,74542,74543,0,182,6,M_1120
pdnc,qID,Q118-1,her,74550,74553,15,182,6,M_1121
pdnc,qID,Q118-1,my sister,74564,74573,3,182,6,M_1122
pdnc,qID,Q118-1,her,74592,74595,3,182,6,M_1123
booknlp,COREF,94,I,74649,74650,0,182,6,M_1124
pdnc,qID,Q118-1,her,74687,74690,3,182,6,M_1125
pdnc,qID,Q118-1,she,74726,74729,3,182,6,M_1126
booknlp,COREF,94,me,74758,74760,0,182,6,M_1127
pdnc,qID,Q118-1,her,74766,74769,3,182,6,M_1128
pdnc,qID,Q118-1,she,74789,74792,3,182,6,M_1129
booknlp,COREF,94,my,74833,74835,0,182,6,M_1130
exp,exp_name,john,John,74905,74909,5,182,6,M_1131
booknlp,COREF,87,Bella,74914,74919,3,182,6,M_1132
pdnc,qID,Q118-1,She,75015,75018,3,182,6,M_1133
booknlp,COREF,94,I,75056,75057,0,182,6,M_1134
pdnc,qID,Q118-1,you,75147,75150,8,182,6,M_1135
booknlp,COREF,94,my,75322,75324,0,182,6,M_1136
booknlp,COREF,94,I,75363,75364,0,182,6,M_1137
booknlp,COREF,94,I,75544,75545,0,182,6,M_1138
exp,exp_name,george,George,75572,75578,6,182,6,M_1139
booknlp,COREF,94,my,75630,75632,0,182,6,M_1140
booknlp,COREF,94,my,75724,75726,0,182,6,M_1141
pdnc,qID,Q118-2,my brother,75733,75743,5,182,6,M_1142
pdnc,qID,Q118-2,Mr. John Knightley,75745,75763,5,182,6,M_1143
booknlp,COREF,94,I,75813,75814,0,182,6,M_1144
booknlp,COREF,94,I,75847,75848,0,182,6,M_1145
booknlp,COREF,94,I,75884,75885,0,182,6,M_1146
booknlp,COREF,94,my,75931,75933,0,182,6,M_1147
booknlp,COREF,94,I,75950,75951,0,182,6,M_1148
pdnc,qID,Q118-2,Mrs. Weston,75997,76008,15,182,6,M_1149
booknlp,COREF,94,I,76013,76014,0,182,6,M_1150
exp,exp_name,isabella,Isabella,76169,76177,3,182,6,M_1151
pdnc,qID,Q118-3,him,76258,76261,5,182,6,M_1152
pdnc,qID,Q118-3,him,76320,76323,5,182,6,M_1153
booknlp,COREF,94,I,76402,76403,0,182,6,M_1154
booknlp,COREF,94,I,76423,76424,0,182,6,M_1155
booknlp,COREF,94,I,76559,76560,0,182,6,M_1156
booknlp,COREF,94,I,76567,76568,0,182,6,M_1157
pdnc,qID,Q118-3,Harriet,76624,76631,2,182,6,M_1158
booknlp,COREF,94,my,76654,76656,0,182,6,M_1159
booknlp,COREF,94,I,76729,76730,0,182,6,M_1160
booknlp,COREF,94,my,76742,76744,0,182,6,M_1161
exp,exp_name,mr. elton,Mr. Elton,76763,76772,8,183,6,M_1162
booknlp,COREF,94,you,76904,76907,0,183,6,M_1163
exp,exp_name,emma,Emma,76995,76999,0,183,6,M_1164
booknlp,COREF,94,she,77026,77029,0,183,6,M_1165
booknlp,COREF,94,she,77081,77084,0,183,6,M_1166
booknlp,COREF,94,She,77151,77154,0,184,6,M_1167
exp,exp_name,mr. john knightley,Mr. John Knightley,77255,77273,5,184,6,M_1168
booknlp,COREF,94,she,77298,77301,0,184,6,M_1169
booknlp,COREF,94,herself,77315,77322,0,184,6,M_1170
exp,exp_name,harriet,Harriet,77404,77411,2,185,6,M_1171
booknlp,COREF,112,her,77461,77464,2,185,6,M_1172
exp,exp_name,mr. elton,Mr. Elton,77618,77627,8,185,6,M_1173
booknlp,COREF,112,her,77645,77648,2,185,6,M_1174
booknlp,COREF,112,She,77675,77678,2,185,6,M_1175
booknlp,COREF,150,him,77684,77687,8,185,6,M_1176
booknlp,COREF,150,himself,77710,77717,8,185,6,M_1177
booknlp,COREF,150,he,77724,77726,8,185,6,M_1178
booknlp,COREF,150,him,77826,77829,8,185,6,M_1179
booknlp,COREF,150,himself,77839,77846,8,185,6,M_1180
booknlp,COREF,112,her,77878,77881,2,185,6,M_1181
booknlp,COREF,150,him,77892,77895,8,185,6,M_1182
booknlp,COREF,150,he,77913,77915,8,186,6,M_1183
booknlp,COREF,112,her,78024,78027,2,186,6,M_1184
exp,exp_name,miss smith,Miss Smith,78064,78074,2,186,6,M_1185
exp,exp_name,mr. elton,Mr. Elton,78080,78089,8,187,6,M_1186
exp,exp_name,harriet,Harriet,78110,78117,2,187,6,M_1187
exp,exp_name,emma,Emma,78132,78136,0,187,6,M_1188
booknlp,COREF,112,She,78152,78155,2,187,6,M_1189
booknlp,COREF,150,him,78167,78170,8,187,6,M_1190
booknlp,COREF,150,he,78278,78280,8,187,6,M_1191
booknlp,COREF,150,his,78444,78447,8,187,6,M_1192
booknlp,COREF,150,him,78464,78467,8,187,6,M_1193
booknlp,COREF,112,She,78518,78521,2,187,6,M_1194
booknlp,COREF,150,his,78540,78543,8,187,6,M_1195
booknlp,COREF,150,his,78553,78556,8,187,6,M_1196
booknlp,COREF,150,his,78566,78569,8,187,6,M_1197
booknlp,COREF,112,she,78652,78655,2,188,6,M_1198
booknlp,COREF,112,she,78758,78761,2,188,6,M_1199
booknlp,COREF,112,she,78805,78808,2,188,6,M_1200
booknlp,COREF,112,she,78925,78928,2,188,6,M_1201
exp,exp_name,mr. elton,Mr. Elton,79205,79214,8,188,6,M_1202
exp,exp_name,harriet,Harriet,79263,79270,2,189,6,M_1203
exp,exp_name,mr. elton,Mr. Elton,79306,79315,8,189,6,M_1204
booknlp,COREF,150,he,79325,79327,8,189,6,M_1205
pdnc,qID,Q120-0,you,79455,79458,8,190,6,M_1206
exp,exp_name,mr. elton,Mr. Elton,79696,79705,8,191,6,M_1207
pdnc,qID,Q121-0,Miss Woodhouse,79776,79790,0,192,6,M_1208
pdnc,qID,Q121-0,her friend,79801,79811,2,192,6,M_1209
pdnc,qID,Q121-0,she,79828,79831,2,192,6,M_1210
exp,exp_name,mrs. weston,Mrs. Weston,79851,79862,15,192,6,M_1211
booknlp,COREF,150,him,79866,79869,8,192,6,M_1212
pdnc,qID,Q121-1,Miss Smith,79981,79991,2,192,6,M_1213
pdnc,qID,Q121-1,her,80049,80052,2,192,6,M_1214
pdnc,qID,Q121-1,she,80063,80066,2,192,6,M_1215
pdnc,qID,Q122-0,you,80087,80090,15,193,6,M_1216
booknlp,COREF,150,he,80110,80112,8,193,6,M_1217
booknlp,COREF,150,I,80115,80116,8,193,6,M_1218
pdnc,qID,Q122-1,you,80135,80138,15,193,6,M_1219
booknlp,COREF,150,me,80154,80156,8,193,6,M_1220
booknlp,COREF,150,I,80202,80203,8,193,6,M_1221
booknlp,COREF,150,my,80233,80235,8,193,6,M_1222
pdnc,qID,Q122-1,you,80281,80284,15,193,6,M_1223
pdnc,qID,Q123-0,You,80294,80297,0,194,6,M_1224
pdnc,qID,Q123-0,her,80308,80311,2,194,6,M_1225
pdnc,qID,Q123-0,Emma,80322,80326,0,194,6,M_1226
exp,exp_name,mr. knightley,Mr. Knightley,80334,80347,6,194,6,M_1227
exp,exp_name,emma,Emma,80350,80354,0,195,6,M_1228
booknlp,COREF,94,she,80365,80368,0,195,6,M_1229
exp,exp_name,mr. elton,Mr. Elton,80400,80409,8,195,6,M_1230
pdnc,qID,Q124-0,she,80494,80497,2,196,6,M_1231
pdnc,qID,Q124-0,you,80631,80634,6,196,6,M_1232
pdnc,qID,Q124-0,Miss Smith,80729,80739,2,196,6,M_1233
exp,exp_name,mr. woodhouse,Mr. Woodhouse,80790,80803,10,197,6,M_1234
pdnc,qID,Q125-1,your,80832,80836,0,197,6,M_1235
pdnc,qID,Q125-1,my dear,80858,80865,0,197,6,M_1236
booknlp,COREF,85,I,80867,80868,10,197,6,M_1237
pdnc,qID,Q125-1,you,80911,80914,0,197,6,M_1238
booknlp,COREF,85,I,80934,80935,10,197,6,M_1239
pdnc,qID,Q125-1,she,80968,80971,2,197,6,M_1240
pdnc,qID,Q125-1,her,81036,81039,2,197,6,M_1241
pdnc,qID,Q125-1,she,81074,81077,2,197,6,M_1242
pdnc,qID,Q126-0,my dear papa,81103,81115,10,198,6,M_1243
pdnc,qID,Q127-0,my dear,81231,81238,0,199,6,M_1244
pdnc,qID,Q128-0,You,81243,81246,10,200,6,M_1245
pdnc,qID,Q128-0,sir,81248,81251,10,200,6,M_1246
exp,exp_name,mr. elton,Mr. Elton,81279,81288,8,200,6,M_1247
booknlp,COREF,150,I,81295,81296,8,200,6,M_1248
booknlp,COREF,150,I,81315,81316,8,200,6,M_1249
pdnc,qID,Q128-1,Miss Smith,81367,81377,2,200,6,M_1250
pdnc,qID,Q128-1,Miss Smith,81520,81530,2,200,6,M_1251
booknlp,COREF,150,I,81584,81585,8,200,6,M_1252
booknlp,COREF,150,my,81598,81600,8,200,6,M_1253
booknlp,COREF,150,I,81615,81616,8,200,6,M_1254
exp,exp_name,isabella,Isabella,81887,81895,3,201,6,M_1255
exp,exp_name,mr. woodhouse,Mr. Woodhouse,81985,81998,10,201,6,M_1256
booknlp,COREF,87,her,82026,82029,3,201,6,M_1257
booknlp,COREF,87,her,82046,82049,3,201,6,M_1258
exp,exp_name,mr. elton,Mr. Elton,82121,82130,8,201,6,M_1259
booknlp,COREF,150,His,82153,82156,8,201,6,M_1260
booknlp,COREF,150,he,82199,82201,8,201,6,M_1261
booknlp,COREF,150,he,82264,82266,8,201,6,M_1262
booknlp,COREF,150,he,82289,82291,8,201,6,M_1263
booknlp,COREF,150,he,82360,82362,8,201,6,M_1264
booknlp,COREF,150,He,82423,82425,8,202,6,M_1265
booknlp,COREF,150,him,82495,82498,8,202,6,M_1266
exp,exp_name,mr. elton,Mr. Elton,82653,82662,8,203,6,M_1267
exp,exp_name,emma,Emma,82744,82748,0,203,6,M_1268
booknlp,COREF,94,she,82757,82760,0,203,6,M_1269
booknlp,COREF,150,him,82827,82830,8,203,6,M_1270
booknlp,COREF,150,he,82838,82840,8,203,6,M_1271
booknlp,COREF,150,he,82928,82930,8,204,6,M_1272
booknlp,COREF,150,he,82954,82956,8,204,6,M_1273
exp,exp_name,emma,Emma,83027,83031,0,205,6,M_1274
booknlp,COREF,94,I,83034,83035,0,205,6,M_1275
booknlp,COREF,94,I,83060,83061,0,205,6,M_1276
exp,exp_name,harriet,Harriet,83170,83177,2,205,6,M_1277
booknlp,COREF,94,I,83309,83310,0,205,6,M_1278
booknlp,COREF,94,I,83340,83341,0,205,6,M_1279
exp,exp_name,harriet,Harriet,83414,83421,2,205,6,M_1280
exp,exp_name,mr. elton,Mr. Elton,83467,83476,8,207,7,M_1281
exp,exp_name,emma,Emma,83525,83529,0,207,7,M_1282
booknlp,COREF,94,her,83549,83552,0,207,7,M_1283
exp,exp_name,harriet,Harriet,83561,83568,2,207,7,M_1284
booknlp,COREF,112,she,83684,83687,2,207,7,M_1285
booknlp,COREF,112,she,83828,83831,2,207,7,M_1286
booknlp,COREF,112,She,83887,83890,2,207,7,M_1287
booknlp,COREF,112,she,83913,83916,2,207,7,M_1288
booknlp,COREF,112,she,84004,84007,2,207,7,M_1289
booknlp,COREF,112,her,84081,84084,2,207,7,M_1290
booknlp,COREF,112,she,84153,84156,2,207,7,M_1291
booknlp,COREF,112,she,84205,84208,2,207,7,M_1292
booknlp,COREF,112,herself,84249,84256,2,207,7,M_1293
booknlp,COREF,112,She,84378,84381,2,207,7,M_1294
booknlp,COREF,112,she,84399,84402,2,207,7,M_1295
booknlp,COREF,112,she,84496,84499,2,207,7,M_1296
booknlp,COREF,112,her,84547,84550,2,207,7,M_1297
booknlp,COREF,112,she,84566,84569,2,207,7,M_1298
booknlp,COREF,112,she,84592,84595,2,207,7,M_1299
booknlp,COREF,112,she,84616,84619,2,207,7,M_1300
exp,exp_name,miss woodhouse,Miss Woodhouse,84633,84647,0,207,7,M_1301
booknlp,COREF,112,she,84653,84656,2,207,7,M_1302
exp,exp_name,emma,Emma,84671,84675,0,207,7,M_1303
booknlp,COREF,94,her,84696,84699,0,207,7,M_1304
booknlp,COREF,94,my,84754,84756,0,208,7,M_1305
booknlp,COREF,94,she,84764,84767,0,208,7,M_1306
pdnc,qID,Q131-0,you,84894,84897,0,209,7,M_1307
exp,exp_name,harriet,Harriet,84922,84929,2,209,7,M_1308
booknlp,COREF,112,I,84941,84942,2,209,7,M_1309
pdnc,qID,Q131-1,you,84952,84955,0,209,7,M_1310
exp,exp_name,emma,Emma,84965,84969,0,210,7,M_1311
booknlp,COREF,94,She,84999,85002,0,210,7,M_1312
booknlp,COREF,94,her,85067,85070,0,210,7,M_1313
booknlp,COREF,94,She,85422,85425,0,210,7,M_1314
exp,exp_name,harriet,Harriet,85448,85455,2,210,7,M_1315
booknlp,COREF,94,her,85485,85488,0,210,7,M_1316
exp,exp_name,emma,Emma,85637,85641,0,211,7,M_1317
pdnc,qID,Q134-1,Harriet,85676,85683,2,211,7,M_1318
booknlp,COREF,94,I,85714,85715,0,211,7,M_1319
booknlp,COREF,94,I,85763,85764,0,211,7,M_1320
booknlp,COREF,94,I,85803,85804,0,211,7,M_1321
pdnc,qID,Q134-1,you,85822,85825,2,211,7,M_1322
booknlp,COREF,94,I,86056,86057,0,211,7,M_1323
booknlp,COREF,94,I,86230,86231,0,211,7,M_1324
pdnc,qID,Q134-1,Harriet,86353,86360,2,211,7,M_1325
booknlp,COREF,94,I,86382,86383,0,211,7,M_1326
exp,exp_name,harriet,Harriet,86431,86438,2,212,7,M_1327
booknlp,COREF,112,I,86468,86469,2,212,7,M_1328
pdnc,qID,Q136-0,you,86488,86491,2,213,7,M_1329
pdnc,qID,Q136-0,you,86516,86519,2,213,7,M_1330
pdnc,qID,Q138-0,you,86577,86580,2,215,7,M_1331
pdnc,qID,Q138-0,You,86594,86597,2,215,7,M_1332
booknlp,COREF,112,I,86661,86662,2,216,7,M_1333
pdnc,qID,Q139-0,Dear Miss Woodhouse,86668,86687,0,216,7,M_1334
booknlp,COREF,112,me,86699,86701,2,216,7,M_1335
pdnc,qID,Q140-0,your,86751,86755,2,217,7,M_1336
pdnc,qID,Q140-0,You,86761,86764,2,217,7,M_1337
booknlp,COREF,112,yourself,86778,86786,2,217,7,M_1338
booknlp,COREF,112,I,86802,86803,2,217,7,M_1339
pdnc,qID,Q140-0,your,86835,86839,2,217,7,M_1340
pdnc,qID,Q140-0,Your,86890,86894,2,217,7,M_1341
pdnc,qID,Q140-0,you,87004,87007,2,217,7,M_1342
pdnc,qID,Q140-0,your,87083,87087,2,217,7,M_1343
booknlp,COREF,112,I,87095,87096,2,217,7,M_1344
pdnc,qID,Q140-0,You,87111,87114,2,217,7,M_1345
pdnc,qID,Q141-0,You,87202,87205,0,218,7,M_1346
booknlp,COREF,112,I,87212,87213,2,218,7,M_1347
exp,exp_name,harriet,Harriet,87246,87253,2,218,7,M_1348
pdnc,qID,Q142-0,My dear Harriet,87292,87307,2,219,7,M_1349
pdnc,qID,Q142-0,you,87317,87320,2,219,7,M_1350
pdnc,qID,Q142-0,you,87331,87334,2,219,7,M_1351
booknlp,COREF,112,I,87360,87361,2,219,7,M_1352
booknlp,COREF,112,I,87375,87376,2,219,7,M_1353
pdnc,qID,Q142-0,your,87381,87385,2,219,7,M_1354
booknlp,COREF,112,I,87402,87403,2,219,7,M_1355
booknlp,COREF,112,I,87431,87432,2,219,7,M_1356
pdnc,qID,Q142-0,you,87470,87473,2,219,7,M_1357
pdnc,qID,Q142-0,you,87478,87481,2,219,7,M_1358
pdnc,qID,Q142-0,your,87519,87523,2,219,7,M_1359
booknlp,COREF,112,I,87532,87533,2,219,7,M_1360
pdnc,qID,Q142-0,you,87547,87550,2,219,7,M_1361
booknlp,COREF,112,me,87567,87569,2,219,7,M_1362
exp,exp_name,harriet,Harriet,87602,87609,2,220,7,M_1363
exp,exp_name,emma,Emma,87655,87659,0,220,7,M_1364
pdnc,qID,Q143-0,You,87673,87676,2,221,7,M_1365
booknlp,COREF,94,I,87713,87714,0,221,7,M_1366
booknlp,COREF,94,I,87731,87732,0,222,7,M_1367
booknlp,COREF,94,I,87750,87751,0,222,7,M_1368
booknlp,COREF,94,I,87776,87777,0,222,7,M_1369
pdnc,qID,Q144-0,you,87793,87796,0,222,7,M_1370
booknlp,COREF,94,me,87804,87806,0,222,7,M_1371
pdnc,qID,Q144-0,dear Miss Woodhouse,87820,87839,0,222,7,M_1372
booknlp,COREF,94,me,87846,87848,0,222,7,M_1373
booknlp,COREF,94,I,87854,87855,0,222,7,M_1374
booknlp,COREF,94,I,87872,87873,0,223,7,M_1375
pdnc,qID,Q145-0,you,87889,87892,2,223,7,M_1376
pdnc,qID,Q145-0,Harriet,87905,87912,2,223,7,M_1377
booknlp,COREF,94,I,87914,87915,0,223,7,M_1378
pdnc,qID,Q145-0,you,87971,87974,2,223,7,M_1379
pdnc,qID,Q145-0,your,87992,87996,2,223,7,M_1380
booknlp,COREF,112,I,88010,88011,2,224,7,M_1381
pdnc,qID,Q146-0,he,88031,88033,8,224,7,M_1382
booknlp,COREF,112,me,88040,88042,2,224,7,M_1383
exp,exp_name,harriet,Harriet,88063,88070,2,224,7,M_1384
exp,exp_name,emma,Emma,88117,88121,0,224,7,M_1385
booknlp,COREF,94,her,88136,88139,0,224,7,M_1386
booknlp,COREF,94,she,88238,88241,0,224,7,M_1387
booknlp,COREF,94,I,88268,88269,0,225,7,M_1388
pdnc,qID,Q147-0,Harriet,88301,88308,2,225,7,M_1389
booknlp,COREF,94,I,88568,88569,0,225,7,M_1390
booknlp,COREF,94,my,88581,88583,0,225,7,M_1391
booknlp,COREF,112,yourself,88617,88625,2,225,7,M_1392
pdnc,qID,Q147-0,you,88647,88650,2,225,7,M_1393
booknlp,COREF,94,I,88676,88677,0,225,7,M_1394
pdnc,qID,Q147-0,you,88696,88699,2,225,7,M_1395
booknlp,COREF,94,I,88712,88713,0,226,7,M_1396
pdnc,qID,Q148-0,you,88722,88725,0,226,7,M_1397
pdnc,qID,Q148-0,you,88763,88766,0,226,7,M_1398
booknlp,COREF,94,me,88785,88787,0,226,7,M_1399
booknlp,COREF,94,I,88793,88794,0,226,7,M_1400
booknlp,COREF,94,I,88816,88817,0,226,7,M_1401
pdnc,qID,Q148-0,you,88839,88842,0,226,7,M_1402
pdnc,qID,Q148-0,you,88988,88991,0,226,7,M_1403
booknlp,COREF,94,I,88998,88999,0,226,7,M_1404
exp,exp_name,emma,Emma,89049,89053,0,227,7,M_1405
booknlp,COREF,94,I,89082,89083,0,227,7,M_1406
pdnc,qID,Q149-1,you,89091,89094,2,227,7,M_1407
pdnc,qID,Q149-1,You,89107,89110,2,227,7,M_1408
booknlp,COREF,112,your,89137,89141,2,227,7,M_1409
pdnc,qID,Q149-1,you,89160,89163,2,227,7,M_1410
pdnc,qID,Q149-1,you,89208,89211,2,227,7,M_1411
pdnc,qID,Q149-1,you,89245,89248,2,227,7,M_1412
pdnc,qID,Q149-1,you,89292,89295,2,227,7,M_1413
pdnc,qID,Q149-1,You,89306,89309,2,227,7,M_1414
pdnc,qID,Q149-1,Harriet,89317,89324,2,227,7,M_1415
pdnc,qID,Q149-1,you,89355,89358,2,227,7,M_1416
pdnc,qID,Q149-1,Harriet,89399,89406,2,227,7,M_1417
pdnc,qID,Q149-1,Harriet,89408,89415,2,227,7,M_1418
booknlp,COREF,112,yourself,89432,89440,2,227,7,M_1419
pdnc,qID,Q149-1,you,89519,89522,2,227,7,M_1420
exp,exp_name,harriet,Harriet,89591,89598,2,228,7,M_1421
booknlp,COREF,112,her,89692,89695,2,228,7,M_1422
exp,exp_name,emma,Emma,89756,89760,0,228,7,M_1423
exp,exp_name,harriet,Harriet,89857,89864,2,228,7,M_1424
pdnc,qID,Q150-0,Miss Woodhouse,89874,89888,0,229,7,M_1425
pdnc,qID,Q150-0,you,89893,89896,0,229,7,M_1426
booknlp,COREF,112,me,89911,89913,2,229,7,M_1427
pdnc,qID,Q150-0,your,89914,89918,0,229,7,M_1428
booknlp,COREF,112,I,89928,89929,2,229,7,M_1429
booknlp,COREF,112,I,89949,89950,2,229,7,M_1430
booknlp,COREF,112,myself,89958,89964,2,229,7,M_1431
booknlp,COREF,112,I,89970,89971,2,229,7,M_1432
booknlp,COREF,112,my,90025,90027,2,229,7,M_1433
pdnc,qID,Q150-0,you,90059,90062,0,229,7,M_1434
booknlp,COREF,112,I,90069,90070,2,229,7,M_1435
pdnc,qID,Q151-0,my dearest Harriet,90112,90130,2,230,7,M_1436
pdnc,qID,Q151-0,you,90132,90135,2,230,7,M_1437
pdnc,qID,Q151-0,you,90156,90159,2,230,7,M_1438
pdnc,qID,Q151-0,you,90173,90176,2,230,7,M_1439
booknlp,COREF,112,I,90201,90202,2,230,7,M_1440
booknlp,COREF,112,my,90208,90210,2,230,7,M_1441
booknlp,COREF,112,myself,90223,90229,2,230,7,M_1442
pdnc,qID,Q151-0,you,90244,90247,2,230,7,M_1443
booknlp,COREF,112,I,90274,90275,2,230,7,M_1444
pdnc,qID,Q151-0,Dear Harriet,90309,90321,2,230,7,M_1445
booknlp,COREF,112,I,90323,90324,2,230,7,M_1446
booknlp,COREF,112,myself,90330,90336,2,230,7,M_1447
booknlp,COREF,112,me,90372,90374,2,230,7,M_1448
pdnc,qID,Q151-0,your,90383,90387,2,230,7,M_1449
pdnc,qID,Q151-0,your,90442,90446,2,230,7,M_1450
pdnc,qID,Q151-0,you,90474,90477,2,230,7,M_1451
booknlp,COREF,112,I,90516,90517,2,230,7,M_1452
booknlp,COREF,112,I,90549,90550,2,230,7,M_1453
booknlp,COREF,112,me,90619,90621,2,230,7,M_1454
booknlp,COREF,112,I,90623,90624,2,230,7,M_1455
booknlp,COREF,112,I,90692,90693,2,230,7,M_1456
pdnc,qID,Q151-0,you,90707,90710,2,230,7,M_1457
exp,exp_name,harriet,Harriet,90723,90730,2,231,7,M_1458
booknlp,COREF,112,her,90748,90751,2,231,7,M_1459
booknlp,COREF,112,her,90790,90793,2,231,7,M_1460
booknlp,COREF,112,You,90806,90809,2,232,7,M_1461
booknlp,COREF,112,me,90833,90835,2,232,7,M_1462
booknlp,COREF,112,she,90838,90841,2,232,7,M_1463
booknlp,COREF,112,you,90881,90884,2,232,7,M_1464
booknlp,COREF,112,I,90900,90901,2,232,7,M_1465
exp,exp_name,miss woodhouse,Miss Woodhouse,90990,91004,0,232,7,M_1466
booknlp,COREF,112,I,91006,91007,2,232,7,M_1467
booknlp,COREF,112,you,91073,91076,2,232,7,M_1468
pdnc,qID,Q153-0,Harriet,91116,91123,2,233,7,M_1469
pdnc,qID,Q153-0,you,91166,91169,2,233,7,M_1470
pdnc,qID,Q153-0,You,91194,91197,2,233,7,M_1471
booknlp,COREF,112,yourself,91216,91224,2,233,7,M_1472
booknlp,COREF,112,I,91250,91251,2,233,7,M_1473
pdnc,qID,Q153-0,you,91268,91271,2,233,7,M_1474
booknlp,COREF,112,I,91300,91301,2,234,7,M_1475
booknlp,COREF,112,me,91343,91345,2,234,7,M_1476
pdnc,qID,Q155-0,Dear affectionate creature,91386,91412,2,235,7,M_1477
pdnc,qID,Q155-0,You,91416,91419,2,235,7,M_1478
pdnc,qID,Q155-0,You,91452,91455,2,235,7,M_1479
booknlp,COREF,112,your,91514,91518,2,235,7,M_1480
booknlp,COREF,112,I,91525,91526,2,235,7,M_1481
booknlp,COREF,112,I,91638,91639,2,236,7,M_1482
exp,exp_name,harriet,Harriet,91695,91702,2,236,7,M_1483
booknlp,COREF,112,her,91704,91707,2,236,7,M_1484
booknlp,COREF,112,I,91782,91783,2,236,7,M_1485
pdnc,qID,Q156-1,you,91898,91901,0,236,7,M_1486
booknlp,COREF,112,me,91927,91929,2,236,7,M_1487
booknlp,COREF,112,I,91955,91956,2,236,7,M_1488
booknlp,COREF,112,I,91979,91980,2,236,7,M_1489
booknlp,COREF,112,my,92005,92007,2,236,7,M_1490
booknlp,COREF,112,I,92022,92023,2,236,7,M_1491
booknlp,COREF,112,I,92177,92178,2,236,7,M_1492
booknlp,COREF,112,me,92299,92301,2,236,7,M_1493
pdnc,qID,Q156-1,you,92352,92355,0,236,7,M_1494
booknlp,COREF,112,I,92368,92369,2,236,7,M_1495
pdnc,qID,Q157-0,you,92416,92419,2,237,7,M_1496
pdnc,qID,Q157-0,you,92427,92430,2,237,7,M_1497
pdnc,qID,Q157-0,my own sweet little friend,92432,92458,2,237,7,M_1498
exp,exp_name,emma,Emma,92657,92661,0,239,7,M_1499
booknlp,COREF,94,her,92684,92687,0,239,7,M_1500
booknlp,COREF,112,I,93007,93008,2,240,7,M_1501
booknlp,COREF,112,I,93058,93059,2,240,7,M_1502
booknlp,COREF,112,I,93075,93076,2,240,7,M_1503
exp,exp_name,emma,Emma,93084,93088,0,241,7,M_1504
booknlp,COREF,94,her,93221,93224,0,241,7,M_1505
exp,exp_name,emma,Emma,93248,93252,0,241,7,M_1506
booknlp,COREF,94,her,93497,93500,0,241,7,M_1507
booknlp,COREF,94,she,93541,93544,0,241,7,M_1508
booknlp,COREF,94,her,93725,93728,0,241,7,M_1509
exp,exp_name,emma,Emma,93746,93750,0,241,7,M_1510
booknlp,COREF,94,her,93789,93792,0,241,7,M_1511
exp,exp_name,harriet,Harriet,93941,93948,2,242,7,M_1512
booknlp,COREF,112,She,93955,93958,2,242,7,M_1513
exp,exp_name,emma,Emma,93995,93999,0,242,7,M_1514
booknlp,COREF,112,her,94016,94019,2,242,7,M_1515
booknlp,COREF,94,her,94080,94083,0,242,7,M_1516
exp,exp_name,mr. elton,Mr. Elton,94141,94150,8,242,7,M_1517
booknlp,COREF,112,I,94154,94155,2,243,7,M_1518
pdnc,qID,Q161-0,you,94248,94251,2,244,7,M_1519
booknlp,COREF,112,I,94264,94265,2,244,7,M_1520
pdnc,qID,Q161-0,you,94289,94292,2,244,7,M_1521
pdnc,qID,Q161-0,my Harriet,94294,94304,2,244,7,M_1522
pdnc,qID,Q161-0,You,94306,94309,2,244,7,M_1523
booknlp,COREF,112,I,94389,94390,2,245,7,M_1524
booknlp,COREF,112,I,94399,94400,2,245,7,M_1525
booknlp,COREF,112,I,94436,94437,2,245,7,M_1526
booknlp,COREF,112,I,94503,94504,2,246,7,M_1527
booknlp,COREF,112,I,94584,94585,2,246,7,M_1528
pdnc,qID,Q164-0,Harriet,94783,94790,2,247,7,M_1529
booknlp,COREF,112,I,94792,94793,2,247,7,M_1530
pdnc,qID,Q164-0,you,94824,94827,2,247,7,M_1531
pdnc,qID,Q164-0,you,94957,94960,2,247,7,M_1532
booknlp,COREF,112,I,94962,94963,2,247,7,M_1533
booknlp,COREF,112,I,95097,95098,2,247,7,M_1534
pdnc,qID,Q164-0,you,95105,95108,2,247,7,M_1535
booknlp,COREF,112,I,95113,95114,2,247,7,M_1536
booknlp,COREF,150,his,95143,95146,8,247,7,M_1537
exp,exp_name,harriet,Harriet,95194,95201,2,248,7,M_1538
booknlp,COREF,112,her,95281,95284,2,248,7,M_1539
exp,exp_name,mr. elton,Mr. Elton,95306,95315,8,248,7,M_1540
booknlp,COREF,112,she,95365,95368,2,248,7,M_1541
booknlp,COREF,150,he,95433,95435,8,249,7,M_1542
booknlp,COREF,112,my,95444,95446,2,249,7,M_1543
booknlp,COREF,112,she,95461,95464,2,249,7,M_1544
booknlp,COREF,112,I,95474,95475,2,249,7,M_1545
booknlp,COREF,150,his,95516,95519,8,249,7,M_1546
booknlp,COREF,150,he,95537,95539,8,249,7,M_1547
booknlp,COREF,112,I,95578,95579,2,249,7,M_1548
booknlp,COREF,150,he,95585,95587,8,249,7,M_1549
exp,exp_name,emma,Emma,95710,95714,0,250,7,M_1550
pdnc,qID,Q166-1,Mr. Elton,95742,95751,8,250,7,M_1551
booknlp,COREF,112,your,95763,95767,2,250,7,M_1552
pdnc,qID,Q166-1,his,95779,95782,8,250,7,M_1553
booknlp,COREF,112,your,95922,95926,2,250,7,M_1554
booknlp,COREF,112,your,95933,95937,2,250,7,M_1555
booknlp,COREF,112,My,95956,95958,2,251,7,M_1556
pdnc,qID,Q167-0,he,95973,95975,8,251,7,M_1557
booknlp,COREF,112,my,95985,95987,2,251,7,M_1558
pdnc,qID,Q168-0,he,96019,96021,8,252,7,M_1559
booknlp,COREF,94,I,96032,96033,0,252,7,M_1560
pdnc,qID,Q168-0,Mr. Elton,96050,96059,8,252,7,M_1561
pdnc,qID,Q168-0,my dear little modest Harriet,96065,96094,2,252,7,M_1562
pdnc,qID,Q168-0,he,96167,96169,8,252,7,M_1563
pdnc,qID,Q168-0,his,96177,96180,8,252,7,M_1564
pdnc,qID,Q168-0,his,96204,96207,8,252,7,M_1565
pdnc,qID,Q168-0,his,96236,96239,8,252,7,M_1566
pdnc,qID,Q168-0,his,96248,96251,8,252,7,M_1567
pdnc,qID,Q168-0,his,96270,96273,8,252,7,M_1568
pdnc,qID,Q168-0,his,96285,96288,8,252,7,M_1569
booknlp,COREF,112,you,96311,96314,2,252,7,M_1570
exp,exp_name,harriet,Harriet,96522,96529,2,253,7,M_1571
booknlp,COREF,112,her,96548,96551,2,253,7,M_1572
exp,exp_name,harriet,Harriet,96592,96599,2,255,8,M_1573
booknlp,COREF,112,she,96651,96654,2,255,8,M_1574
booknlp,COREF,112,her,96688,96691,2,255,8,M_1575
booknlp,COREF,112,herself,96761,96768,2,255,8,M_1576
exp,exp_name,emma,Emma,96774,96778,0,255,8,M_1577
booknlp,COREF,112,her,96840,96843,2,255,8,M_1578
booknlp,COREF,112,She,96891,96894,2,255,8,M_1579
booknlp,COREF,112,she,97003,97006,2,255,8,M_1580
booknlp,COREF,112,she,97080,97083,2,256,8,M_1581
exp,exp_name,mr. knightley,Mr. Knightley,97094,97107,6,256,8,M_1582
exp,exp_name,mr. woodhouse,Mr. Woodhouse,97139,97152,10,256,8,M_1583
exp,exp_name,emma,Emma,97157,97161,0,256,8,M_1584
exp,exp_name,mr. woodhouse,Mr. Woodhouse,97168,97181,10,256,8,M_1585
booknlp,COREF,85,his,97210,97213,10,256,8,M_1586
booknlp,COREF,85,his,97249,97252,10,256,8,M_1587
booknlp,COREF,85,his,97353,97356,10,256,8,M_1588
exp,exp_name,mr. knightley,Mr. Knightley,97380,97393,6,256,8,M_1589
exp,exp_name,mr. knightley,Mr. Knightley,97412,97425,6,256,8,M_1590
booknlp,COREF,112,I,97602,97603,2,257,8,M_1591
pdnc,qID,Q169-0,you,97616,97619,6,257,8,M_1592
booknlp,COREF,112,me,97632,97634,2,257,8,M_1593
pdnc,qID,Q169-0,Mr. Knightley,97636,97649,6,257,8,M_1594
pdnc,qID,Q169-0,you,97654,97657,6,257,8,M_1595
booknlp,COREF,112,me,97676,97678,2,257,8,M_1596
booknlp,COREF,112,I,97707,97708,2,257,8,M_1597
pdnc,qID,Q169-0,Emma,97720,97724,0,257,8,M_1598
booknlp,COREF,112,I,97790,97791,2,257,8,M_1599
booknlp,COREF,112,I,97800,97801,2,257,8,M_1600
booknlp,COREF,112,my,97818,97820,2,257,8,M_1601
booknlp,COREF,112,I,97839,97840,2,257,8,M_1602
booknlp,COREF,112,I,97846,97847,2,257,8,M_1603
pdnc,qID,Q169-0,you,97854,97857,6,257,8,M_1604
pdnc,qID,Q169-0,Mr. Knightley,97876,97889,6,257,8,M_1605
pdnc,qID,Q170-0,My dear sir,97938,97949,10,258,8,M_1606
booknlp,COREF,112,I,97984,97985,2,259,8,M_1607
pdnc,qID,Q171-0,my daughter,98019,98030,0,259,8,M_1608
pdnc,qID,Q171-0,Emma,98032,98036,0,259,8,M_1609
pdnc,qID,Q171-0,you,98064,98067,6,259,8,M_1610
booknlp,COREF,112,I,98083,98084,2,259,8,M_1611
booknlp,COREF,112,I,98091,98092,2,259,8,M_1612
pdnc,qID,Q171-0,your,98102,98106,6,259,8,M_1613
booknlp,COREF,112,my,98123,98125,2,259,8,M_1614
booknlp,COREF,112,my,98139,98141,2,259,8,M_1615
pdnc,qID,Q172-0,You,98158,98161,10,260,8,M_1616
pdnc,qID,Q172-0,sir,98180,98183,10,260,8,M_1617
booknlp,COREF,112,I,98188,98189,2,261,8,M_1618
pdnc,qID,Q173-0,your,98220,98224,6,261,8,M_1619
pdnc,qID,Q173-0,Mr. Knightley,98234,98247,6,261,8,M_1620
booknlp,COREF,112,I,98253,98254,2,261,8,M_1621
booknlp,COREF,112,my,98282,98284,2,261,8,M_1622
pdnc,qID,Q173-0,you,98310,98313,6,261,8,M_1623
pdnc,qID,Q173-0,you,98329,98332,6,261,8,M_1624
pdnc,qID,Q173-0,you,98363,98366,6,261,8,M_1625
exp,exp_name,mr. woodhouse,Mr. Woodhouse,98555,98568,10,263,8,M_1626
exp,exp_name,mr. knightley,Mr. Knightley,98590,98603,6,263,8,M_1627
exp,exp_name,harriet,Harriet,98719,98726,2,263,8,M_1628
booknlp,COREF,112,her,98744,98747,2,263,8,M_1629
exp,exp_name,emma,Emma,98780,98784,0,263,8,M_1630
pdnc,qID,Q175-0,her,98824,98827,2,264,8,M_1631
pdnc,qID,Q175-0,you,98838,98841,0,264,8,M_1632
pdnc,qID,Q175-1,she,98861,98864,2,264,8,M_1633
pdnc,qID,Q175-1,her,98934,98937,2,264,8,M_1634
pdnc,qID,Q175-1,Her,98951,98954,2,264,8,M_1635
pdnc,qID,Q175-1,she,98984,98987,2,264,8,M_1636
pdnc,qID,Q175-1,she,99015,99018,2,264,8,M_1637
booknlp,COREF,112,I,99054,99055,2,265,8,M_1638
pdnc,qID,Q176-0,you,99064,99067,6,265,8,M_1639
booknlp,COREF,112,I,99098,99099,2,265,8,M_1640
pdnc,qID,Q177-1,you,99146,99149,0,266,8,M_1641
pdnc,qID,Q177-1,you,99195,99198,0,266,8,M_1642
pdnc,qID,Q177-1,you,99204,99207,0,266,8,M_1643
pdnc,qID,Q177-1,her,99222,99225,2,266,8,M_1644
pdnc,qID,Q177-1,You,99227,99230,0,266,8,M_1645
pdnc,qID,Q177-1,her,99242,99245,2,266,8,M_1646
pdnc,qID,Q177-1,her,99249,99252,2,266,8,M_1647
pdnc,qID,Q177-1,she,99275,99278,2,266,8,M_1648
pdnc,qID,Q177-1,you,99291,99294,0,266,8,M_1649
pdnc,qID,Q178-0,you,99312,99315,6,267,8,M_1650
booknlp,COREF,112,I,99317,99318,2,267,8,M_1651
booknlp,COREF,112,I,99349,99350,2,267,8,M_1652
booknlp,COREF,112,I,99367,99368,2,267,8,M_1653
pdnc,qID,Q178-0,You,99456,99459,6,267,8,M_1654
booknlp,COREF,112,me,99484,99486,2,267,8,M_1655
pdnc,qID,Q179-0,You,99499,99502,0,268,8,M_1656
pdnc,qID,Q179-0,her,99517,99520,2,268,8,M_1657
pdnc,qID,Q179-0,you,99528,99531,0,268,8,M_1658
pdnc,qID,Q180-0,She,99575,99578,2,269,8,M_1659
pdnc,qID,Q180-0,she,99613,99616,2,269,8,M_1660
pdnc,qID,Q181-0,her,99662,99665,2,270,8,M_1661
pdnc,qID,Q183-0,Harriet,99734,99741,2,272,8,M_1662
pdnc,qID,Q183-0,you,99784,99787,0,272,8,M_1663
exp,exp_name,emma,Emma,99797,99801,0,273,8,M_1664
pdnc,qID,Q184-0,you,99968,99971,0,274,8,M_1665
pdnc,qID,Q184-0,your little friend,100007,100025,2,274,8,M_1666
pdnc,qID,Q184-0,her,100057,100060,2,274,8,M_1667
pdnc,qID,Q186-0,you,100138,100141,0,276,8,M_1668
pdnc,qID,Q187-0,her,100225,100228,2,277,8,M_1669
booknlp,COREF,94,you,100240,100243,0,277,8,M_1670
exp,exp_name,emma,Emma,100263,100267,0,278,8,M_1671
exp,exp_name,mr. elton,Mr. Elton,100299,100308,8,278,8,M_1672
exp,exp_name,mr. knightley,Mr. Knightley,100332,100345,6,278,8,M_1673
booknlp,COREF,94,she,100392,100395,0,278,8,M_1674
exp,exp_name,mr. elton,Mr. Elton,100401,100410,8,278,8,M_1675
pdnc,qID,Q188-1,Harriet Smith,100474,100487,2,279,8,M_1676
pdnc,qID,Q188-1,Her,100593,100596,2,279,8,M_1677
pdnc,qID,Q188-1,her,100709,100712,2,279,8,M_1678
exp,exp_name,emma,Emma,100744,100748,0,280,8,M_1679
pdnc,qID,Q189-1,Harriet,100771,100778,2,280,8,M_1680
pdnc,qID,Q190-0,her,100828,100831,2,281,8,M_1681
pdnc,qID,Q190-0,her,101157,101160,2,281,8,M_1682
pdnc,qID,Q190-0,her,101260,101263,2,281,8,M_1683
pdnc,qID,Q190-0,her,101324,101327,2,281,8,M_1684
pdnc,qID,Q190-0,the fair lady,101882,101895,2,281,8,M_1685
pdnc,qID,Q190-0,the lady,102240,102248,2,281,8,M_1686
pdnc,qID,Q190-0,she,102369,102372,2,281,8,M_1687
pdnc,qID,Q191-0,Mr. Knightley,102459,102472,6,282,8,M_1688
exp,exp_name,emma,Emma,102480,102484,0,282,8,M_1689
booknlp,COREF,94,herself,102510,102517,0,282,8,M_1690
pdnc,qID,Q191-1,you,102563,102566,6,282,8,M_1691
pdnc,qID,Q192-1,she,102713,102716,2,283,8,M_1692
pdnc,qID,Q192-1,you,102736,102739,0,283,8,M_1693
booknlp,COREF,94,she,102756,102759,0,284,8,M_1694
booknlp,COREF,94,I,102762,102763,0,284,8,M_1695
pdnc,qID,Q193-1,you,102774,102777,6,284,8,M_1696
pdnc,qID,Q193-1,you,102808,102811,6,284,8,M_1697
booknlp,COREF,94,me,102822,102824,0,284,8,M_1698
exp,exp_name,mr. knightley,Mr. Knightley,102953,102966,6,285,8,M_1699
pdnc,qID,Q194-0,she,103072,103075,2,286,8,M_1700
booknlp,COREF,94,I,103104,103105,0,286,8,M_1701
pdnc,qID,Q194-0,her,103120,103123,2,286,8,M_1702
pdnc,qID,Q194-0,the foolish girl,103133,103149,2,286,8,M_1703
exp,exp_name,emma,Emma,103183,103187,0,287,8,M_1704
pdnc,qID,Q196-0,Harriet Smith,103437,103450,2,288,8,M_1705
booknlp,COREF,94,I,103499,103500,0,288,8,M_1706
booknlp,COREF,94,I,103527,103528,0,289,8,M_1707
pdnc,qID,Q197-0,her,103533,103536,2,289,8,M_1708
pdnc,qID,Q198-0,You,103575,103578,0,290,8,M_1709
pdnc,qID,Q198-0,her,103583,103586,2,290,8,M_1710
pdnc,qID,Q198-0,you,103596,103599,0,290,8,M_1711
pdnc,qID,Q198-0,her,103606,103609,2,290,8,M_1712
pdnc,qID,Q198-0,Emma,103622,103626,0,290,8,M_1713
pdnc,qID,Q198-0,You,103648,103651,0,290,8,M_1714
pdnc,qID,Q198-0,her,103662,103665,2,290,8,M_1715
booknlp,COREF,94,I,103691,103692,0,291,8,M_1716
booknlp,COREF,94,I,103715,103716,0,291,8,M_1717
booknlp,COREF,94,I,103739,103740,0,291,8,M_1718
booknlp,COREF,94,I,103762,103763,0,291,8,M_1719
booknlp,COREF,94,I,103828,103829,0,291,8,M_1720
pdnc,qID,Q199-0,Harriet,103853,103860,2,291,8,M_1721
pdnc,qID,Q199-0,her,103941,103944,2,291,8,M_1722
pdnc,qID,Q200-0,Harriet,104053,104060,2,292,8,M_1723
exp,exp_name,mr. knightley,Mr. Knightley,104081,104094,6,292,8,M_1724
pdnc,qID,Q200-1,her,104188,104191,2,292,8,M_1725
pdnc,qID,Q200-1,her,104224,104227,2,292,8,M_1726
pdnc,qID,Q200-1,Emma,104263,104267,0,292,8,M_1727
pdnc,qID,Q200-1,Harriet Smith,104323,104336,2,292,8,M_1728
pdnc,qID,Q200-1,She,104429,104432,2,292,8,M_1729
pdnc,qID,Q200-1,She,104562,104565,2,292,8,M_1730
pdnc,qID,Q200-1,She,104619,104622,2,292,8,M_1731
pdnc,qID,Q200-1,She,104678,104681,2,292,8,M_1732
booknlp,COREF,112,herself,104773,104780,2,292,8,M_1733
pdnc,qID,Q200-1,her,104785,104788,2,292,8,M_1734
pdnc,qID,Q200-1,she,104793,104796,2,292,8,M_1735
pdnc,qID,Q200-1,her,104830,104833,2,292,8,M_1736
pdnc,qID,Q200-1,her,104897,104900,2,292,8,M_1737
pdnc,qID,Q200-1,She,104902,104905,2,292,8,M_1738
pdnc,qID,Q200-1,she,104921,104924,2,292,8,M_1739
pdnc,qID,Q200-1,her,105323,105326,2,292,8,M_1740
pdnc,qID,Q200-1,her,105331,105334,2,292,8,M_1741
pdnc,qID,Q200-1,her,105498,105501,2,292,8,M_1742
pdnc,qID,Q200-1,her,105599,105602,2,292,8,M_1743
pdnc,qID,Q200-1,your,105628,105632,0,292,8,M_1744
pdnc,qID,Q200-1,you,105699,105702,0,292,8,M_1745
pdnc,qID,Q200-1,your friend,105720,105731,2,292,8,M_1746
pdnc,qID,Q200-1,her,105768,105771,2,292,8,M_1747
pdnc,qID,Q200-1,Emma,105830,105834,0,292,8,M_1748
booknlp,COREF,94,her,105845,105848,0,292,8,M_1749
pdnc,qID,Q200-1,Harriet,105864,105871,2,292,8,M_1750
booknlp,COREF,94,I,105907,105908,0,293,8,M_1751
exp,exp_name,emma,Emma,105960,105964,0,293,8,M_1752
pdnc,qID,Q201-0,my intimate friend,106101,106119,2,293,8,M_1753
pdnc,qID,Q201-0,her,106132,106135,2,293,8,M_1754
booknlp,COREF,94,I,106189,106190,0,293,8,M_1755
booknlp,COREF,94,my,106231,106233,0,293,8,M_1756
booknlp,COREF,94,I,106239,106240,0,293,8,M_1757
pdnc,qID,Q201-0,you,106248,106251,6,293,8,M_1758
booknlp,COREF,94,me,106281,106283,0,293,8,M_1759
booknlp,COREF,94,I,106307,106308,0,293,8,M_1760
pdnc,qID,Q201-0,you,106316,106319,6,293,8,M_1761
booknlp,COREF,94,mine,106320,106324,0,293,8,M_1762
booknlp,COREF,94,I,106345,106346,0,293,8,M_1763
pdnc,qID,Q201-0,your,106358,106362,6,293,8,M_1764
pdnc,qID,Q201-0,You,106391,106394,6,293,8,M_1765
pdnc,qID,Q201-0,Harriet,106411,106418,2,293,8,M_1766
booknlp,COREF,94,myself,106491,106497,0,293,8,M_1767
pdnc,qID,Q201-0,her,106563,106566,2,293,8,M_1768
pdnc,qID,Q201-0,she,106620,106623,2,293,8,M_1769
pdnc,qID,Q203-0,her,106817,106820,2,295,8,M_1770
pdnc,qID,Q203-0,she,106852,106855,2,295,8,M_1771
pdnc,qID,Q203-0,She,106912,106915,2,295,8,M_1772
pdnc,qID,Q203-0,she,107006,107009,2,295,8,M_1773
pdnc,qID,Q203-0,her,107061,107064,2,295,8,M_1774
pdnc,qID,Q203-0,Her,107117,107120,2,295,8,M_1775
pdnc,qID,Q203-0,her,107182,107185,2,295,8,M_1776
pdnc,qID,Q203-0,she,107216,107219,2,295,8,M_1777
booknlp,COREF,94,me,107265,107267,0,295,8,M_1778
pdnc,qID,Q203-0,she,107274,107277,2,295,8,M_1779
booknlp,COREF,94,I,107325,107326,0,295,8,M_1780
pdnc,qID,Q203-0,She,107350,107353,2,295,8,M_1781
pdnc,qID,Q204-0,her,107408,107411,2,296,8,M_1782
exp,exp_name,mr. knightley,Mr. Knightley,107427,107440,6,296,8,M_1783
pdnc,qID,Q204-1,her,107478,107481,2,296,8,M_1784
pdnc,qID,Q204-1,her,107551,107554,2,296,8,M_1785
pdnc,qID,Q204-1,you,107565,107568,0,296,8,M_1786
pdnc,qID,Q204-1,she,107639,107642,2,296,8,M_1787
pdnc,qID,Q204-1,she,107687,107690,2,296,8,M_1788
pdnc,qID,Q204-1,Her,107777,107780,2,296,8,M_1789
pdnc,qID,Q204-1,her,107828,107831,2,296,8,M_1790
pdnc,qID,Q204-1,She,107859,107862,2,296,8,M_1791
booknlp,COREF,112,herself,107886,107893,2,296,8,M_1792
pdnc,qID,Q204-1,you,107900,107903,0,296,8,M_1793
pdnc,qID,Q204-1,her,107918,107921,2,296,8,M_1794
pdnc,qID,Q204-1,her,107937,107940,2,296,8,M_1795
pdnc,qID,Q204-1,her,107966,107969,2,296,8,M_1796
pdnc,qID,Q204-1,She,108007,108010,2,296,8,M_1797
pdnc,qID,Q204-1,She,108068,108071,2,296,8,M_1798
pdnc,qID,Q204-1,she,108109,108112,2,296,8,M_1799
pdnc,qID,Q204-1,you,108125,108128,0,296,8,M_1800
pdnc,qID,Q204-1,Harriet Smith,108171,108184,2,296,8,M_1801
pdnc,qID,Q204-1,Emma,108186,108190,0,296,8,M_1802
pdnc,qID,Q204-1,her,108273,108276,2,296,8,M_1803
exp,exp_name,emma,Emma,108541,108545,0,297,8,M_1804
booknlp,COREF,94,she,108592,108595,0,297,8,M_1805
booknlp,COREF,94,her,108620,108623,0,297,8,M_1806
pdnc,qID,Q205-0,You,108657,108660,6,298,8,M_1807
pdnc,qID,Q205-0,Harriet,108736,108743,2,298,8,M_1808
pdnc,qID,Q205-0,Harriet,108745,108752,2,298,8,M_1809
pdnc,qID,Q205-0,you,108803,108806,6,298,8,M_1810
pdnc,qID,Q205-0,She,108823,108826,2,298,8,M_1811
pdnc,qID,Q205-0,she,108853,108856,2,298,8,M_1812
pdnc,qID,Q205-0,you,108879,108882,6,298,8,M_1813
pdnc,qID,Q205-0,her,108926,108929,2,298,8,M_1814
pdnc,qID,Q205-0,her,109013,109016,2,298,8,M_1815
pdnc,qID,Q205-0,you,109027,109030,6,298,8,M_1816
pdnc,qID,Q205-0,her,109040,109043,2,298,8,M_1817
pdnc,qID,Q205-0,you,109087,109090,6,298,8,M_1818
pdnc,qID,Q205-0,she,109111,109114,2,298,8,M_1819
pdnc,qID,Q205-0,she,109197,109200,2,298,8,M_1820
pdnc,qID,Q205-0,Harriet,109520,109527,2,298,8,M_1821
pdnc,qID,Q205-0,Her,109661,109664,2,298,8,M_1822
booknlp,COREF,112,herself,109813,109820,2,298,8,M_1823
pdnc,qID,Q205-0,your,109904,109908,6,298,8,M_1824
booknlp,COREF,94,my,110020,110022,0,299,8,M_1825
pdnc,qID,Q206-0,Emma,110029,110033,0,299,8,M_1826
pdnc,qID,Q206-0,you,110043,110046,0,299,8,M_1827
pdnc,qID,Q206-0,you,110066,110069,0,299,8,M_1828
booknlp,COREF,94,me,110101,110103,0,299,8,M_1829
pdnc,qID,Q206-0,you,110163,110166,0,299,8,M_1830
pdnc,qID,Q207-1,Harriet,110277,110284,2,300,8,M_1831
pdnc,qID,Q207-1,Harriet,110390,110397,2,300,8,M_1832
pdnc,qID,Q207-1,you,110423,110426,6,300,8,M_1833
pdnc,qID,Q207-1,she,110453,110456,2,300,8,M_1834
pdnc,qID,Q207-1,you,110479,110482,6,300,8,M_1835
pdnc,qID,Q207-1,she,110491,110494,2,300,8,M_1836
pdnc,qID,Q207-1,she,110589,110592,2,300,8,M_1837
pdnc,qID,Q207-1,she,110625,110628,2,300,8,M_1838
booknlp,COREF,112,her,110652,110655,2,300,8,M_1839
pdnc,qID,Q207-1,her,110680,110683,2,300,8,M_1840
exp,exp_name,mr. knightley,Mr. Knightley,110744,110757,6,301,8,M_1841
pdnc,qID,Q208-1,Harriet,110874,110881,2,301,8,M_1842
pdnc,qID,Q208-1,You,110883,110886,0,301,8,M_1843
pdnc,qID,Q208-1,her,110897,110900,2,301,8,M_1844
pdnc,qID,Q208-1,her,110923,110926,2,301,8,M_1845
pdnc,qID,Q208-1,she,110951,110954,2,301,8,M_1846
pdnc,qID,Q208-1,her,111010,111013,2,301,8,M_1847
pdnc,qID,Q208-1,her,111044,111047,2,301,8,M_1848
pdnc,qID,Q208-1,her,111158,111161,2,301,8,M_1849
pdnc,qID,Q208-1,Miss Harriet Smith,111185,111203,2,301,8,M_1850
pdnc,qID,Q208-1,she,111260,111263,2,301,8,M_1851
pdnc,qID,Q208-1,you,111310,111313,0,301,8,M_1852
pdnc,qID,Q208-1,her,111568,111571,2,301,8,M_1853
booknlp,COREF,112,her,111607,111610,2,301,8,M_1854
pdnc,qID,Q208-1,she,111636,111639,2,301,8,M_1855
pdnc,qID,Q208-1,you,111689,111692,0,301,8,M_1856
pdnc,qID,Q208-1,her,111703,111706,2,301,8,M_1857
booknlp,COREF,112,her,111745,111748,2,301,8,M_1858
pdnc,qID,Q208-1,she,111828,111831,2,301,8,M_1859
pdnc,qID,Q208-1,her,111891,111894,2,301,8,M_1860
pdnc,qID,Q208-1,Harriet Smith,111920,111933,2,301,8,M_1861
pdnc,qID,Q208-1,she,111984,111987,2,301,8,M_1862
pdnc,qID,Q209-0,Mr. Knightley,112105,112118,6,302,8,M_1863
booknlp,COREF,94,my,112220,112222,0,302,8,M_1864
pdnc,qID,Q209-0,her,112233,112236,2,302,8,M_1865
pdnc,qID,Q209-0,she,112276,112279,2,302,8,M_1866
booknlp,COREF,94,I,112315,112316,0,302,8,M_1867
pdnc,qID,Q209-0,She,112364,112367,2,302,8,M_1868
booknlp,COREF,94,I,112464,112465,0,302,8,M_1869
booknlp,COREF,94,I,112495,112496,0,302,8,M_1870
pdnc,qID,Q209-0,her,112517,112520,2,302,8,M_1871
booknlp,COREF,94,I,112535,112536,0,302,8,M_1872
booknlp,COREF,94,me,112574,112576,0,302,8,M_1873
pdnc,qID,Q209-0,she,112670,112673,2,302,8,M_1874
pdnc,qID,Q209-0,she,112708,112711,2,302,8,M_1875
booknlp,COREF,94,I,112724,112725,0,302,8,M_1876
pdnc,qID,Q209-0,she,112751,112754,2,302,8,M_1877
pdnc,qID,Q209-0,she,112783,112786,2,302,8,M_1878
pdnc,qID,Q209-0,her,112829,112832,2,302,8,M_1879
pdnc,qID,Q209-0,her,112870,112873,2,302,8,M_1880
pdnc,qID,Q209-0,she,112959,112962,2,302,8,M_1881
pdnc,qID,Q209-0,she,112980,112983,2,302,8,M_1882
pdnc,qID,Q209-0,She,113055,113058,2,302,8,M_1883
pdnc,qID,Q209-0,Harriet,113161,113168,2,302,8,M_1884
exp,exp_name,mr. knightley,Mr. Knightley,113227,113240,6,303,8,M_1885
pdnc,qID,Q210-1,Harriet Smith,113368,113381,2,303,8,M_1886
exp,exp_name,emma,Emma,113402,113406,0,304,8,M_1887
booknlp,COREF,94,She,113540,113543,0,304,8,M_1888
booknlp,COREF,94,she,113564,113567,0,304,8,M_1889
booknlp,COREF,94,she,113578,113581,0,304,8,M_1890
booknlp,COREF,94,herself,113596,113603,0,304,8,M_1891
booknlp,COREF,94,she,113692,113695,0,304,8,M_1892
booknlp,COREF,94,her,113767,113770,0,304,8,M_1893
booknlp,COREF,94,her,113807,113810,0,304,8,M_1894
booknlp,COREF,94,her,113853,113856,0,304,8,M_1895
exp,exp_name,emma,Emma,113969,113973,0,304,8,M_1896
pdnc,qID,Q211-0,Your,114211,114215,0,305,8,M_1897
pdnc,qID,Q211-0,Harriet,114226,114233,2,305,8,M_1898
pdnc,qID,Q211-0,you,114269,114272,0,305,8,M_1899
pdnc,qID,Q211-0,your,114291,114295,0,305,8,M_1900
pdnc,qID,Q211-0,you,114376,114379,0,305,8,M_1901
pdnc,qID,Q211-0,you,114424,114427,0,305,8,M_1902
pdnc,qID,Q211-0,Elton,114436,114441,8,305,8,M_1903
exp,exp_name,emma,Emma,114495,114499,0,306,8,M_1904
pdnc,qID,Q212-0,Elton,114556,114561,8,307,8,M_1905
pdnc,qID,Q212-0,Elton,114575,114580,8,307,8,M_1906
pdnc,qID,Q212-0,He,114701,114703,8,307,8,M_1907
pdnc,qID,Q212-0,Elton,114758,114763,8,307,8,M_1908
pdnc,qID,Q212-0,he,114792,114794,8,307,8,M_1909
pdnc,qID,Q212-0,He,114816,114818,8,307,8,M_1910
pdnc,qID,Q212-0,his,114846,114849,8,307,8,M_1911
pdnc,qID,Q212-0,you,114865,114868,0,307,8,M_1912
pdnc,qID,Q212-0,Harriet,114881,114888,2,307,8,M_1913
pdnc,qID,Q212-0,He,114892,114894,8,307,8,M_1914
pdnc,qID,Q212-0,he,114906,114908,8,307,8,M_1915
pdnc,qID,Q212-0,he,114970,114972,8,307,8,M_1916
pdnc,qID,Q212-0,his,114988,114991,8,307,8,M_1917
pdnc,qID,Q212-0,he,115091,115093,8,307,8,M_1918
booknlp,COREF,150,himself,115117,115124,8,307,8,M_1919
pdnc,qID,Q212-0,him,115144,115147,8,307,8,M_1920
pdnc,qID,Q212-0,his,115214,115217,8,307,8,M_1921
booknlp,COREF,94,I,115292,115293,0,308,8,M_1922
pdnc,qID,Q213-0,you,115318,115321,6,308,8,M_1923
exp,exp_name,emma,Emma,115329,115333,0,308,8,M_1924
booknlp,COREF,94,I,115355,115356,0,308,8,M_1925
booknlp,COREF,94,my,115365,115367,0,308,8,M_1926
pdnc,qID,Q213-1,Mr. Elton,115377,115386,8,308,8,M_1927
pdnc,qID,Q213-1,Harriet,115398,115405,2,308,8,M_1928
booknlp,COREF,94,my,115444,115446,0,308,8,M_1929
booknlp,COREF,94,I,115468,115469,0,308,8,M_1930
pdnc,qID,Q213-1,Harriet,115488,115495,2,308,8,M_1931
booknlp,COREF,94,myself,115499,115505,0,308,8,M_1932
booknlp,COREF,94,I,115507,115508,0,308,8,M_1933
booknlp,COREF,94,I,115545,115546,0,308,8,M_1934
booknlp,COREF,94,my,115573,115575,0,308,8,M_1935
booknlp,COREF,94,I,115600,115601,0,308,8,M_1936
booknlp,COREF,94,I,115624,115625,0,308,8,M_1937
pdnc,qID,Q214-0,you,115654,115657,0,309,8,M_1938
exp,exp_name,emma,Emma,115896,115900,0,309,8,M_1939
exp,exp_name,emma,Emma,115958,115962,0,310,8,M_1940
booknlp,COREF,94,her,116051,116054,0,310,8,M_1941
booknlp,COREF,94,She,116071,116074,0,310,8,M_1942
booknlp,COREF,94,herself,116124,116131,0,310,8,M_1943
booknlp,COREF,94,her,116160,116163,0,310,8,M_1944
booknlp,COREF,94,her,116188,116191,0,310,8,M_1945
exp,exp_name,mr. knightley,Mr. Knightley,116214,116227,6,310,8,M_1946
booknlp,COREF,94,her,116294,116297,0,310,8,M_1947
booknlp,COREF,94,She,116299,116302,0,310,8,M_1948
exp,exp_name,harriet,Harriet,116386,116393,2,310,8,M_1949
exp,exp_name,harriet,Harriet,116427,116434,2,310,8,M_1950
booknlp,COREF,94,her,116480,116483,0,310,8,M_1951
exp,exp_name,harriet,Harriet,116583,116590,2,310,8,M_1952
exp,exp_name,harriet,Harriet,116720,116727,2,310,8,M_1953
booknlp,COREF,112,her,116811,116814,2,310,8,M_1954
booknlp,COREF,112,she,116829,116832,2,310,8,M_1955
booknlp,COREF,112,her,116867,116870,2,310,8,M_1956
booknlp,COREF,112,her,116876,116879,2,310,8,M_1957
booknlp,COREF,112,her,116904,116907,2,310,8,M_1958
exp,exp_name,mr. knightley,Mr. Knightley,116918,116931,6,310,8,M_1959
booknlp,COREF,112,she,116960,116963,2,310,8,M_1960
booknlp,COREF,112,her,117065,117068,2,311,8,M_1961
exp,exp_name,mr. elton,Mr. Elton,117084,117093,8,311,8,M_1962
booknlp,COREF,112,she,117104,117107,2,311,8,M_1963
exp,exp_name,mr. knightley,Mr. Knightley,117124,117137,6,311,8,M_1964
booknlp,COREF,112,she,117169,117172,2,311,8,M_1965
booknlp,COREF,112,she,117215,117218,2,311,8,M_1966
booknlp,COREF,112,herself,117243,117250,2,311,8,M_1967
exp,exp_name,mr. knightley,Mr. Knightley,117264,117277,6,311,8,M_1968
booknlp,COREF,112,herself,117350,117357,2,311,8,M_1969
booknlp,COREF,112,she,117403,117406,2,311,8,M_1970
exp,exp_name,mr. elton,Mr. Elton,117556,117565,8,311,8,M_1971
booknlp,COREF,112,she,117597,117600,2,311,8,M_1972
exp,exp_name,mr. elton,Mr. Elton,117620,117629,8,311,8,M_1973
booknlp,COREF,150,he,117707,117709,8,311,8,M_1974
exp,exp_name,mr. knightley,Mr. Knightley,117780,117793,6,311,8,M_1975
exp,exp_name,mr. knightley,Mr. Knightley,117895,117908,6,311,8,M_1976
booknlp,COREF,112,she,117980,117983,2,311,8,M_1977
booknlp,COREF,112,she,118163,118166,2,311,8,M_1978
exp,exp_name,mr. elton,Mr. Elton,118199,118208,8,311,8,M_1979
exp,exp_name,harriet,Harriet,118211,118218,2,312,8,M_1980
booknlp,COREF,112,hers,118258,118262,2,312,8,M_1981
booknlp,COREF,112,she,118264,118267,2,312,8,M_1982
exp,exp_name,mr. elton,Mr. Elton,118322,118331,8,312,8,M_1983
booknlp,COREF,112,her,118360,118363,2,312,8,M_1984
booknlp,COREF,112,she,118381,118384,2,312,8,M_1985
exp,exp_name,mr. elton,Mr. Elton,118609,118618,8,312,8,M_1986
exp,exp_name,mr. elton,Mr. Elton,118658,118667,8,312,8,M_1987
booknlp,COREF,150,his,118684,118687,8,312,8,M_1988
booknlp,COREF,150,he,118789,118791,8,312,8,M_1989
booknlp,COREF,150,him,118865,118868,8,312,8,M_1990
booknlp,COREF,150,him,118888,118891,8,312,8,M_1991
booknlp,COREF,150,him,118913,118916,8,312,8,M_1992
booknlp,COREF,150,himself,118947,118954,8,312,8,M_1993
booknlp,COREF,150,him,118988,118991,8,312,8,M_1994
booknlp,COREF,150,his,119003,119006,8,312,8,M_1995
exp,exp_name,mr. elton,Mr. Elton,119050,119059,8,312,8,M_1996
booknlp,COREF,150,he,119145,119147,8,312,8,M_1997
booknlp,COREF,150,he,119176,119178,8,312,8,M_1998
booknlp,COREF,150,him,119371,119374,8,312,8,M_1999
booknlp,COREF,150,him,119445,119448,8,312,8,M_2000
exp,exp_name,mr. elton,Mr. Elton,119457,119466,8,312,8,M_2001
exp,exp_name,mr. elton,Mr. Elton,119610,119619,8,312,8,M_2002
booknlp,COREF,150,his,119714,119717,8,312,8,M_2003
exp,exp_name,mr. elton,Mr. Elton,119775,119784,8,312,8,M_2004
exp,exp_name,mr. elton,Mr. Elton,119870,119879,8,312,8,M_2005
booknlp,COREF,150,his,119888,119891,8,312,8,M_2006
exp,exp_name,mr. knightley,Mr. Knightley,119944,119957,6,314,9,M_2007
exp,exp_name,emma,Emma,119986,119990,0,314,9,M_2008
booknlp,COREF,94,herself,120014,120021,0,314,9,M_2009
booknlp,COREF,150,He,120023,120025,8,314,9,M_2010
booknlp,COREF,150,he,120087,120089,8,314,9,M_2011
booknlp,COREF,150,his,120139,120142,8,314,9,M_2012
exp,exp_name,mr. elton,Mr. Elton,120430,120439,8,315,9,M_2013
booknlp,COREF,150,he,120514,120516,8,315,9,M_2014
booknlp,COREF,150,his,120554,120557,8,315,9,M_2015
booknlp,COREF,150,he,120595,120597,8,315,9,M_2016
exp,exp_name,harriet,Harriet,120616,120623,2,315,9,M_2017
booknlp,COREF,112,her,120716,120719,2,315,9,M_2018
exp,exp_name,emma,Emma,120753,120757,0,315,9,M_2019
booknlp,COREF,150,he,120842,120844,8,315,9,M_2020
exp,exp_name,mr. elton,Mr. Elton,120871,120880,8,315,9,M_2021
exp,exp_name,harriet,Harriet,121216,121223,2,316,9,M_2022
exp,exp_name,harriet,Harriet,121360,121367,2,316,9,M_2023
booknlp,COREF,112,she,121406,121409,2,316,9,M_2024
booknlp,COREF,112,she,121517,121520,2,316,9,M_2025
booknlp,COREF,112,her,121590,121593,2,316,9,M_2026
exp,exp_name,harriet,Harriet,121816,121823,2,317,9,M_2027
exp,exp_name,miss woodhouse,Miss Woodhouse,121882,121896,0,317,9,M_2028
exp,exp_name,emma,Emma,121931,121935,0,317,9,M_2029
booknlp,COREF,94,her,121950,121953,0,317,9,M_2030
exp,exp_name,harriet,Harriet,121990,121997,2,317,9,M_2031
exp,exp_name,mr. woodhouse,Mr. Woodhouse,122109,122122,10,318,9,M_2032
booknlp,COREF,85,he,122300,122302,10,318,9,M_2033
booknlp,COREF,85,he,122314,122316,10,318,9,M_2034
booknlp,COREF,85,he,122326,122328,10,318,9,M_2035
booknlp,COREF,85,he,122358,122360,10,318,9,M_2036
booknlp,COREF,85,he,122367,122369,10,318,9,M_2037
booknlp,COREF,85,His,122445,122448,10,319,9,M_2038
booknlp,COREF,85,he,122478,122480,10,319,9,M_2039
booknlp,COREF,85,he,122574,122576,10,319,9,M_2040
booknlp,COREF,85,he,122624,122626,10,319,9,M_2041
booknlp,COREF,85,he,122658,122660,10,319,9,M_2042
booknlp,COREF,85,his,122720,122723,10,320,9,M_2043
exp,exp_name,mr. elton,Mr. Elton,122816,122825,8,320,9,M_2044
booknlp,COREF,150,He,122871,122873,8,320,9,M_2045
booknlp,COREF,150,he,122954,122956,8,320,9,M_2046
booknlp,COREF,150,him,123009,123012,8,320,9,M_2047
booknlp,COREF,150,his,123040,123043,8,320,9,M_2048
booknlp,COREF,150,his,123216,123219,8,320,9,M_2049
booknlp,COREF,150,him,123239,123242,8,320,9,M_2050
booknlp,COREF,150,he,123326,123328,8,320,9,M_2051
pdnc,qID,Q215-0,you,123665,123668,8,323,9,M_2052
booknlp,COREF,150,yourself,123679,123687,8,323,9,M_2053
pdnc,qID,Q215-0,Mr. Elton,123696,123705,8,323,9,M_2054
pdnc,qID,Q215-1,you,123795,123798,8,323,9,M_2055
booknlp,COREF,150,he,123810,123812,8,324,9,M_2056
booknlp,COREF,150,his,123870,123873,8,324,9,M_2057
booknlp,COREF,150,He,123902,123904,8,324,9,M_2058
exp,exp_name,miss woodhouse,Miss Woodhouse,123925,123939,0,324,9,M_2059
exp,exp_name,miss smith,Miss Smith,123965,123975,2,324,9,M_2060
booknlp,COREF,150,him,123990,123993,8,324,9,M_2061
booknlp,COREF,150,He,124059,124061,8,325,9,M_2062
booknlp,COREF,150,he,124147,124149,8,325,9,M_2063
booknlp,COREF,150,his,124185,124188,8,325,9,M_2064
booknlp,COREF,150,his,124234,124237,8,325,9,M_2065
booknlp,COREF,150,his,124266,124269,8,325,9,M_2066
exp,exp_name,emma,Emma,124278,124282,0,325,9,M_2067
booknlp,COREF,150,his,124317,124320,8,325,9,M_2068
booknlp,COREF,150,I,124328,124329,8,326,9,M_2069
pdnc,qID,Q216-0,Miss Smith,124350,124360,2,326,9,M_2070
booknlp,COREF,150,he,124381,124383,8,326,9,M_2071
booknlp,COREF,150,my,124392,124394,8,326,9,M_2072
booknlp,COREF,150,I,124405,124406,8,326,9,M_2073
booknlp,COREF,112,you,124479,124482,2,326,9,M_2074
exp,exp_name,emma,Emma,124539,124543,0,327,9,M_2075
exp,exp_name,harriet,Harriet,124552,124559,2,327,9,M_2076
exp,exp_name,emma,Emma,124567,124571,0,327,9,M_2077
booknlp,COREF,150,him,124625,124628,8,327,9,M_2078
booknlp,COREF,150,he,124634,124636,8,327,9,M_2079
booknlp,COREF,94,her,124661,124664,0,327,9,M_2080
booknlp,COREF,94,her,124674,124677,0,327,9,M_2081
booknlp,COREF,150,He,124688,124690,8,327,9,M_2082
exp,exp_name,emma,Emma,124765,124769,0,328,9,M_2083
exp,exp_name,harriet,Harriet,124810,124817,2,328,9,M_2084
pdnc,qID,Q217-1,you,124830,124833,2,328,9,M_2085
pdnc,qID,Q217-1,your,124840,124844,2,328,9,M_2086
exp,exp_name,harriet,Harriet,124856,124863,2,329,9,M_2087
exp,exp_name,emma,Emma,124909,124913,0,329,9,M_2088
booknlp,COREF,94,herself,124965,124972,0,329,9,M_2089
exp,exp_name,harriet,Harriet,125648,125655,2,335,9,M_2090
exp,exp_name,harriet,Harriet,125707,125714,2,335,9,M_2091
pdnc,qID,Q218-0,Mr. Elton,125797,125806,8,335,9,M_2092
booknlp,COREF,112,I,125826,125827,2,335,9,M_2093
booknlp,COREF,112,I,125885,125886,2,335,9,M_2094
pdnc,qID,Q218-0,you,125892,125895,8,335,9,M_2095
pdnc,qID,Q218-0,your,125927,125931,8,335,9,M_2096
pdnc,qID,Q218-0,Miss Smith,125973,125983,2,335,9,M_2097
booknlp,COREF,112,me,125990,125992,2,335,9,M_2098
booknlp,COREF,112,my,126006,126008,2,335,9,M_2099
booknlp,COREF,112,you,126022,126025,2,335,9,M_2100
booknlp,COREF,112,my,126035,126037,2,335,9,M_2101
booknlp,COREF,112,my,126050,126052,2,335,9,M_2102
pdnc,qID,Q218-1,Harriet,126133,126140,2,337,9,M_2103
pdnc,qID,Q218-1,her,126176,126179,2,337,9,M_2104
pdnc,qID,Q218-2,Harriet,126291,126298,2,339,9,M_2105
pdnc,qID,Q218-2,her,126381,126384,2,339,9,M_2106
pdnc,qID,Q218-2,Mr. Knightley,126393,126406,6,339,9,M_2107
pdnc,qID,Q218-2,you,126415,126418,6,339,9,M_2108
pdnc,qID,Q218-2,you,126472,126475,6,339,9,M_2109
pdnc,qID,Q218-2,your,126489,126493,6,339,9,M_2110
pdnc,qID,Q218-2,you,126499,126502,6,339,9,M_2111
booknlp,COREF,132,yourself,126527,126535,6,339,9,M_2112
booknlp,COREF,112,She,126646,126649,2,340,9,M_2113
exp,exp_name,harriet,Harriet,126791,126798,2,340,9,M_2114
pdnc,qID,Q219-0,Miss Woodhouse,126840,126854,0,341,9,M_2115
pdnc,qID,Q219-0,Miss Woodhouse,126973,126987,0,341,9,M_2116
pdnc,qID,Q219-0,you,127112,127115,0,341,9,M_2117
pdnc,qID,Q221-0,he,127377,127379,8,345,9,M_2118
pdnc,qID,Q221-0,Miss Woodhouse,127411,127425,0,345,9,M_2119
pdnc,qID,Q221-0,you,127430,127433,0,345,9,M_2120
pdnc,qID,Q222-0,My dear Harriet,127501,127516,2,346,9,M_2121
pdnc,qID,Q222-0,you,127527,127530,2,346,9,M_2122
pdnc,qID,Q222-0,his,127570,127573,8,346,9,M_2123
pdnc,qID,Q223-0,Miss Smith,127693,127703,2,347,9,M_2124
pdnc,qID,Q227-0,my dear Harriet,128269,128284,2,353,9,M_2125
pdnc,qID,Q227-0,you,128286,128289,2,353,9,M_2126
booknlp,COREF,112,yourself,128358,128366,2,353,9,M_2127
pdnc,qID,Q227-0,you,128415,128418,2,353,9,M_2128
pdnc,qID,Q227-0,you,128426,128429,2,353,9,M_2129
exp,exp_name,harriet,Harriet,128433,128440,2,354,9,M_2130
booknlp,COREF,112,She,128491,128494,2,354,9,M_2131
booknlp,COREF,112,She,128557,128560,2,354,9,M_2132
booknlp,COREF,112,she,128582,128585,2,354,9,M_2133
booknlp,COREF,112,her,128629,128632,2,354,9,M_2134
exp,exp_name,emma,Emma,128642,128646,0,354,9,M_2135
booknlp,COREF,112,her,128657,128660,2,354,9,M_2136
booknlp,COREF,94,she,128740,128743,0,355,9,M_2137
booknlp,COREF,94,I,128751,128752,0,355,9,M_2138
pdnc,qID,Q228-1,Mr. Elton,128779,128788,8,355,9,M_2139
pdnc,qID,Q228-1,You,128803,128806,2,355,9,M_2140
pdnc,qID,Q228-1,his,128811,128814,8,355,9,M_2141
pdnc,qID,Q228-1,you,128827,128830,2,355,9,M_2142
booknlp,COREF,94,I,128877,128878,0,355,9,M_2143
booknlp,COREF,94,I,128902,128903,0,355,9,M_2144
booknlp,COREF,94,I,128912,128913,0,355,9,M_2145
pdnc,qID,Q228-1,his,128975,128978,8,355,9,M_2146
booknlp,COREF,94,my,129012,129014,0,355,9,M_2147
booknlp,COREF,94,I,129058,129059,0,355,9,M_2148
pdnc,qID,Q228-1,you,129065,129068,2,355,9,M_2149
pdnc,qID,Q228-1,Harriet,129075,129082,2,355,9,M_2150
booknlp,COREF,94,I,129102,129103,0,355,9,M_2151
booknlp,COREF,94,I,129168,129169,0,355,9,M_2152
pdnc,qID,Q228-1,you,129217,129220,2,355,9,M_2153
pdnc,qID,Q228-1,Mr. Elton,129225,129234,8,355,9,M_2154
booknlp,COREF,94,I,129344,129345,0,355,9,M_2155
booknlp,COREF,94,I,129361,129362,0,355,9,M_2156
pdnc,qID,Q228-1,you,129376,129379,2,355,9,M_2157
pdnc,qID,Q228-1,my dear Harriet,129381,129396,2,355,9,M_2158
booknlp,COREF,94,my,129407,129409,0,355,9,M_2159
pdnc,qID,Q228-1,you,129550,129553,2,355,9,M_2160
pdnc,qID,Q228-1,you,129571,129574,2,355,9,M_2161
pdnc,qID,Q228-1,you,129637,129640,2,355,9,M_2162
booknlp,COREF,112,your,129662,129666,2,355,9,M_2163
booknlp,COREF,93,Hartfield,129690,129699,0,355,9,M_2164
booknlp,COREF,94,me,129707,129709,0,355,9,M_2165
pdnc,qID,Q228-1,Harriet,129752,129759,2,355,9,M_2166
pdnc,qID,Q229-0,Dear Miss Woodhouse,129826,129845,0,356,9,M_2167
pdnc,qID,Q229-1,Dear Miss Woodhouse,129854,129873,0,356,9,M_2168
exp,exp_name,harriet,Harriet,129889,129896,2,356,9,M_2169
booknlp,COREF,112,her,130042,130045,2,356,9,M_2170
booknlp,COREF,112,she,130058,130061,2,356,9,M_2171
booknlp,COREF,112,she,130109,130112,2,356,9,M_2172
exp,exp_name,mr. elton,Mr. Elton,130120,130129,8,356,9,M_2173
booknlp,COREF,150,you,130186,130189,8,357,9,M_2174
exp,exp_name,harriet,Harriet,130218,130225,2,357,9,M_2175
booknlp,COREF,112,I,130242,130243,2,357,9,M_2176
booknlp,COREF,112,I,130304,130305,2,357,9,M_2177
booknlp,COREF,112,I,130365,130366,2,357,9,M_2178
pdnc,qID,Q230-1,Mr. Elton,130376,130385,8,357,9,M_2179
pdnc,qID,Q230-1,him,130449,130452,8,357,9,M_2180
pdnc,qID,Q230-1,He,130455,130457,8,357,9,M_2181
booknlp,COREF,112,me,130536,130538,2,357,9,M_2182
booknlp,COREF,112,me,130582,130584,2,357,9,M_2183
booknlp,COREF,112,I,130869,130870,2,359,9,M_2184
booknlp,COREF,112,I,130893,130894,2,359,9,M_2185
pdnc,qID,Q233-0,You,131237,131240,2,360,9,M_2186
pdnc,qID,Q233-0,Mr. Elton,131245,131254,8,360,9,M_2187
pdnc,qID,Q233-0,you,131289,131292,2,360,9,M_2188
pdnc,qID,Q233-0,your,131340,131344,2,360,9,M_2189
pdnc,qID,Q233-0,Your,131363,131367,2,360,9,M_2190
pdnc,qID,Q235-0,Mr. Elton,131718,131727,8,363,9,M_2191
booknlp,COREF,112,"me,--me",131758,131765,2,363,9,M_2192
pdnc,qID,Q235-0,him,131799,131802,8,363,9,M_2193
pdnc,qID,Q235-0,him,131816,131819,8,363,9,M_2194
pdnc,qID,Q235-0,he,131840,131842,8,363,9,M_2195
pdnc,qID,Q235-0,Mr. Knightley,131933,131946,6,363,9,M_2196
pdnc,qID,Q235-0,His,131948,131951,8,363,9,M_2197
pdnc,qID,Q235-0,he,131998,132000,8,363,9,M_2198
booknlp,COREF,150,himself,132031,132038,8,363,9,M_2199
pdnc,qID,Q235-0,he,132042,132044,8,363,9,M_2200
pdnc,qID,Q235-0,he,132069,132071,8,363,9,M_2201
pdnc,qID,Q235-0,he,132195,132197,8,363,9,M_2202
pdnc,qID,Q235-0,he,132227,132229,8,363,9,M_2203
booknlp,COREF,112,me,132253,132255,2,363,9,M_2204
booknlp,COREF,112,I,132262,132263,2,363,9,M_2205
booknlp,COREF,112,I,132292,132293,2,363,9,M_2206
pdnc,qID,Q235-0,him,132298,132301,8,363,9,M_2207
booknlp,COREF,112,I,132318,132319,2,363,9,M_2208
booknlp,COREF,112,I,132347,132348,2,363,9,M_2209
booknlp,COREF,150,he,132416,132418,8,363,9,M_2210
booknlp,COREF,112,me,132528,132530,2,363,9,M_2211
booknlp,COREF,112,me,132555,132557,2,363,9,M_2212
booknlp,COREF,150,he,132626,132628,8,363,9,M_2213
pdnc,qID,Q235-0,He,132637,132639,8,363,9,M_2214
exp,exp_name,cole,Cole,132664,132668,12,363,9,M_2215
pdnc,qID,Q236-0,your,132718,132722,2,364,9,M_2216
pdnc,qID,Q236-0,you,132889,132892,2,364,9,M_2217
pdnc,qID,Q236-0,you,133001,133004,2,364,9,M_2218
pdnc,qID,Q236-0,you,133076,133079,2,364,9,M_2219
pdnc,qID,Q236-0,you,133147,133150,2,364,9,M_2220
booknlp,COREF,112,I,133351,133352,2,365,9,M_2221
pdnc,qID,Q237-0,Mr. Elton,133407,133416,8,365,9,M_2222
booknlp,COREF,112,I,133467,133468,2,365,9,M_2223
booknlp,COREF,112,I,133496,133497,2,365,9,M_2224
pdnc,qID,Q238-0,he,133552,133554,8,366,9,M_2225
pdnc,qID,Q238-0,his,133568,133571,8,366,9,M_2226
pdnc,qID,Q238-0,his,133582,133585,8,366,9,M_2227
booknlp,COREF,112,I,133623,133624,2,367,9,M_2228
booknlp,COREF,112,I,133677,133678,2,367,9,M_2229
exp,exp_name,harriet,Harriet,133908,133915,2,371,9,M_2230
booknlp,COREF,112,her,134002,134005,2,371,9,M_2231
booknlp,COREF,112,she,134037,134040,2,372,9,M_2232
booknlp,COREF,112,her,134053,134056,2,372,9,M_2233
exp,exp_name,emma,Emma,134304,134308,0,373,9,M_2234
exp,exp_name,harriet,Harriet,134412,134419,2,374,9,M_2235
pdnc,qID,Q244-1,Miss Woodhouse,134522,134536,0,374,9,M_2236
booknlp,COREF,112,me,134580,134582,2,375,9,M_2237
pdnc,qID,Q245-0,You,134584,134587,2,375,9,M_2238
pdnc,qID,Q245-0,He,134600,134602,8,375,9,M_2239
booknlp,COREF,112,I,134630,134631,2,375,9,M_2240
booknlp,COREF,112,I,134651,134652,2,375,9,M_2241
pdnc,qID,Q245-0,him,134666,134669,8,375,9,M_2242
pdnc,qID,Q245-0,you,134729,134732,2,375,9,M_2243
pdnc,qID,Q245-0,Your,134758,134762,2,375,9,M_2244
booknlp,COREF,112,me,134822,134824,2,375,9,M_2245
pdnc,qID,Q246-0,Miss Woodhouse,134833,134847,0,376,9,M_2246
pdnc,qID,Q247-0,you,135023,135026,2,377,9,M_2247
booknlp,COREF,139,your,135052,135056,0,377,9,M_2248
pdnc,qID,Q249-0,you,135225,135228,2,379,9,M_2249
pdnc,qID,Q249-0,you,135243,135246,2,379,9,M_2250
pdnc,qID,Q249-0,he,135456,135458,8,379,9,M_2251
pdnc,qID,Q249-0,his,135482,135485,8,379,9,M_2252
pdnc,qID,Q249-0,his,135521,135524,8,379,9,M_2253
booknlp,COREF,112,me,135605,135607,2,379,9,M_2254
booknlp,COREF,112,I,135618,135619,2,379,9,M_2255
pdnc,qID,Q249-0,you,135688,135691,2,379,9,M_2256
exp,exp_name,harriet,Harriet,135695,135702,2,380,9,M_2257
booknlp,COREF,112,her,135721,135724,2,380,9,M_2258
booknlp,COREF,112,her,135793,135796,2,380,9,M_2259
booknlp,COREF,112,I,135915,135916,2,381,9,M_2260
booknlp,COREF,112,my,135953,135955,2,381,9,M_2261
booknlp,COREF,112,she,135973,135976,2,381,9,M_2262
exp,exp_name,emma,Emma,136000,136004,0,382,9,M_2263
booknlp,COREF,94,I,136067,136068,0,382,9,M_2264
pdnc,qID,Q251-1,my father,136099,136108,10,382,9,M_2265
pdnc,qID,Q251-1,you,136117,136120,2,382,9,M_2266
booknlp,COREF,94,my,136140,136142,0,382,9,M_2267
pdnc,qID,Q251-1,him,136166,136169,10,382,9,M_2268
pdnc,qID,Q251-1,him,136189,136192,10,382,9,M_2269
pdnc,qID,Q251-1,He,136211,136213,10,382,9,M_2270
pdnc,qID,Q251-1,He,136298,136300,10,382,9,M_2271
pdnc,qID,Q251-1,You,136356,136359,2,382,9,M_2272
booknlp,COREF,94,me,136369,136371,0,382,9,M_2273
pdnc,qID,Q251-1,him,136383,136386,10,382,9,M_2274
exp,exp_name,harriet,Harriet,136390,136397,2,383,9,M_2275
pdnc,qID,Q252-0,My dear Harriet,136414,136429,2,384,9,M_2276
pdnc,qID,Q252-0,you,136431,136434,2,384,9,M_2277
pdnc,qID,Q252-0,You,136480,136483,2,384,9,M_2278
pdnc,qID,Q252-0,your,136496,136500,2,384,9,M_2279
pdnc,qID,Q252-0,you,136525,136528,2,384,9,M_2280
pdnc,qID,Q252-0,he,136719,136721,8,384,9,M_2281
pdnc,qID,Q252-0,he,136752,136754,8,384,9,M_2282
booknlp,COREF,112,I,136791,136792,2,384,9,M_2283
pdnc,qID,Q252-0,he,136805,136807,8,384,9,M_2284
booknlp,COREF,112,me,136833,136835,2,384,9,M_2285
pdnc,qID,Q252-0,you,136849,136852,2,384,9,M_2286
pdnc,qID,Q252-0,us,136865,136867,0,384,9,M_2287
pdnc,qID,Q252-0,He,136899,136901,8,384,9,M_2288
booknlp,COREF,112,I,137003,137004,2,385,9,M_2289
booknlp,COREF,112,I,137010,137011,2,385,9,M_2290
pdnc,qID,Q253-0,you,137052,137055,0,385,9,M_2291
exp,exp_name,mr. woodhouse,Mr. Woodhouse,137066,137079,10,386,9,M_2292
booknlp,COREF,85,his,137150,137153,10,386,9,M_2293
booknlp,COREF,112,my,137186,137188,2,386,9,M_2294
booknlp,COREF,112,your,137205,137209,2,386,9,M_2295
booknlp,COREF,112,you,137228,137231,2,386,9,M_2296
pdnc,qID,Q255-0,papa,137261,137265,10,387,9,M_2297
pdnc,qID,Q255-0,you,137293,137296,10,387,9,M_2298
booknlp,COREF,85,him,137490,137493,10,388,9,M_2299
booknlp,COREF,85,he,137503,137505,10,388,9,M_2300
booknlp,COREF,85,he,137642,137644,10,388,9,M_2301
pdnc,qID,Q257-0,my dear,137870,137877,0,389,9,M_2302
booknlp,COREF,85,I,137884,137885,10,389,9,M_2303
pdnc,qID,Q257-0,you,137970,137973,0,389,9,M_2304
pdnc,qID,Q257-0,Emma,137975,137979,0,389,9,M_2305
exp,exp_name,emma,Emma,137983,137987,0,390,9,M_2306
booknlp,COREF,85,he,138063,138065,10,390,9,M_2307
pdnc,qID,Q258-0,you,138110,138113,0,391,9,M_2308
pdnc,qID,Q258-0,Your,138126,138130,0,391,9,M_2309
booknlp,COREF,85,I,138181,138182,10,391,9,M_2310
booknlp,COREF,85,I,138207,138208,10,391,9,M_2311
pdnc,qID,Q258-0,you,138270,138273,0,391,9,M_2312
booknlp,COREF,85,me,138285,138287,10,391,9,M_2313
booknlp,COREF,85,I,138297,138298,10,391,9,M_2314
pdnc,qID,Q258-1,my dear,138648,138655,0,393,9,M_2315
pdnc,qID,Q258-1,you,138657,138660,0,393,9,M_2316
pdnc,qID,Q258-1,you,138666,138669,0,393,9,M_2317
pdnc,qID,Q259-0,papa,138690,138694,10,394,9,M_2318
pdnc,qID,Q259-0,you,138792,138795,10,394,9,M_2319
booknlp,COREF,87,I,138829,138830,3,395,9,M_2320
pdnc,qID,Q261-0,poor Isabella,138923,138936,3,397,9,M_2321
pdnc,qID,Q261-0,she,138942,138945,3,397,9,M_2322
booknlp,COREF,87,her,138993,138996,3,397,9,M_2323
pdnc,qID,Q261-0,her,139029,139032,3,397,9,M_2324
pdnc,qID,Q261-0,you,139054,139057,0,397,9,M_2325
pdnc,qID,Q261-0,my dear,139067,139074,0,397,9,M_2326
pdnc,qID,Q261-0,you,139082,139085,0,397,9,M_2327
pdnc,qID,Q261-0,her,139096,139099,3,397,9,M_2328
pdnc,qID,Q262-0,she,139159,139162,3,398,9,M_2329
pdnc,qID,Q262-0,her,139173,139176,3,398,9,M_2330
pdnc,qID,Q262-0,she,139207,139210,3,398,9,M_2331
pdnc,qID,Q262-0,you,139283,139286,10,398,9,M_2332
booknlp,COREF,87,I,139328,139329,3,399,9,M_2333
pdnc,qID,Q263-0,my dear,139343,139350,0,399,9,M_2334
pdnc,qID,Q263-0,she,139376,139379,3,399,9,M_2335
pdnc,qID,Q263-0,Mr. John Knightley,139445,139463,5,399,9,M_2336
pdnc,qID,Q263-0,Poor Isabella,139504,139517,3,399,9,M_2337
pdnc,qID,Q263-0,she,139520,139523,3,399,9,M_2338
pdnc,qID,Q263-0,she,139572,139575,3,399,9,M_2339
pdnc,qID,Q263-0,she,139589,139592,3,399,9,M_2340
pdnc,qID,Q263-0,Miss Taylor,139611,139622,15,399,9,M_2341
pdnc,qID,Q264-0,She,139632,139635,3,400,9,M_2342
pdnc,qID,Q264-0,papa,139659,139663,10,400,9,M_2343
booknlp,COREF,87,I,139678,139679,3,401,9,M_2344
pdnc,qID,Q265-0,my dear,139693,139700,0,401,9,M_2345
booknlp,COREF,87,I,139702,139703,3,401,9,M_2346
booknlp,COREF,87,I,139712,139713,3,401,9,M_2347
booknlp,COREF,87,I,139743,139744,3,401,9,M_2348
pdnc,qID,Q265-0,she,139757,139760,15,401,9,M_2349
exp,exp_name,mrs. weston,Mrs. Weston,139809,139820,15,402,9,M_2350
pdnc,qID,Q266-0,Isabella,139844,139852,3,402,9,M_2351
pdnc,qID,Q267-0,my dear,139870,139877,0,403,9,M_2352
pdnc,qID,Q268-0,she,139931,139934,3,403,9,M_2353
pdnc,qID,Q269-0,Mr. John Knightley,140087,140105,5,404,9,M_2354
pdnc,qID,Q269-0,papa,140170,140174,10,404,9,M_2355
exp,exp_name,mr. knightley,Mr. Knightley,140310,140323,6,404,9,M_2356
pdnc,qID,Q269-0,you,140377,140380,10,404,9,M_2357
pdnc,qID,Q269-0,they,140405,140409,3,404,9,M_2358
booknlp,COREF,87,my,140473,140475,3,405,9,M_2359
pdnc,qID,Q270-0,poor Isabella,140485,140498,3,405,9,M_2360
exp,exp_name,mr. woodhouse,Mr. Woodhouse,140539,140552,10,406,9,M_2361
exp,exp_name,mr. knightley,Mr. Knightley,140575,140588,6,406,9,M_2362
exp,exp_name,isabella,Isabella,140638,140646,3,406,9,M_2363
booknlp,COREF,85,He,140664,140666,10,406,9,M_2364
booknlp,COREF,85,I,140715,140716,10,407,9,M_2365
pdnc,qID,Q271-0,poor Isabella,140732,140745,3,407,9,M_2366
pdnc,qID,Q271-0,he,140791,140793,5,407,9,M_2367
booknlp,COREF,85,I,140800,140801,10,407,9,M_2368
pdnc,qID,Q271-0,Emma,140809,140813,0,407,9,M_2369
booknlp,COREF,85,I,140815,140816,10,407,9,M_2370
pdnc,qID,Q271-0,her,140840,140843,3,407,9,M_2371
pdnc,qID,Q271-0,She,140868,140871,3,407,9,M_2372
pdnc,qID,Q272-0,papa,140918,140922,10,408,9,M_2373
pdnc,qID,Q272-0,you,140937,140940,10,408,9,M_2374
booknlp,COREF,85,I,140981,140982,10,408,9,M_2375
pdnc,qID,Q272-0,you,140996,140999,10,408,9,M_2376
pdnc,qID,Q272-0,Isabella,141011,141019,3,408,9,M_2377
pdnc,qID,Q272-0,her husband,141047,141058,5,408,9,M_2378
exp,exp_name,mr. woodhouse,Mr. Woodhouse,141120,141133,10,409,9,M_2379
exp,exp_name,emma,Emma,141176,141180,0,409,9,M_2380
booknlp,COREF,85,his,141185,141188,10,409,9,M_2381
booknlp,COREF,85,his,141221,141224,10,409,9,M_2382
booknlp,COREF,94,she,141263,141266,0,409,9,M_2383
pdnc,qID,Q273-0,Harriet,141337,141344,2,410,9,M_2384
pdnc,qID,Q273-0,her,141369,141372,2,410,9,M_2385
pdnc,qID,Q273-0,she,141384,141387,2,410,9,M_2386
pdnc,qID,Q273-0,my brother and sister,141398,141419,5,410,9,M_2387
booknlp,COREF,94,I,141430,141431,0,410,9,M_2388
pdnc,qID,Q273-0,she,141440,141443,2,410,9,M_2389
pdnc,qID,Q273-0,papa,141526,141530,10,410,9,M_2390
booknlp,COREF,94,I,141532,141533,0,410,9,M_2391
pdnc,qID,Q273-0,she,141547,141550,2,410,9,M_2392
exp,exp_name,john,John,141587,141591,5,410,9,M_2393
booknlp,COREF,94,I,141601,141602,0,411,9,M_2394
pdnc,qID,Q274-0,she,141616,141619,2,411,9,M_2395
pdnc,qID,Q274-0,Harriet,141718,141725,2,411,9,M_2396
booknlp,COREF,94,I,141730,141731,0,412,9,M_2397
pdnc,qID,Q275-0,sir,141751,141754,10,412,9,M_2398
booknlp,COREF,94,I,141756,141757,0,412,9,M_2399
booknlp,COREF,94,I,141766,141767,0,412,9,M_2400
exp,exp_name,john,John,141820,141824,5,413,9,M_2401
pdnc,qID,Q276-0,his mama,141838,141846,3,413,9,M_2402
booknlp,COREF,94,me,141888,141890,0,413,9,M_2403
pdnc,qID,Q276-0,his father,141902,141912,5,413,9,M_2404
exp,exp_name,john,John,141914,141918,5,413,9,M_2405
pdnc,qID,Q276-0,his father,141947,141957,5,413,9,M_2406
booknlp,COREF,94,I,141986,141987,0,413,9,M_2407
pdnc,qID,Q276-0,Isabella,142026,142034,3,413,9,M_2408
booknlp,COREF,94,I,142070,142071,0,413,9,M_2409
pdnc,qID,Q276-0,her,142095,142098,3,413,9,M_2410
booknlp,COREF,94,my,142232,142234,0,413,9,M_2411
booknlp,COREF,94,me,142276,142278,0,413,9,M_2412
booknlp,COREF,94,me,142318,142320,0,413,9,M_2413
booknlp,COREF,94,I,142338,142339,0,413,9,M_2414
booknlp,COREF,94,I,142387,142388,0,413,9,M_2415
pdnc,qID,Q277-0,their father,142395,142407,5,413,9,M_2416
pdnc,qID,Q278-0,He,142446,142448,5,414,9,M_2417
pdnc,qID,Q278-0,you,142466,142469,10,414,9,M_2418
exp,exp_name,emma,Emma,142477,142481,0,414,9,M_2419
pdnc,qID,Q278-1,you,142492,142495,10,414,9,M_2420
pdnc,qID,Q278-1,you,142532,142535,10,414,9,M_2421
pdnc,qID,Q278-1,him,142550,142553,5,414,9,M_2422
pdnc,qID,Q278-1,you,142572,142575,10,414,9,M_2423
pdnc,qID,Q278-1,him,142592,142595,5,414,9,M_2424
pdnc,qID,Q278-1,He,142603,142605,5,414,9,M_2425
pdnc,qID,Q278-1,his,142613,142616,5,414,9,M_2426
pdnc,qID,Q278-1,he,142714,142716,5,414,9,M_2427
pdnc,qID,Q278-1,Mr. John Knightley,142754,142772,5,414,9,M_2428
pdnc,qID,Q278-1,him,142829,142832,5,414,9,M_2429
pdnc,qID,Q279-0,their uncle,142846,142857,6,415,9,M_2430
pdnc,qID,Q280-0,papa,142948,142952,10,416,9,M_2431
pdnc,qID,Q280-0,their uncle,143028,143039,6,416,9,M_2432
booknlp,COREF,94,I,143149,143150,0,417,9,M_2433
pdnc,qID,Q282-0,papa,143206,143210,10,418,9,M_2434
exp,exp_name,harriet,Harriet,143454,143461,2,419,9,M_2435
exp,exp_name,emma,Emma,143479,143483,0,419,9,M_2436
booknlp,COREF,94,her,143528,143531,0,419,9,M_2437
booknlp,COREF,94,she,143633,143636,0,419,9,M_2438
exp,exp_name,mr. woodhouse,Mr. Woodhouse,143738,143751,10,419,9,M_2439
exp,exp_name,cole,Cole,143945,143949,12,419,9,M_2440
exp,exp_name,emma,Emma,144079,144083,0,420,9,M_2441
booknlp,COREF,94,her,144167,144170,0,420,9,M_2442
booknlp,COREF,94,she,144215,144218,0,420,9,M_2443
booknlp,COREF,94,she,144312,144315,0,420,9,M_2444
pdnc,qID,Q283-0,you,144356,144359,8,421,9,M_2445
booknlp,COREF,94,you,144404,144407,0,421,9,M_2446
booknlp,COREF,94,I,144457,144458,0,421,9,M_2447
pdnc,qID,Q283-0,Miss Smith,144490,144500,2,421,9,M_2448
pdnc,qID,Q283-0,Your,144515,144519,8,421,9,M_2449
booknlp,COREF,94,I,144550,144551,0,421,9,M_2450
booknlp,COREF,94,I,144568,144569,0,421,9,M_2451
exp,exp_name,mr. elton,Mr. Elton,144623,144632,8,422,9,M_2452
booknlp,COREF,150,He,144679,144681,8,422,9,M_2453
exp,exp_name,emma,Emma,144768,144772,0,422,9,M_2454
exp,exp_name,harriet,Harriet,144780,144787,2,422,9,M_2455
exp,exp_name,emma,Emma,144927,144931,0,422,9,M_2456
pdnc,qID,Q284-0,You,144950,144953,8,423,9,M_2457
booknlp,COREF,94,my,144964,144966,0,423,9,M_2458
pdnc,qID,Q284-0,your,144980,144984,8,423,9,M_2459
booknlp,COREF,150,I,145135,145136,8,424,9,M_2460
exp,exp_name,mr. elton,Mr. Elton,145176,145185,8,424,9,M_2461
booknlp,COREF,150,he,145223,145225,8,424,9,M_2462
booknlp,COREF,150,I,145234,145235,8,424,9,M_2463
booknlp,COREF,150,my,145278,145280,8,424,9,M_2464
booknlp,COREF,150,I,145305,145306,8,424,9,M_2465
booknlp,COREF,150,I,145312,145313,8,424,9,M_2466
booknlp,COREF,150,I,145394,145395,8,424,9,M_2467
booknlp,COREF,150,he,145542,145544,8,425,9,M_2468
exp,exp_name,emma,Emma,145575,145579,0,425,9,M_2469
booknlp,COREF,150,his,145622,145625,8,425,9,M_2470
booknlp,COREF,150,his,145686,145689,8,425,9,M_2471
booknlp,COREF,94,her,145729,145732,0,425,9,M_2472
booknlp,COREF,94,She,145743,145746,0,425,9,M_2473
exp,exp_name,harriet,Harriet,145834,145841,2,425,9,M_2474
exp,exp_name,emma,Emma,146011,146015,0,427,10,M_2475
exp,exp_name,mr. elton,Mr. Elton,146318,146327,8,428,10,M_2476
exp,exp_name,emma,Emma,146748,146752,0,428,10,M_2477
pdnc,qID,Q286-0,you,146792,146795,2,429,10,M_2478
pdnc,qID,Q286-0,your,146800,146804,2,429,10,M_2479
exp,exp_name,harriet,Harriet,146838,146845,2,429,10,M_2480
booknlp,COREF,94,I,146967,146968,0,431,10,M_2481
exp,exp_name,emma,Emma,147009,147013,0,431,10,M_2482
booknlp,COREF,94,I,147079,147080,0,431,10,M_2483
exp,exp_name,harriet,Harriet,147198,147205,2,432,10,M_2484
booknlp,COREF,94,she,147207,147210,0,432,10,M_2485
booknlp,COREF,112,her,147231,147234,2,432,10,M_2486
booknlp,COREF,112,her,147270,147273,2,432,10,M_2487
exp,exp_name,emma,Emma,147357,147361,0,432,10,M_2488
exp,exp_name,mr. elton,Mr. Elton,147408,147417,8,432,10,M_2489
booknlp,COREF,112,her,147440,147443,2,432,10,M_2490
booknlp,COREF,112,I,147447,147448,2,433,10,M_2491
booknlp,COREF,112,she,147482,147485,2,433,10,M_2492
booknlp,COREF,112,I,147492,147493,2,433,10,M_2493
booknlp,COREF,112,I,147564,147565,2,433,10,M_2494
pdnc,qID,Q289-1,his,147591,147594,8,433,10,M_2495
pdnc,qID,Q289-1,my father,147624,147633,10,433,10,M_2496
booknlp,COREF,112,She,147637,147640,2,434,10,M_2497
exp,exp_name,harriet,Harriet,147719,147726,2,434,10,M_2498
booknlp,COREF,112,I,147748,147749,2,435,10,M_2499
pdnc,qID,Q290-0,Miss Woodhouse,147764,147778,0,435,10,M_2500
pdnc,qID,Q290-0,you,147785,147788,0,435,10,M_2501
pdnc,qID,Q290-0,you,147851,147854,0,435,10,M_2502
exp,exp_name,emma,Emma,147864,147868,0,436,10,M_2503
booknlp,COREF,112,My,147893,147895,2,437,10,M_2504
pdnc,qID,Q291-0,Harriet,147912,147919,2,437,10,M_2505
booknlp,COREF,112,me,147951,147953,2,437,10,M_2506
booknlp,COREF,112,I,147964,147965,2,437,10,M_2507
booknlp,COREF,112,I,148030,148031,2,437,10,M_2508
pdnc,qID,Q292-0,you,148149,148152,0,438,10,M_2509
booknlp,COREF,112,I,148162,148163,2,438,10,M_2510
booknlp,COREF,112,I,148186,148187,2,439,10,M_2511
booknlp,COREF,112,I,148231,148232,2,439,10,M_2512
pdnc,qID,Q293-0,Mr. Elton,148263,148272,8,439,10,M_2513
pdnc,qID,Q293-0,you,148274,148277,2,439,10,M_2514
booknlp,COREF,150,herself,148298,148305,8,439,10,M_2515
booknlp,COREF,112,I,148336,148337,2,439,10,M_2516
booknlp,COREF,112,I,148376,148377,2,439,10,M_2517
booknlp,COREF,112,I,148407,148408,2,439,10,M_2518
booknlp,COREF,112,I,148449,148450,2,439,10,M_2519
booknlp,COREF,112,I,148466,148467,2,439,10,M_2520
booknlp,COREF,112,I,148550,148551,2,441,10,M_2521
booknlp,COREF,112,I,148611,148612,2,441,10,M_2522
booknlp,COREF,112,I,148673,148674,2,441,10,M_2523
booknlp,COREF,112,my,148710,148712,2,441,10,M_2524
booknlp,COREF,112,my,148721,148723,2,441,10,M_2525
booknlp,COREF,112,I,148736,148737,2,441,10,M_2526
booknlp,COREF,112,I,148751,148752,2,441,10,M_2527
booknlp,COREF,112,I,148784,148785,2,441,10,M_2528
booknlp,COREF,112,I,148794,148795,2,441,10,M_2529
booknlp,COREF,112,mine,148843,148847,2,441,10,M_2530
booknlp,COREF,112,I,148857,148858,2,441,10,M_2531
booknlp,COREF,112,I,148883,148884,2,441,10,M_2532
booknlp,COREF,112,I,148910,148911,2,441,10,M_2533
booknlp,COREF,112,I,148925,148926,2,441,10,M_2534
booknlp,COREF,112,I,149007,149008,2,441,10,M_2535
booknlp,COREF,112,I,149049,149050,2,441,10,M_2536
booknlp,COREF,112,I,149150,149151,2,441,10,M_2537
pdnc,qID,Q296-0,my father,149158,149167,10,441,10,M_2538
pdnc,qID,Q297-0,Miss Bates,149216,149226,7,442,10,M_2539
pdnc,qID,Q298-0,you,149265,149268,2,443,10,M_2540
pdnc,qID,Q298-0,Harriet,149284,149291,2,443,10,M_2541
booknlp,COREF,112,I,149300,149301,2,443,10,M_2542
booknlp,COREF,112,I,149310,149311,2,443,10,M_2543
pdnc,qID,Q298-0,Miss Bates,149332,149342,7,443,10,M_2544
booknlp,COREF,112,me,149490,149492,2,443,10,M_2545
booknlp,COREF,112,I,149494,149495,2,443,10,M_2546
booknlp,COREF,112,I,149537,149538,2,443,10,M_2547
pdnc,qID,Q299-0,you,149626,149629,0,444,10,M_2548
pdnc,qID,Q300-0,Harriet,149690,149697,2,445,10,M_2549
booknlp,COREF,112,I,149699,149700,2,445,10,M_2550
pdnc,qID,Q300-0,Miss Bates,150413,150423,7,445,10,M_2551
pdnc,qID,Q300-0,she,150425,150428,7,445,10,M_2552
booknlp,COREF,112,me,150476,150478,2,445,10,M_2553
pdnc,qID,Q300-0,she,150497,150500,7,445,10,M_2554
pdnc,qID,Q300-0,her,150610,150613,7,445,10,M_2555
booknlp,COREF,112,I,150620,150621,2,445,10,M_2556
pdnc,qID,Q300-0,she,150641,150644,7,445,10,M_2557
pdnc,qID,Q300-0,she,150679,150682,7,445,10,M_2558
pdnc,qID,Q300-0,her,150757,150760,7,445,10,M_2559
booknlp,COREF,112,me,150793,150795,2,446,10,M_2560
pdnc,qID,Q301-0,you,150812,150815,0,446,10,M_2561
pdnc,qID,Q301-0,you,150830,150833,0,446,10,M_2562
booknlp,COREF,112,yourself,150841,150849,2,446,10,M_2563
booknlp,COREF,112,you,150855,150858,2,446,10,M_2564
booknlp,COREF,112,I,150875,150876,2,447,10,M_2565
booknlp,COREF,112,myself,150882,150888,2,447,10,M_2566
pdnc,qID,Q302-0,Harriet,150890,150897,2,447,10,M_2567
booknlp,COREF,112,mine,150899,150903,2,447,10,M_2568
booknlp,COREF,112,I,150974,150975,2,447,10,M_2569
booknlp,COREF,112,I,150996,150997,2,447,10,M_2570
booknlp,COREF,112,me,151136,151138,2,447,10,M_2571
booknlp,COREF,112,I,151196,151197,2,447,10,M_2572
booknlp,COREF,112,I,151209,151210,2,447,10,M_2573
booknlp,COREF,112,I,151231,151232,2,447,10,M_2574
booknlp,COREF,112,I,151248,151249,2,447,10,M_2575
booknlp,COREF,112,I,151463,151464,2,447,10,M_2576
pdnc,qID,Q302-0,a sister,151514,151522,3,447,10,M_2577
booknlp,COREF,112,I,151523,151524,2,447,10,M_2578
booknlp,COREF,112,my,151731,151733,2,447,10,M_2579
booknlp,COREF,112,my,151790,151792,2,447,10,M_2580
booknlp,COREF,112,My,151850,151852,2,447,10,M_2581
booknlp,COREF,112,me,151906,151908,2,447,10,M_2582
pdnc,qID,Q303-0,you,151916,151919,0,448,10,M_2583
exp,exp_name,miss bates,Miss Bates,151925,151935,7,448,10,M_2584
booknlp,COREF,112,I,151954,151955,2,448,10,M_2585
pdnc,qID,Q303-0,you,151961,151964,0,448,10,M_2586
pdnc,qID,Q303-0,you,152009,152012,0,448,10,M_2587
pdnc,qID,Q304-0,she,152084,152087,4,449,10,M_2588
booknlp,COREF,112,I,152213,152214,2,449,10,M_2589
pdnc,qID,Q304-0,Jane Fairfax,152305,152317,4,449,10,M_2590
pdnc,qID,Q304-0,Jane Fairfax,152351,152363,4,449,10,M_2591
pdnc,qID,Q304-0,her,152383,152386,4,449,10,M_2592
pdnc,qID,Q304-0,her,152413,152416,4,449,10,M_2593
pdnc,qID,Q304-0,she,152477,152480,4,449,10,M_2594
pdnc,qID,Q304-0,her aunt,152495,152503,7,449,10,M_2595
pdnc,qID,Q304-0,her grandmother,152562,152577,11,449,10,M_2596
booknlp,COREF,112,I,152618,152619,2,449,10,M_2597
pdnc,qID,Q304-0,Jane Fairfax,152625,152637,4,449,10,M_2598
pdnc,qID,Q304-0,she,152653,152656,4,449,10,M_2599
booknlp,COREF,112,me,152663,152665,2,449,10,M_2600
exp,exp_name,emma,Emma,152754,152758,0,450,10,M_2601
booknlp,COREF,94,her,152842,152845,0,450,10,M_2602
booknlp,COREF,94,her,152879,152882,0,450,10,M_2603
booknlp,COREF,94,her,152895,152898,0,450,10,M_2604
booknlp,COREF,94,her,152917,152920,0,450,10,M_2605
booknlp,COREF,94,She,152928,152931,0,450,10,M_2606
booknlp,COREF,94,her,153178,153181,0,450,10,M_2607
booknlp,COREF,94,she,153301,153304,0,450,10,M_2608
booknlp,COREF,94,she,153357,153360,0,450,10,M_2609
booknlp,COREF,94,she,153391,153394,0,450,10,M_2610
booknlp,COREF,94,her,153460,153463,0,450,10,M_2611
exp,exp_name,harriet,Harriet,153471,153478,2,450,10,M_2612
pdnc,qID,Q305-0,Harriet,153525,153532,2,451,10,M_2613
booknlp,COREF,94,I,153616,153617,0,451,10,M_2614
booknlp,COREF,94,my,153744,153746,0,451,10,M_2615
exp,exp_name,harriet,Harriet,153773,153780,2,452,10,M_2616
booknlp,COREF,94,I,153845,153846,0,453,10,M_2617
exp,exp_name,emma,Emma,153900,153904,0,453,10,M_2618
booknlp,COREF,94,she,153909,153912,0,453,10,M_2619
booknlp,COREF,112,I,154064,154065,2,453,10,M_2620
booknlp,COREF,94,her,154221,154224,0,454,10,M_2621
exp,exp_name,mr. elton,Mr. Elton,154313,154322,8,455,10,M_2622
exp,exp_name,emma,Emma,154372,154376,0,455,10,M_2623
pdnc,qID,Q309-0,Harriet,154409,154416,2,456,10,M_2624
exp,exp_name,harriet,Harriet,154761,154768,2,457,10,M_2625
booknlp,COREF,150,He,154928,154930,8,457,10,M_2626
booknlp,COREF,150,His,154963,154966,8,457,10,M_2627
booknlp,COREF,150,he,154973,154975,8,457,10,M_2628
exp,exp_name,mr. elton,Mr. Elton,155077,155086,8,457,10,M_2629
exp,exp_name,emma,Emma,155188,155192,0,458,10,M_2630
booknlp,COREF,94,I,155282,155283,0,458,10,M_2631
booknlp,COREF,94,I,155354,155355,0,458,10,M_2632
booknlp,COREF,94,I,155371,155372,0,458,10,M_2633
booknlp,COREF,94,I,155378,155379,0,458,10,M_2634
booknlp,COREF,94,herself,155422,155429,0,459,10,M_2635
booknlp,COREF,94,she,155450,155453,0,459,10,M_2636
booknlp,COREF,94,she,155461,155464,0,459,10,M_2637
booknlp,COREF,94,she,155604,155607,0,459,10,M_2638
booknlp,COREF,94,she,155644,155647,0,459,10,M_2639
exp,exp_name,harriet,Harriet,155659,155666,2,459,10,M_2640
booknlp,COREF,94,her,155718,155721,0,459,10,M_2641
booknlp,COREF,94,her,155780,155783,0,459,10,M_2642
booknlp,COREF,94,she,155804,155807,0,459,10,M_2643
booknlp,COREF,94,her,155895,155898,0,459,10,M_2644
booknlp,COREF,94,she,156017,156020,0,459,10,M_2645
booknlp,COREF,94,she,156099,156102,0,459,10,M_2646
booknlp,COREF,94,her,156142,156145,0,459,10,M_2647
booknlp,COREF,94,she,156152,156155,0,459,10,M_2648
booknlp,COREF,94,her,156192,156195,0,459,10,M_2649
booknlp,COREF,94,her,156287,156290,0,459,10,M_2650
booknlp,COREF,94,her,156618,156621,0,459,10,M_2651
booknlp,COREF,94,She,156623,156626,0,459,10,M_2652
booknlp,COREF,94,she,156723,156726,0,459,10,M_2653
exp,exp_name,mr. elton,Mr. Elton,156825,156834,8,459,10,M_2654
exp,exp_name,harriet,Harriet,156864,156871,2,459,10,M_2655
exp,exp_name,emma,Emma,156917,156921,0,459,10,M_2656
booknlp,COREF,94,she,156976,156979,0,459,10,M_2657
booknlp,COREF,94,she,157045,157048,0,459,10,M_2658
exp,exp_name,mr. elton,Mr. Elton,157076,157085,8,460,10,M_2659
exp,exp_name,emma,Emma,157151,157155,0,460,10,M_2660
booknlp,COREF,94,she,157193,157196,0,460,10,M_2661
booknlp,COREF,150,he,157208,157210,8,460,10,M_2662
booknlp,COREF,150,his,157227,157230,8,460,10,M_2663
booknlp,COREF,150,his,157285,157288,8,460,10,M_2664
exp,exp_name,cole,Cole,157296,157300,12,460,10,M_2665
booknlp,COREF,94,her,157506,157509,0,461,10,M_2666
booknlp,COREF,94,I,157648,157649,0,461,10,M_2667
exp,exp_name,harriet,Harriet,157808,157815,2,462,10,M_2668
booknlp,COREF,112,her,157837,157840,2,462,10,M_2669
booknlp,COREF,112,her,157884,157887,2,462,10,M_2670
booknlp,COREF,112,She,157935,157938,2,462,10,M_2671
booknlp,COREF,112,her,158076,158079,2,462,10,M_2672
booknlp,COREF,112,herself,158097,158104,2,462,10,M_2673
booknlp,COREF,112,my,158177,158179,2,463,10,M_2674
booknlp,COREF,112,she,158200,158203,2,463,10,M_2675
booknlp,COREF,112,I,158210,158211,2,463,10,M_2676
booknlp,COREF,112,I,158228,158229,2,463,10,M_2677
booknlp,COREF,112,I,158246,158247,2,463,10,M_2678
booknlp,COREF,150,you,158290,158293,8,463,10,M_2679
booknlp,COREF,112,I,158304,158305,2,463,10,M_2680
booknlp,COREF,112,I,158311,158312,2,463,10,M_2681
pdnc,qID,Q313-1,Mr. Elton,158343,158352,8,463,10,M_2682
booknlp,COREF,112,I,158354,158355,2,463,10,M_2683
pdnc,qID,Q313-1,your,158382,158386,8,463,10,M_2684
pdnc,qID,Q313-1,your,158402,158406,8,463,10,M_2685
booknlp,COREF,112,my,158477,158479,2,463,10,M_2686
exp,exp_name,mr. elton,Mr. Elton,158491,158500,8,464,10,M_2687
booknlp,COREF,150,his,158568,158571,8,464,10,M_2688
booknlp,COREF,150,his,158620,158623,8,464,10,M_2689
booknlp,COREF,150,he,158730,158732,8,464,10,M_2690
exp,exp_name,emma,Emma,158871,158875,0,464,10,M_2691
booknlp,COREF,94,She,158970,158973,0,464,10,M_2692
booknlp,COREF,94,she,159012,159015,0,464,10,M_2693
booknlp,COREF,94,she,159030,159033,0,464,10,M_2694
exp,exp_name,mr. elton,Mr. Elton,159054,159063,8,464,10,M_2695
booknlp,COREF,94,she,159192,159195,0,464,10,M_2696
booknlp,COREF,150,him,159229,159232,8,464,10,M_2697
booknlp,COREF,150,his,159242,159245,8,464,10,M_2698
booknlp,COREF,94,she,159297,159300,0,464,10,M_2699
booknlp,COREF,94,herself,159324,159331,0,464,10,M_2700
booknlp,COREF,94,She,159367,159370,0,464,10,M_2701
booknlp,COREF,94,her,159413,159416,0,464,10,M_2702
exp,exp_name,emma,Emma,159544,159548,0,465,10,M_2703
booknlp,COREF,150,he,159617,159619,8,465,10,M_2704
booknlp,COREF,150,He,159647,159649,8,465,10,M_2705
booknlp,COREF,150,he,159692,159694,8,465,10,M_2706
exp,exp_name,harriet,Harriet,159704,159711,2,465,10,M_2707
booknlp,COREF,150,he,159717,159719,8,465,10,M_2708
exp,exp_name,emma,Emma,159886,159890,0,466,10,M_2709
pdnc,qID,Q314-1,he,159893,159895,8,466,10,M_2710
pdnc,qID,Q314-1,he,159948,159950,8,466,10,M_2711
booknlp,COREF,150,himself,159960,159967,8,466,10,M_2712
booknlp,COREF,94,her,160042,160045,0,467,10,M_2713
booknlp,COREF,94,she,160064,160067,0,467,10,M_2714
booknlp,COREF,94,herself,160090,160097,0,467,10,M_2715
exp,exp_name,mr. elton,Mr. Elton,160232,160241,8,469,11,M_2716
booknlp,COREF,150,himself,160262,160269,8,469,11,M_2717
exp,exp_name,emma,Emma,160291,160295,0,469,11,M_2718
booknlp,COREF,150,his,160319,160322,8,469,11,M_2719
booknlp,COREF,150,his,160344,160347,8,469,11,M_2720
booknlp,COREF,94,her,160372,160375,0,469,11,M_2721
booknlp,COREF,94,her,160488,160491,0,469,11,M_2722
booknlp,COREF,94,she,160596,160599,0,469,11,M_2723
booknlp,COREF,94,herself,160608,160615,0,469,11,M_2724
booknlp,COREF,94,her,160701,160704,0,469,11,M_2725
booknlp,COREF,94,She,160832,160835,0,469,11,M_2726
exp,exp_name,mrs. john knightley,Mrs. John Knightley,160976,160995,3,470,11,M_2727
exp,exp_name,mr. woodhouse,Mr. Woodhouse,161427,161440,10,470,11,M_2728
exp,exp_name,isabella,Isabella,161506,161514,3,470,11,M_2729
booknlp,COREF,87,her,161679,161682,3,471,11,M_2730
exp,exp_name,mrs. john knightley,Mrs. John Knightley,161898,161917,3,471,11,M_2731
booknlp,COREF,93,Hartfield,162295,162304,0,471,11,M_2732
booknlp,COREF,87,her,162325,162328,3,471,11,M_2733
exp,exp_name,mrs. john knightley,Mrs. John Knightley,162357,162376,3,471,11,M_2734
exp,exp_name,mrs. john knightley,Mrs. John Knightley,162771,162790,3,472,11,M_2735
exp,exp_name,mr. john knightley,Mr. John Knightley,163588,163606,5,473,11,M_2736
exp,exp_name,isabella,Isabella,164436,164444,3,474,11,M_2737
exp,exp_name,isabella,Isabella,164452,164460,3,474,11,M_2738
booknlp,COREF,87,herself,164472,164479,3,474,11,M_2739
exp,exp_name,isabella,Isabella,164556,164564,3,474,11,M_2740
exp,exp_name,mr. woodhouse,Mr. Woodhouse,164944,164957,10,474,11,M_2741
exp,exp_name,mr. john knightley,Mr. John Knightley,165113,165131,5,474,11,M_2742
exp,exp_name,emma,Emma,165259,165263,0,474,11,M_2743
exp,exp_name,mr. woodhouse,Mr. Woodhouse,165603,165616,10,474,11,M_2744
booknlp,COREF,85,his,165673,165676,10,474,11,M_2745
booknlp,COREF,94,she,165735,165738,0,474,11,M_2746
pdnc,qID,Q315-0,my dear,165766,165773,3,475,11,M_2747
booknlp,COREF,85,he,165781,165783,10,475,11,M_2748
pdnc,qID,Q315-1,poor Miss Taylor,165786,165802,15,475,11,M_2749
pdnc,qID,Q316-0,sir,165842,165845,10,476,11,M_2750
pdnc,qID,Q316-1,you,165884,165887,10,476,11,M_2751
pdnc,qID,Q316-1,her,165898,165901,15,476,11,M_2752
exp,exp_name,emma,Emma,165912,165916,0,476,11,M_2753
booknlp,COREF,94,you,165948,165951,0,476,11,M_2754
booknlp,COREF,94,you,166016,166019,0,476,11,M_2755
booknlp,COREF,94,she,166091,166094,0,476,11,M_2756
pdnc,qID,Q317-0,my dear,166132,166139,3,477,11,M_2757
booknlp,COREF,85,I,166141,166142,10,477,11,M_2758
pdnc,qID,Q317-0,her,166208,166211,15,477,11,M_2759
exp,exp_name,mr. john knightley,Mr. John Knightley,166225,166243,5,478,11,M_2760
exp,exp_name,emma,Emma,166255,166259,0,478,11,M_2761
pdnc,qID,Q318-0,Mrs. Weston,166363,166374,15,479,11,M_2762
pdnc,qID,Q318-0,Papa,166417,166421,10,479,11,M_2763
pdnc,qID,Q318-0,his,166439,166442,10,479,11,M_2764
pdnc,qID,Q320-0,you,166525,166528,10,481,11,M_2765
pdnc,qID,Q320-0,her,166533,166536,15,481,11,M_2766
pdnc,qID,Q320-0,sir,166538,166541,10,481,11,M_2767
exp,exp_name,isabella,Isabella,166567,166575,3,481,11,M_2768
booknlp,COREF,87,her,166616,166619,3,481,11,M_2769
exp,exp_name,mr. woodhouse,Mr. Woodhouse,166629,166642,10,482,11,M_2770
pdnc,qID,Q321-0,my dear,166675,166682,3,482,11,M_2771
booknlp,COREF,85,I,166687,166688,10,482,11,M_2772
pdnc,qID,Q322-0,papa,166708,166712,10,483,11,M_2773
pdnc,qID,Q322-0,Mr. Weston,166862,166872,9,483,11,M_2774
pdnc,qID,Q322-0,Mrs. Weston,166876,166887,15,483,11,M_2775
pdnc,qID,Q322-0,you,166944,166947,3,483,11,M_2776
pdnc,qID,Q322-0,Isabella,166961,166969,3,483,11,M_2777
pdnc,qID,Q322-0,Mr. Weston,167035,167045,9,483,11,M_2778
booknlp,COREF,86,herself,167067,167074,9,483,11,M_2779
pdnc,qID,Q322-0,Papa,167076,167080,10,483,11,M_2780
pdnc,qID,Q322-0,you,167085,167088,10,483,11,M_2781
pdnc,qID,Q322-0,you,167119,167122,10,483,11,M_2782
pdnc,qID,Q322-0,Isabella,167138,167146,3,483,11,M_2783
pdnc,qID,Q322-0,Miss Taylor,167201,167212,15,483,11,M_2784
exp,exp_name,mrs. weston,Mrs. Weston,167282,167293,15,483,11,M_2785
pdnc,qID,Q322-0,her,167324,167327,15,483,11,M_2786
exp,exp_name,mr. john knightley,Mr. John Knightley,167438,167456,5,484,11,M_2787
pdnc,qID,Q323-1,your,167491,167495,0,484,11,M_2788
pdnc,qID,Q323-1,Her,167505,167508,15,484,11,M_2789
pdnc,qID,Q323-1,his,167565,167568,9,484,11,M_2790
pdnc,qID,Q323-1,you,167649,167652,3,484,11,M_2791
pdnc,qID,Q323-1,my love,167654,167661,3,484,11,M_2792
booknlp,COREF,93,Hartfield,167722,167731,0,484,11,M_2793
pdnc,qID,Q323-1,you,167735,167738,3,484,11,M_2794
pdnc,qID,Q323-1,you,167760,167763,3,484,11,M_2795
pdnc,qID,Q323-1,Emma,167769,167773,0,484,11,M_2796
pdnc,qID,Q323-1,you,167792,167795,3,484,11,M_2797
exp,exp_name,mr. woodhouse,Mr. Woodhouse,167841,167854,10,485,11,M_2798
pdnc,qID,Q324-1,Mrs. Weston,167892,167903,15,485,11,M_2799
pdnc,qID,Q324-1,poor Mrs. Weston,167905,167921,15,485,11,M_2800
pdnc,qID,Q324-1,she,167968,167971,15,485,11,M_2801
pdnc,qID,Q325-0,Mr. Weston,168038,168048,9,486,11,M_2802
pdnc,qID,Q325-0,she,168052,168055,15,486,11,M_2803
pdnc,qID,Q325-0,papa,168065,168069,10,486,11,M_2804
pdnc,qID,Q325-0,You,168072,168075,10,486,11,M_2805
pdnc,qID,Q325-0,poor Mr. Weston,168089,168104,9,486,11,M_2806
exp,exp_name,john knightley,John Knightley,168132,168146,5,487,11,M_2807
pdnc,qID,Q326-1,Mr. Weston,168165,168175,9,487,11,M_2808
pdnc,qID,Q326-1,You,168199,168202,0,487,11,M_2809
pdnc,qID,Q326-1,Emma,168210,168214,0,487,11,M_2810
pdnc,qID,Q326-1,you,168291,168294,0,487,11,M_2811
pdnc,qID,Q326-1,Isabella,168386,168394,3,487,11,M_2812
pdnc,qID,Q326-1,she,168396,168399,3,487,11,M_2813
pdnc,qID,Q326-1,she,168500,168503,3,487,11,M_2814
pdnc,qID,Q327-0,my love,168516,168523,5,488,11,M_2815
pdnc,qID,Q327-1,you,168589,168592,5,488,11,M_2816
pdnc,qID,Q327-1,her,168738,168741,15,488,11,M_2817
pdnc,qID,Q327-1,Miss Taylor,168792,168803,15,488,11,M_2818
pdnc,qID,Q327-1,Mr. Weston,168870,168880,9,488,11,M_2819
pdnc,qID,Q327-1,that excellent Mr. Weston,168882,168907,9,488,11,M_2820
pdnc,qID,Q327-1,he,168934,168936,9,488,11,M_2821
pdnc,qID,Q327-1,he,168965,168967,9,488,11,M_2822
pdnc,qID,Q327-1,your brother,169047,169059,6,488,11,M_2823
pdnc,qID,Q327-1,his,169075,169078,9,488,11,M_2824
pdnc,qID,Q327-1,his,169118,169121,9,488,11,M_2825
booknlp,COREF,86,him,169146,169149,9,488,11,M_2826
pdnc,qID,Q327-1,his,169198,169201,9,488,11,M_2827
pdnc,qID,Q327-1,him,169484,169487,9,488,11,M_2828
pdnc,qID,Q327-1,Miss Taylor,169500,169511,15,488,11,M_2829
pdnc,qID,Q328-0,the young man,169525,169538,1,489,11,M_2830
exp,exp_name,john knightley,John Knightley,169546,169560,5,489,11,M_2831
pdnc,qID,Q328-1,he,169567,169569,1,489,11,M_2832
pdnc,qID,Q328-1,he,169605,169607,1,489,11,M_2833
pdnc,qID,Q329-0,He,169616,169618,1,490,11,M_2834
exp,exp_name,emma,Emma,169651,169655,0,490,11,M_2835
pdnc,qID,Q329-1,his,169692,169695,1,490,11,M_2836
booknlp,COREF,94,I,169757,169758,0,490,11,M_2837
pdnc,qID,Q329-1,him,169774,169777,1,490,11,M_2838
pdnc,qID,Q330-0,you,169803,169806,0,491,11,M_2839
pdnc,qID,Q330-0,my dear,169839,169846,0,491,11,M_2840
booknlp,COREF,94,her,169854,169857,0,491,11,M_2841
pdnc,qID,Q330-1,He,169867,169869,1,491,11,M_2842
pdnc,qID,Q330-1,poor Mrs. Weston,169888,169904,15,491,11,M_2843
pdnc,qID,Q330-1,her,169922,169925,15,491,11,M_2844
pdnc,qID,Q330-1,She,169970,169973,15,491,11,M_2845
pdnc,qID,Q330-1,him,170022,170025,1,491,11,M_2846
pdnc,qID,Q330-1,his,170049,170052,1,491,11,M_2847
booknlp,COREF,94,you,170062,170065,0,491,11,M_2848
pdnc,qID,Q330-1,He,170089,170091,1,491,11,M_2849
pdnc,qID,Q330-1,his,170110,170113,1,491,11,M_2850
booknlp,COREF,94,My,170134,170136,0,492,11,M_2851
pdnc,qID,Q331-0,he,170148,170150,1,492,11,M_2852
pdnc,qID,Q331-0,You,170172,170175,10,492,11,M_2853
pdnc,qID,Q332-0,he,170225,170227,1,493,11,M_2854
pdnc,qID,Q332-0,he,170276,170278,1,493,11,M_2855
pdnc,qID,Q332-0,he,170306,170308,1,493,11,M_2856
pdnc,qID,Q332-0,his,170314,170317,1,493,11,M_2857
exp,exp_name,mrs. weston,Mrs. Weston,170454,170465,15,493,11,M_2858
pdnc,qID,Q333-0,F. C. Weston Churchil,170631,170652,1,493,11,M_2859
pdnc,qID,Q334-0,him,170719,170722,1,494,11,M_2860
exp,exp_name,mrs. john knightley,Mrs. John Knightley,170748,170767,3,494,11,M_2861
pdnc,qID,Q334-1,his,170789,170792,1,494,11,M_2862
pdnc,qID,Q334-1,he,170848,170850,1,494,11,M_2863
pdnc,qID,Q334-1,his,170958,170961,1,494,11,M_2864
pdnc,qID,Q334-1,Mr. Weston,171017,171027,9,494,11,M_2865
pdnc,qID,Q334-1,him,171044,171047,1,494,11,M_2866
exp,exp_name,mr. john knightley,Mr. John Knightley,171229,171247,5,495,11,M_2867
pdnc,qID,Q335-1,you,171261,171264,3,495,11,M_2868
pdnc,qID,Q335-1,Mr. Weston,171282,171292,9,495,11,M_2869
pdnc,qID,Q335-1,you,171311,171314,3,495,11,M_2870
exp,exp_name,john,John,171348,171352,5,495,11,M_2871
pdnc,qID,Q335-1,Mr. Weston,171354,171364,9,495,11,M_2872
pdnc,qID,Q335-1,he,171438,171440,9,495,11,M_2873
pdnc,qID,Q335-1,he,171457,171459,9,495,11,M_2874
booknlp,COREF,86,his,171582,171585,9,495,11,M_2875
pdnc,qID,Q335-1,his,171667,171670,9,495,11,M_2876
exp,exp_name,emma,Emma,171763,171767,0,496,11,M_2877
exp,exp_name,mr. weston,Mr. Weston,171816,171826,9,496,11,M_2878
booknlp,COREF,94,she,171867,171870,0,496,11,M_2879
booknlp,COREF,94,She,171899,171902,0,496,11,M_2880
booknlp,COREF,86,himself,172047,172054,9,496,11,M_2881
booknlp,COREF,94,her,172072,172075,0,496,11,M_2882
exp,exp_name,mr. knightley,Mr. Knightley,172243,172256,6,498,12,M_2883
exp,exp_name,mr. woodhouse,Mr. Woodhouse,172314,172327,10,498,12,M_2884
exp,exp_name,isabella,Isabella,172384,172392,3,498,12,M_2885
exp,exp_name,emma,Emma,172406,172410,0,498,12,M_2886
booknlp,COREF,94,she,172515,172518,0,498,12,M_2887
exp,exp_name,mr. knightley,Mr. Knightley,172599,172612,6,498,12,M_2888
booknlp,COREF,94,herself,172617,172624,0,498,12,M_2889
booknlp,COREF,94,She,172667,172670,0,499,12,M_2890
booknlp,COREF,94,She,172714,172717,0,499,12,M_2891
booknlp,COREF,94,She,172782,172785,0,499,12,M_2892
booknlp,COREF,94,she,172973,172976,0,499,12,M_2893
booknlp,COREF,94,she,173069,173072,0,499,12,M_2894
booknlp,COREF,94,her,173102,173105,0,499,12,M_2895
booknlp,COREF,94,her,173426,173429,0,499,12,M_2896
exp,exp_name,emma,Emma,173484,173488,0,499,12,M_2897
booknlp,COREF,94,her,173545,173548,0,499,12,M_2898
booknlp,COREF,94,she,173607,173610,0,499,12,M_2899
pdnc,qID,Q337-0,you,173871,173874,0,501,12,M_2900
pdnc,qID,Q337-0,your,173908,173912,0,501,12,M_2901
pdnc,qID,Q337-0,your,173991,173995,0,501,12,M_2902
pdnc,qID,Q337-0,you,174019,174022,0,501,12,M_2903
pdnc,qID,Q339-1,you,174245,174248,0,503,12,M_2904
pdnc,qID,Q340-1,you,174319,174322,6,504,12,M_2905
pdnc,qID,Q343-0,you,174632,174635,0,507,12,M_2906
pdnc,qID,Q343-0,my dear Emma,174731,174743,0,507,12,M_2907
booknlp,COREF,94,your,174795,174799,0,507,12,M_2908
pdnc,qID,Q343-0,little Emma,174806,174817,0,507,12,M_2909
pdnc,qID,Q343-0,she,174824,174827,0,507,12,M_2910
booknlp,COREF,94,you,174841,174844,0,507,12,M_2911
pdnc,qID,Q343-0,she,174937,174940,0,507,12,M_2912
exp,exp_name,emma,Emma,174996,175000,0,508,12,M_2913
booknlp,COREF,94,your,175030,175034,0,508,12,M_2914
pdnc,qID,Q344-1,Mr. Knightley,175096,175109,6,508,12,M_2915
exp,exp_name,john knightley,John Knightley,175536,175550,5,511,12,M_2916
pdnc,qID,Q347-0,George,175590,175596,6,511,12,M_2917
pdnc,qID,Q348-0,John,175604,175608,5,511,12,M_2918
exp,exp_name,mr. woodhouse,Mr. Woodhouse,175879,175892,10,512,12,M_2919
booknlp,COREF,85,his,175955,175958,10,512,12,M_2920
exp,exp_name,isabella,Isabella,175964,175972,3,512,12,M_2921
booknlp,COREF,85,he,176035,176037,10,512,12,M_2922
booknlp,COREF,85,his,176042,176045,10,512,12,M_2923
exp,exp_name,emma,Emma,176153,176157,0,512,12,M_2924
booknlp,COREF,85,he,176406,176408,10,513,12,M_2925
exp,exp_name,john,John,176452,176456,5,513,12,M_2926
booknlp,COREF,85,he,176571,176573,10,513,12,M_2927
booknlp,COREF,85,his,176768,176771,10,513,12,M_2928
exp,exp_name,john,John,177004,177008,5,513,12,M_2929
exp,exp_name,mr. woodhouse,Mr. Woodhouse,177215,177228,10,514,12,M_2930
booknlp,COREF,85,his,177298,177301,10,514,12,M_2931
pdnc,qID,Q349-0,My poor dear Isabella,177314,177335,3,515,12,M_2932
booknlp,COREF,85,he,177343,177345,10,515,12,M_2933
pdnc,qID,Q349-1,you,177501,177504,3,515,12,M_2934
pdnc,qID,Q349-1,you,177530,177533,3,515,12,M_2935
pdnc,qID,Q349-1,your,177548,177552,3,515,12,M_2936
pdnc,qID,Q349-1,You,177562,177565,3,515,12,M_2937
pdnc,qID,Q349-1,my dear,177588,177595,3,515,12,M_2938
booknlp,COREF,85,I,177601,177602,10,515,12,M_2939
pdnc,qID,Q349-1,you,177631,177634,3,515,12,M_2940
pdnc,qID,Q349-1,you,177642,177645,3,515,12,M_2941
pdnc,qID,Q349-1,You,177651,177654,3,515,12,M_2942
booknlp,COREF,85,I,177659,177660,10,515,12,M_2943
pdnc,qID,Q349-1,My dear Emma,177703,177715,0,515,12,M_2944
exp,exp_name,emma,Emma,177755,177759,0,516,12,M_2945
booknlp,COREF,94,she,177805,177808,0,516,12,M_2946
pdnc,qID,Q350-0,my dear,178134,178141,3,517,12,M_2947
pdnc,qID,Q350-0,your,178143,178147,3,517,12,M_2948
pdnc,qID,Q351-0,sir,178296,178299,10,518,12,M_2949
booknlp,COREF,87,little Bella,178406,178418,3,518,12,M_2950
pdnc,qID,Q352-0,my dear,178463,178470,3,519,12,M_2951
booknlp,COREF,87,her,178518,178521,3,519,12,M_2952
pdnc,qID,Q352-0,you,178616,178619,3,519,12,M_2953
exp,exp_name,emma,Emma,178737,178741,0,520,12,M_2954
booknlp,COREF,94,I,178782,178783,0,520,12,M_2955
pdnc,qID,Q353-1,you,178793,178796,10,520,12,M_2956
booknlp,COREF,94,me,178830,178832,0,520,12,M_2957
pdnc,qID,Q353-1,you,178911,178914,10,520,12,M_2958
pdnc,qID,Q353-1,My dear Isabella,178923,178939,3,520,12,M_2959
booknlp,COREF,94,I,178941,178942,0,520,12,M_2960
pdnc,qID,Q353-1,you,178958,178961,3,520,12,M_2961
pdnc,qID,Q353-1,you,179021,179024,3,520,12,M_2962
pdnc,qID,Q354-0,sir,179060,179063,10,521,12,M_2963
booknlp,COREF,94,me,179183,179185,0,522,12,M_2964
booknlp,COREF,94,I,179293,179294,0,522,12,M_2965
booknlp,COREF,94,I,179587,179588,0,524,12,M_2966
booknlp,COREF,94,I,179625,179626,0,524,12,M_2967
booknlp,COREF,94,myself,179667,179673,0,524,12,M_2968
pdnc,qID,Q357-0,my dear,179700,179707,3,524,12,M_2969
pdnc,qID,Q357-0,you,179728,179731,3,524,12,M_2970
booknlp,COREF,87,Bella,179766,179771,3,524,12,M_2971
pdnc,qID,Q358-0,my dear sir,179789,179800,10,525,12,M_2972
booknlp,COREF,87,her,179802,179805,3,525,12,M_2973
booknlp,COREF,87,her,179926,179929,3,525,12,M_2974
pdnc,qID,Q359-0,my dear,180092,180099,3,526,12,M_2975
booknlp,COREF,87,her,180141,180144,3,526,12,M_2976
booknlp,COREF,94,I,180153,180154,0,526,12,M_2977
pdnc,qID,Q359-0,you,180165,180168,3,526,12,M_2978
booknlp,COREF,94,I,180198,180199,0,526,12,M_2979
pdnc,qID,Q360-0,You,180225,180228,3,527,12,M_2980
booknlp,COREF,94,me,180237,180239,0,527,12,M_2981
exp,exp_name,miss bates,Miss Bates,180267,180277,7,527,12,M_2982
exp,exp_name,emma,Emma,180285,180289,0,527,12,M_2983
booknlp,COREF,94,I,180292,180293,0,527,12,M_2984
booknlp,COREF,94,I,180358,180359,0,528,12,M_2985
booknlp,COREF,94,myself,180380,180386,0,528,12,M_2986
booknlp,COREF,94,I,180434,180435,0,528,12,M_2987
pdnc,qID,Q361-0,Good old Mrs. Bates,180462,180481,11,528,12,M_2988
booknlp,COREF,94,I,180483,180484,0,528,12,M_2989
booknlp,COREF,87,her,180500,180503,3,528,12,M_2990
booknlp,COREF,94,my,180524,180526,0,528,12,M_2991
booknlp,COREF,94,my,180572,180574,0,528,12,M_2992
pdnc,qID,Q361-0,Miss Bates,180605,180615,7,528,12,M_2993
pdnc,qID,Q361-0,sir,180662,180665,10,528,12,M_2994
pdnc,qID,Q362-0,my dear,180688,180695,3,529,12,M_2995
pdnc,qID,Q362-0,poor Mrs. Bates,180717,180732,11,529,12,M_2996
booknlp,COREF,94,I,180780,180781,0,530,12,M_2997
booknlp,COREF,94,me,180870,180872,0,530,12,M_2998
pdnc,qID,Q364-0,my dear,181008,181015,3,531,12,M_2999
booknlp,COREF,94,I,181218,181219,0,532,12,M_3000
pdnc,qID,Q366-0,my poor dear child,181293,181311,3,533,12,M_3001
pdnc,qID,Q366-0,you,181447,181450,3,533,12,M_3002
pdnc,qID,Q367-0,You,181608,181611,10,534,12,M_3003
pdnc,qID,Q367-0,my dear sir,181657,181668,10,534,12,M_3004
booknlp,COREF,94,I,181773,181774,0,534,12,M_3005
booknlp,COREF,94,I,181796,181797,0,534,12,M_3006
booknlp,COREF,94,I,181874,181875,0,534,12,M_3007
booknlp,COREF,94,my,181903,181905,0,534,12,M_3008
pdnc,qID,Q368-0,my dear,182055,182062,3,535,12,M_3009
booknlp,COREF,93,Hartfield,182079,182088,0,535,12,M_3010
pdnc,qID,Q368-0,You,182090,182093,3,535,12,M_3011
pdnc,qID,Q368-0,you,182125,182128,3,535,12,M_3012
pdnc,qID,Q368-0,you,182160,182163,3,535,12,M_3013
pdnc,qID,Q368-0,you,182200,182203,3,535,12,M_3014
booknlp,COREF,94,I,182235,182236,0,535,12,M_3015
booknlp,COREF,94,I,182254,182255,0,535,12,M_3016
pdnc,qID,Q368-0,you,182262,182265,3,535,12,M_3017
pdnc,qID,Q368-0,you,182277,182280,3,535,12,M_3018
booknlp,COREF,94,I,182309,182310,0,536,12,M_3019
pdnc,qID,Q369-0,you,182328,182331,10,536,12,M_3020
pdnc,qID,Q369-0,sir,182340,182343,10,536,12,M_3021
booknlp,COREF,94,I,182349,182350,0,536,12,M_3022
pdnc,qID,Q369-0,you,182358,182361,10,536,12,M_3023
booknlp,COREF,94,I,182428,182429,0,536,12,M_3024
booknlp,COREF,94,I,182468,182469,0,536,12,M_3025
booknlp,COREF,94,myself,182484,182490,0,536,12,M_3026
booknlp,COREF,94,I,182664,182665,0,536,12,M_3027
pdnc,qID,Q369-0,you,182671,182674,10,536,12,M_3028
booknlp,COREF,94,I,182723,182724,0,536,12,M_3029
pdnc,qID,Q369-0,you,182732,182735,10,536,12,M_3030
booknlp,COREF,94,me,182755,182757,0,536,12,M_3031
booknlp,COREF,94,I,182838,182839,0,536,12,M_3032
pdnc,qID,Q369-0,you,182862,182865,10,536,12,M_3033
pdnc,qID,Q369-0,Mr. Knightley,182879,182892,5,536,12,M_3034
pdnc,qID,Q370-0,my dear,182983,182990,3,537,12,M_3035
pdnc,qID,Q370-0,you,183012,183015,3,537,12,M_3036
pdnc,qID,Q370-0,Mr. John Knightley,183025,183043,5,537,12,M_3037
pdnc,qID,Q371-0,sir,183095,183098,10,538,12,M_3038
pdnc,qID,Q371-0,you,183105,183108,10,538,12,M_3039
exp,exp_name,mr. john knightley,Mr. John Knightley,183129,183147,5,538,12,M_3040
pdnc,qID,Q372-0,my love,183193,183200,5,539,12,M_3041
pdnc,qID,Q372-0,my father,183207,183216,10,539,12,M_3042
pdnc,qID,Q372-0,you,183232,183235,5,539,12,M_3043
pdnc,qID,Q372-0,you,183335,183338,5,539,12,M_3044
pdnc,qID,Q372-0,you,183350,183353,5,539,12,M_3045
pdnc,qID,Q372-0,you,183384,183387,5,539,12,M_3046
pdnc,qID,Q373-0,My dear Isabella,183402,183418,3,540,12,M_3047
booknlp,COREF,94,yourself,183465,183473,0,540,12,M_3048
booknlp,COREF,94,yourself,183531,183539,0,540,12,M_3049
booknlp,COREF,94,I,183589,183590,0,541,12,M_3050
pdnc,qID,Q374-0,you,183626,183629,5,541,12,M_3051
pdnc,qID,Q374-0,your brother,183643,183655,6,541,12,M_3052
exp,exp_name,emma,Emma,183665,183669,0,541,12,M_3053
pdnc,qID,Q374-1,your,183678,183682,5,541,12,M_3054
booknlp,COREF,94,she,183845,183848,0,542,12,M_3055
booknlp,COREF,94,her,183919,183922,0,542,12,M_3056
booknlp,COREF,94,her,183942,183945,0,542,12,M_3057
booknlp,COREF,94,she,183965,183968,0,542,12,M_3058
exp,exp_name,isabella,Isabella,184000,184008,3,542,12,M_3059
exp,exp_name,jane fairfax,Jane Fairfax,184030,184042,4,542,12,M_3060
exp,exp_name,jane fairfax,Jane Fairfax,184048,184060,4,542,12,M_3061
booknlp,COREF,87,her,184093,184096,3,542,12,M_3062
booknlp,COREF,87,she,184109,184112,3,542,12,M_3063
pdnc,qID,Q375-0,Jane Fairfax,184188,184200,4,543,12,M_3064
exp,exp_name,mrs. john knightley,Mrs. John Knightley,184208,184227,3,543,12,M_3065
pdnc,qID,Q375-1,her,184263,184266,4,543,12,M_3066
pdnc,qID,Q375-1,her good old grandmother and excellent aunt,184352,184395,11,543,12,M_3067
pdnc,qID,Q375-1,she,184402,184405,4,543,12,M_3068
pdnc,qID,Q375-1,dear Emma,184458,184467,0,543,12,M_3069
booknlp,COREF,94,she,184483,184486,0,543,12,M_3070
pdnc,qID,Q375-1,her,184616,184619,4,543,12,M_3071
pdnc,qID,Q375-1,She,184628,184631,4,543,12,M_3072
pdnc,qID,Q375-1,Emma,184673,184677,0,543,12,M_3073
exp,exp_name,mr. woodhouse,Mr. Woodhouse,184681,184694,10,544,12,M_3074
pdnc,qID,Q376-0,Harriet Smith,184744,184757,2,545,12,M_3075
pdnc,qID,Q376-0,You,184818,184821,3,545,12,M_3076
pdnc,qID,Q376-0,Harriet,184832,184839,2,545,12,M_3077
pdnc,qID,Q376-0,Emma,184841,184845,0,545,12,M_3078
pdnc,qID,Q376-0,Harriet,184885,184892,2,545,12,M_3079
booknlp,COREF,87,I,184897,184898,3,546,12,M_3080
pdnc,qID,Q377-0,Jane Fairfax,184934,184946,4,546,12,M_3081
pdnc,qID,Q377-0,Emma,185011,185015,0,546,12,M_3082
exp,exp_name,mr. woodhouse,Mr. Woodhouse,185887,185900,10,548,12,M_3083
booknlp,COREF,85,his,185910,185913,10,548,12,M_3084
booknlp,COREF,85,his,185930,185933,10,548,12,M_3085
exp,exp_name,emma,Emma,185987,185991,0,548,12,M_3086
booknlp,COREF,94,your,186057,186061,0,548,12,M_3087
booknlp,COREF,85,he,186145,186147,10,548,12,M_3088
booknlp,COREF,85,him,186224,186227,10,548,12,M_3089
booknlp,COREF,85,his,186245,186248,10,548,12,M_3090
booknlp,COREF,85,he,186311,186313,10,548,12,M_3091
booknlp,COREF,85,I,186328,186329,10,549,12,M_3092
pdnc,qID,Q379-0,you,186362,186365,3,549,12,M_3093
booknlp,COREF,94,you,186437,186440,0,550,12,M_3094
booknlp,COREF,94,you,186466,186469,0,550,12,M_3095
pdnc,qID,Q381-0,you,186534,186537,3,551,12,M_3096
pdnc,qID,Q381-0,you,186661,186664,3,551,12,M_3097
booknlp,COREF,85,I,186694,186695,10,552,12,M_3098
pdnc,qID,Q382-0,sir,186775,186778,10,552,12,M_3099
booknlp,COREF,85,I,186959,186960,10,552,12,M_3100
pdnc,qID,Q383-0,You,187107,187110,3,553,12,M_3101
pdnc,qID,Q383-0,my dear,187139,187146,3,553,12,M_3102
pdnc,qID,Q383-0,you,187151,187154,3,553,12,M_3103
booknlp,COREF,85,I,187324,187325,10,553,12,M_3104
pdnc,qID,Q383-0,you,187338,187341,3,553,12,M_3105
pdnc,qID,Q383-0,You,187440,187443,3,553,12,M_3106
pdnc,qID,Q384-0,my dear sir,187481,187492,10,554,12,M_3107
pdnc,qID,Q385-0,my dear,187623,187630,3,555,12,M_3108
exp,exp_name,emma,Emma,187979,187983,0,556,12,M_3109
booknlp,COREF,94,her,188003,188006,0,556,12,M_3110
booknlp,COREF,94,she,188075,188078,0,556,12,M_3111
booknlp,COREF,94,her,188099,188102,0,556,12,M_3112
exp,exp_name,mr. knightley,Mr. Knightley,188851,188864,6,558,12,M_3113
pdnc,qID,Q388-1,John,188945,188949,5,558,12,M_3114
pdnc,qID,Q388-1,you,188976,188979,5,558,12,M_3115
pdnc,qID,Q388-1,you,189234,189237,5,558,12,M_3116
pdnc,qID,Q388-1,you,189370,189373,5,558,12,M_3117
pdnc,qID,Q388-1,you,189450,189453,5,558,12,M_3118
pdnc,qID,Q388-1,your,189468,189472,5,558,12,M_3119
exp,exp_name,mr. woodhouse,Mr. Woodhouse,189484,189497,10,559,12,M_3120
booknlp,COREF,85,his,189547,189550,10,559,12,M_3121
booknlp,COREF,85,he,189573,189575,10,559,12,M_3122
booknlp,COREF,85,his,189637,189640,10,559,12,M_3123
booknlp,COREF,85,his,189703,189706,10,559,12,M_3124
exp,exp_name,mrs. john knightley,Mrs. John Knightley,189942,189961,3,561,13,M_3125
exp,exp_name,mr. weston,Mr. Weston,190476,190486,9,562,13,M_3126
exp,exp_name,mr. woodhouse,Mr. Woodhouse,190555,190568,10,562,13,M_3127
booknlp,COREF,85,he,190689,190691,10,563,13,M_3128
booknlp,COREF,85,he,190724,190726,10,563,13,M_3129
booknlp,COREF,85,his,190741,190744,10,563,13,M_3130
booknlp,COREF,85,he,190812,190814,10,563,13,M_3131
exp,exp_name,emma,Emma,190927,190931,0,563,13,M_3132
booknlp,COREF,85,him,190949,190952,10,563,13,M_3133
exp,exp_name,harriet,Harriet,191007,191014,2,563,13,M_3134
exp,exp_name,harriet,Harriet,191022,191029,2,564,13,M_3135
exp,exp_name,mr. elton,Mr. Elton,191031,191040,8,564,13,M_3136
exp,exp_name,mr. knightley,Mr. Knightley,191046,191059,6,564,13,M_3137
exp,exp_name,mr. woodhouse,Mr. Woodhouse,191186,191199,10,564,13,M_3138
exp,exp_name,mr. woodhouse,Mr. Woodhouse,191330,191343,10,565,13,M_3139
exp,exp_name,harriet,Harriet,191404,191411,2,565,13,M_3140
booknlp,COREF,112,she,191430,191433,2,565,13,M_3141
booknlp,COREF,112,her,191494,191497,2,565,13,M_3142
exp,exp_name,emma,Emma,191548,191552,0,565,13,M_3143
booknlp,COREF,112,her,191576,191579,2,565,13,M_3144
exp,exp_name,emma,Emma,191600,191604,0,565,13,M_3145
booknlp,COREF,112,her,191615,191618,2,565,13,M_3146
booknlp,COREF,112,her,191643,191646,2,565,13,M_3147
booknlp,COREF,112,She,191692,191695,2,565,13,M_3148
exp,exp_name,harriet,Harriet,191815,191822,2,565,13,M_3149
booknlp,COREF,112,herself,191823,191830,2,565,13,M_3150
booknlp,COREF,112,her,191890,191893,2,565,13,M_3151
booknlp,COREF,112,she,191934,191937,2,565,13,M_3152
booknlp,COREF,112,her,191957,191960,2,565,13,M_3153
exp,exp_name,emma,Emma,191987,191991,0,566,13,M_3154
booknlp,COREF,112,her,192001,192004,2,566,13,M_3155
booknlp,COREF,94,she,192016,192019,0,566,13,M_3156
booknlp,COREF,112,her,192037,192040,2,566,13,M_3157
booknlp,COREF,112,her,192091,192094,2,566,13,M_3158
exp,exp_name,mr. elton,Mr. Elton,192128,192137,8,566,13,M_3159
booknlp,COREF,150,he,192164,192166,8,566,13,M_3160
booknlp,COREF,112,her,192172,192175,2,566,13,M_3161
booknlp,COREF,112,her,192192,192195,2,566,13,M_3162
booknlp,COREF,150,his,192254,192257,8,566,13,M_3163
booknlp,COREF,112,her,192316,192319,2,566,13,M_3164
booknlp,COREF,112,She,192331,192334,2,566,13,M_3165
booknlp,COREF,112,she,192394,192397,2,566,13,M_3166
exp,exp_name,mr. elton,Mr. Elton,192409,192418,8,566,13,M_3167
booknlp,COREF,150,himself,192419,192426,8,566,13,M_3168
booknlp,COREF,150,he,192538,192540,8,566,13,M_3169
booknlp,COREF,150,he,192613,192615,8,566,13,M_3170
booknlp,COREF,112,her,192643,192646,2,566,13,M_3171
exp,exp_name,mr. john knightley,Mr. John Knightley,192684,192702,5,566,13,M_3172
exp,exp_name,emma,Emma,192991,192995,0,566,13,M_3173
booknlp,COREF,94,her,193030,193033,0,566,13,M_3174
booknlp,COREF,112,her,193117,193120,2,566,13,M_3175
booknlp,COREF,94,she,193150,193153,0,566,13,M_3176
exp,exp_name,harriet,Harriet,193195,193202,2,566,13,M_3177
booknlp,COREF,112,her,193262,193265,2,566,13,M_3178
exp,exp_name,mr. elton,Mr. Elton,193278,193287,8,566,13,M_3179
booknlp,COREF,150,he,193325,193327,8,566,13,M_3180
booknlp,COREF,150,I,193380,193381,8,567,13,M_3181
pdnc,qID,Q389-0,her,193435,193438,2,567,13,M_3182
pdnc,qID,Q389-0,you,193447,193450,0,567,13,M_3183
pdnc,qID,Q389-0,your friend,193494,193505,2,567,13,M_3184
booknlp,COREF,150,me,193511,193513,8,567,13,M_3185
pdnc,qID,Q389-0,you,193522,193525,0,567,13,M_3186
pdnc,qID,Q389-0,her,193566,193569,2,567,13,M_3187
exp,exp_name,emma,Emma,193573,193577,0,568,13,M_3188
booknlp,COREF,94,herself,193616,193623,0,568,13,M_3189
booknlp,COREF,94,she,193780,193783,0,568,13,M_3190
booknlp,COREF,94,she,193821,193824,0,568,13,M_3191
booknlp,COREF,94,she,193864,193867,0,568,13,M_3192
booknlp,COREF,94,I,194055,194056,0,569,13,M_3193
pdnc,qID,Q390-0,my father,194110,194119,10,569,13,M_3194
pdnc,qID,Q390-0,he,194143,194145,10,569,13,M_3195
pdnc,qID,Q390-0,his,194158,194161,10,569,13,M_3196
booknlp,COREF,94,I,194212,194213,0,569,13,M_3197
booknlp,COREF,94,I,194243,194244,0,569,13,M_3198
exp,exp_name,mrs. weston,Mrs. Weston,194299,194310,15,569,13,M_3199
booknlp,COREF,94,my,194322,194324,0,569,13,M_3200
pdnc,qID,Q390-0,Mr. Elton,194331,194340,8,569,13,M_3201
pdnc,qID,Q390-0,your,194345,194349,8,569,13,M_3202
booknlp,COREF,94,I,194356,194357,0,569,13,M_3203
booknlp,COREF,94,myself,194382,194388,0,569,13,M_3204
pdnc,qID,Q390-0,You,194390,194393,8,569,13,M_3205
booknlp,COREF,94,me,194404,194406,0,569,13,M_3206
pdnc,qID,Q390-0,you,194441,194444,8,569,13,M_3207
booknlp,COREF,94,I,194515,194516,0,569,13,M_3208
booknlp,COREF,150,yourself,194597,194605,8,569,13,M_3209
exp,exp_name,mr. elton,Mr. Elton,194618,194627,8,570,13,M_3210
booknlp,COREF,150,he,194641,194643,8,570,13,M_3211
booknlp,COREF,150,he,194831,194833,8,570,13,M_3212
exp,exp_name,emma,Emma,194898,194902,0,570,13,M_3213
booknlp,COREF,94,her,194926,194929,0,570,13,M_3214
booknlp,COREF,150,him,194973,194976,8,570,13,M_3215
booknlp,COREF,150,him,194997,195000,8,570,13,M_3216
booknlp,COREF,150,his,195049,195052,8,570,13,M_3217
booknlp,COREF,150,him,195171,195174,8,570,13,M_3218
booknlp,COREF,150,him,195202,195205,8,570,13,M_3219
exp,exp_name,harriet,Harriet,195244,195251,2,570,13,M_3220
pdnc,qID,Q392-0,You,195281,195284,8,571,13,M_3221
booknlp,COREF,94,"she;--""we",195307,195316,0,571,13,M_3222
booknlp,COREF,150,your,195327,195331,8,571,13,M_3223
exp,exp_name,mrs. weston,Mrs. Weston,195353,195364,15,571,13,M_3224
booknlp,COREF,94,she,195383,195386,0,572,13,M_3225
booknlp,COREF,94,she,195403,195406,0,572,13,M_3226
booknlp,COREF,94,her,195413,195416,0,572,13,M_3227
booknlp,COREF,150,his,195456,195459,8,572,13,M_3228
exp,exp_name,mr. elton,Mr. Elton,195490,195499,8,572,13,M_3229
exp,exp_name,mr. elton,Mr. Elton,195522,195531,8,572,13,M_3230
exp,exp_name,mr. elton,Mr. Elton,195613,195622,8,572,13,M_3231
booknlp,COREF,150,his,195648,195651,8,572,13,M_3232
booknlp,COREF,150,his,195727,195730,8,572,13,M_3233
booknlp,COREF,150,his,195756,195759,8,572,13,M_3234
booknlp,COREF,150,he,195789,195791,8,572,13,M_3235
booknlp,COREF,94,her,195807,195810,0,572,13,M_3236
booknlp,COREF,94,she,195826,195829,0,573,13,M_3237
booknlp,COREF,94,herself,195833,195840,0,573,13,M_3238
booknlp,COREF,94,I,195872,195873,0,573,13,M_3239
booknlp,COREF,150,him,195882,195885,8,573,13,M_3240
pdnc,qID,Q393-1,Harriet,195938,195945,2,573,13,M_3241
booknlp,COREF,94,I,195995,195996,0,573,13,M_3242
pdnc,qID,Q393-1,Mr. Elton,196278,196287,8,573,13,M_3243
pdnc,qID,Q393-1,Harriet,196374,196381,2,573,13,M_3244
pdnc,qID,Q393-1,he,196394,196396,8,573,13,M_3245
pdnc,qID,Q393-1,he,196426,196428,8,573,13,M_3246
pdnc,qID,Q393-1,he,196452,196454,8,573,13,M_3247
pdnc,qID,Q393-1,he,196495,196497,8,573,13,M_3248
pdnc,qID,Q393-1,Harriet,196519,196526,2,573,13,M_3249
pdnc,qID,Q393-1,her,196556,196559,2,573,13,M_3250
exp,exp_name,mr. elton,Mr. Elton,196579,196588,8,574,13,M_3251
booknlp,COREF,150,him,196628,196631,8,574,13,M_3252
booknlp,COREF,150,his,196699,196702,8,574,13,M_3253
exp,exp_name,harriet,Harriet,196720,196727,2,574,13,M_3254
booknlp,COREF,150,his,196755,196758,8,574,13,M_3255
booknlp,COREF,150,he,196789,196791,8,574,13,M_3256
booknlp,COREF,150,he,196873,196875,8,574,13,M_3257
booknlp,COREF,150,he,196930,196932,8,574,13,M_3258
booknlp,COREF,150,he,196979,196981,8,574,13,M_3259
booknlp,COREF,150,himself,197000,197007,8,574,13,M_3260
booknlp,COREF,150,his,197066,197069,8,574,13,M_3261
exp,exp_name,john knightley,John Knightley,197131,197145,5,575,13,M_3262
pdnc,qID,Q394-0,Mr. Elton,197226,197235,8,576,13,M_3263
pdnc,qID,Q394-0,him,197263,197266,8,576,13,M_3264
pdnc,qID,Q394-0,he,197304,197306,8,576,13,M_3265
pdnc,qID,Q394-0,he,197348,197350,8,576,13,M_3266
pdnc,qID,Q395-0,Mr. Elton,197397,197406,8,577,13,M_3267
exp,exp_name,emma,Emma,197443,197447,0,577,13,M_3268
pdnc,qID,Q395-1,his,197563,197566,8,577,13,M_3269
pdnc,qID,Q395-1,he,197599,197601,8,577,13,M_3270
pdnc,qID,Q395-1,Mr. Elton,197705,197714,8,577,13,M_3271
exp,exp_name,mr. john knightley,Mr. John Knightley,197754,197772,5,578,13,M_3272
pdnc,qID,Q396-1,he,197804,197806,8,578,13,M_3273
pdnc,qID,Q396-1,you,197855,197858,0,578,13,M_3274
booknlp,COREF,94,Me,197863,197865,0,579,13,M_3275
booknlp,COREF,94,she,197868,197871,0,579,13,M_3276
pdnc,qID,Q397-1,you,197915,197918,5,579,13,M_3277
booknlp,COREF,94,me,197929,197931,0,579,13,M_3278
pdnc,qID,Q397-1,Mr. Elton,197938,197947,8,579,13,M_3279
booknlp,COREF,94,me,197993,197995,0,580,13,M_3280
booknlp,COREF,94,I,197997,197998,0,580,13,M_3281
pdnc,qID,Q398-0,Emma,198004,198008,0,580,13,M_3282
pdnc,qID,Q398-0,you,198038,198041,0,580,13,M_3283
pdnc,qID,Q398-0,you,198050,198053,0,580,13,M_3284
pdnc,qID,Q399-0,Mr. Elton,198101,198110,8,581,13,M_3285
booknlp,COREF,94,I,198146,198147,0,582,13,M_3286
pdnc,qID,Q400-0,you,198173,198176,0,582,13,M_3287
pdnc,qID,Q400-0,your,198243,198247,0,582,13,M_3288
booknlp,COREF,94,I,198271,198272,0,582,13,M_3289
pdnc,qID,Q400-0,your,198279,198283,0,582,13,M_3290
pdnc,qID,Q400-0,him,198295,198298,8,582,13,M_3291
booknlp,COREF,94,I,198312,198313,0,582,13,M_3292
pdnc,qID,Q400-0,Emma,198333,198337,0,582,13,M_3293
pdnc,qID,Q400-0,You,198339,198342,0,582,13,M_3294
pdnc,qID,Q400-0,you,198365,198368,0,582,13,M_3295
pdnc,qID,Q400-0,you,198389,198392,0,582,13,M_3296
pdnc,qID,Q400-0,you,198406,198409,0,582,13,M_3297
pdnc,qID,Q401-0,you,198433,198436,5,583,13,M_3298
pdnc,qID,Q401-0,you,198451,198454,5,583,13,M_3299
pdnc,qID,Q401-0,you,198455,198458,5,583,13,M_3300
pdnc,qID,Q401-0,Mr. Elton,198479,198488,8,583,13,M_3301
exp,exp_name,mr. woodhouse,Mr. Woodhouse,198881,198894,10,584,13,M_3302
booknlp,COREF,85,his,198921,198924,10,584,13,M_3303
booknlp,COREF,85,he,198986,198988,10,584,13,M_3304
booknlp,COREF,85,his,199079,199082,10,584,13,M_3305
booknlp,COREF,85,his,199102,199105,10,584,13,M_3306
booknlp,COREF,85,his,199221,199224,10,584,13,M_3307
exp,exp_name,emma,Emma,199610,199614,0,585,13,M_3308
booknlp,COREF,94,her,199629,199632,0,585,13,M_3309
booknlp,COREF,85,his,199749,199752,10,585,13,M_3310
exp,exp_name,mr. john knightley,Mr. John Knightley,199823,199841,5,585,13,M_3311
booknlp,COREF,85,he,199869,199871,10,585,13,M_3312
booknlp,COREF,85,him,200004,200007,10,585,13,M_3313
booknlp,COREF,85,his,200022,200025,10,585,13,M_3314
booknlp,COREF,85,he,200053,200055,10,586,13,M_3315
booknlp,COREF,85,I,200264,200265,10,586,13,M_3316
exp,exp_name,emma,Emma,201312,201316,0,587,13,M_3317
booknlp,COREF,94,herself,201330,201337,0,587,13,M_3318
booknlp,COREF,94,she,201533,201536,0,587,13,M_3319
booknlp,COREF,94,She,201601,201604,0,587,13,M_3320
booknlp,COREF,94,she,201629,201632,0,587,13,M_3321
booknlp,COREF,94,her,201660,201663,0,587,13,M_3322
booknlp,COREF,94,She,201697,201700,0,587,13,M_3323
booknlp,COREF,94,herself,201760,201767,0,587,13,M_3324
booknlp,COREF,94,her,201788,201791,0,587,13,M_3325
exp,exp_name,mr. elton,Mr. Elton,201861,201870,8,588,13,M_3326
exp,exp_name,emma,Emma,201925,201929,0,588,13,M_3327
exp,exp_name,mr. elton,Mr. Elton,201979,201988,8,588,13,M_3328
booknlp,COREF,150,he,202026,202028,8,588,13,M_3329
booknlp,COREF,150,his,202053,202056,8,588,13,M_3330
booknlp,COREF,94,she,202081,202084,0,588,13,M_3331
booknlp,COREF,150,he,202100,202102,8,588,13,M_3332
exp,exp_name,harriet,Harriet,202145,202152,2,588,13,M_3333
booknlp,COREF,94,her,202175,202178,0,588,13,M_3334
booknlp,COREF,94,She,202180,202183,0,588,13,M_3335
booknlp,COREF,94,My,202266,202268,0,589,13,M_3336
booknlp,COREF,94,she,202304,202307,0,589,13,M_3337
booknlp,COREF,94,I,202343,202344,0,589,13,M_3338
booknlp,COREF,94,my,202374,202376,0,589,13,M_3339
booknlp,COREF,150,His,202388,202391,8,590,13,M_3340
booknlp,COREF,150,his,202425,202428,8,590,13,M_3341
booknlp,COREF,150,he,202465,202467,8,590,13,M_3342
booknlp,COREF,150,I,202488,202489,8,591,13,M_3343
booknlp,COREF,150,I,202510,202511,8,591,13,M_3344
pdnc,qID,Q404-0,you,202540,202543,0,591,13,M_3345
booknlp,COREF,150,I,202554,202555,8,591,13,M_3346
booknlp,COREF,150,I,202593,202594,8,591,13,M_3347
booknlp,COREF,150,I,202626,202627,8,591,13,M_3348
booknlp,COREF,150,I,202647,202648,8,591,13,M_3349
pdnc,qID,Q404-0,Miss Smith,202663,202673,2,591,13,M_3350
booknlp,COREF,150,I,202757,202758,8,591,13,M_3351
booknlp,COREF,150,myself,202773,202779,8,591,13,M_3352
pdnc,qID,Q404-0,she,202785,202788,2,591,13,M_3353
booknlp,COREF,150,I,202828,202829,8,591,13,M_3354
pdnc,qID,Q404-0,her,202850,202853,2,591,13,M_3355
exp,exp_name,emma,Emma,202872,202876,0,592,13,M_3356
pdnc,qID,Q405-0,her,202942,202945,2,592,13,M_3357
booknlp,COREF,150,I,202957,202958,8,592,13,M_3358
booknlp,COREF,150,I,202978,202979,8,592,13,M_3359
pdnc,qID,Q405-0,her,203067,203070,2,592,13,M_3360
booknlp,COREF,150,I,203103,203104,8,593,13,M_3361
booknlp,COREF,150,I,203124,203125,8,593,13,M_3362
pdnc,qID,Q407-0,her,203159,203162,2,594,13,M_3363
booknlp,COREF,150,I,203188,203189,8,594,13,M_3364
pdnc,qID,Q408-0,She,203376,203379,2,595,13,M_3365
exp,exp_name,emma,Emma,203519,203523,0,596,13,M_3366
exp,exp_name,john knightley,John Knightley,204196,204210,5,598,13,M_3367
exp,exp_name,mr. elton,Mr. Elton,204290,204299,8,599,13,M_3368
pdnc,qID,Q411-1,Mr. Woodhouse,204474,204487,10,599,13,M_3369
booknlp,COREF,150,I,204752,204753,8,599,13,M_3370
booknlp,COREF,150,I,204834,204835,8,599,13,M_3371
exp,exp_name,mr. john knightley,Mr. John Knightley,204916,204934,5,600,13,M_3372
exp,exp_name,emma,Emma,205077,205081,0,602,13,M_3373
booknlp,COREF,94,she,205110,205113,0,602,13,M_3374
exp,exp_name,mr. elton,Mr. Elton,205145,205154,8,602,13,M_3375
exp,exp_name,harriet,Harriet,205185,205192,2,602,13,M_3376
exp,exp_name,mrs. weston,Mrs. Weston,205372,205383,15,603,13,M_3377
pdnc,qID,Q413-1,Mrs. Weston,205386,205397,15,603,13,M_3378
pdnc,qID,Q413-1,he,205432,205434,9,603,13,M_3379
pdnc,qID,Q413-1,Mr. Weston,205609,205619,9,603,13,M_3380
pdnc,qID,Q413-1,you,205787,205790,0,603,13,M_3381
exp,exp_name,emma,Emma,205839,205843,0,603,13,M_3382
booknlp,COREF,94,your,205877,205881,0,603,13,M_3383
pdnc,qID,Q413-2,Mr. Knightley,205902,205915,5,603,13,M_3384
pdnc,qID,Q416-0,sir,206200,206203,5,605,13,M_3385
pdnc,qID,Q416-0,you,206229,206232,5,605,13,M_3386
pdnc,qID,Q416-0,you,206265,206268,5,605,13,M_3387
exp,exp_name,john knightley,John Knightley,206346,206360,5,606,13,M_3388
exp,exp_name,mrs. weston,Mrs. Weston,206548,206559,15,608,14,M_3389
exp,exp_name,mr. elton,Mr. Elton,206577,206586,8,608,14,M_3390
booknlp,COREF,150,his,206600,206603,8,608,14,M_3391
exp,exp_name,mr. john knightley,Mr. John Knightley,206622,206640,5,608,14,M_3392
booknlp,COREF,150,his,206650,206653,8,608,14,M_3393
exp,exp_name,mr. elton,Mr. Elton,206666,206675,8,608,14,M_3394
exp,exp_name,mr. john knightley,Mr. John Knightley,206697,206715,5,608,14,M_3395
exp,exp_name,emma,Emma,206750,206754,0,608,14,M_3396
exp,exp_name,mr. weston,Mr. Weston,206885,206895,9,608,14,M_3397
booknlp,COREF,86,his,207006,207009,9,608,14,M_3398
exp,exp_name,mrs. weston,Mrs. Weston,207295,207306,15,608,14,M_3399
exp,exp_name,mrs. weston,Mrs. Weston,207661,207672,15,609,14,M_3400
exp,exp_name,emma,Emma,207722,207726,0,609,14,M_3401
booknlp,COREF,94,she,207732,207735,0,609,14,M_3402
exp,exp_name,mr. elton,Mr. Elton,207781,207790,8,609,14,M_3403
exp,exp_name,harriet,Harriet,207903,207910,2,610,14,M_3404
booknlp,COREF,112,her,207959,207962,2,610,14,M_3405
exp,exp_name,mr. woodhouse,Mr. Woodhouse,207972,207985,10,610,14,M_3406
booknlp,COREF,85,his,208075,208078,10,610,14,M_3407
exp,exp_name,isabella,Isabella,208087,208095,3,610,14,M_3408
exp,exp_name,emma,Emma,208113,208117,0,610,14,M_3409
booknlp,COREF,85,his,208175,208178,10,610,14,M_3410
booknlp,COREF,85,his,208223,208226,10,610,14,M_3411
exp,exp_name,mrs. weston,Mrs. Weston,208267,208278,15,610,14,M_3412
booknlp,COREF,85,him,208338,208341,10,610,14,M_3413
exp,exp_name,emma,Emma,208386,208390,0,610,14,M_3414
exp,exp_name,emma,Emma,208393,208397,0,611,14,M_3415
exp,exp_name,mr. elton,Mr. Elton,208422,208431,8,611,14,M_3416
booknlp,COREF,94,her,208449,208452,0,611,14,M_3417
booknlp,COREF,150,he,208518,208520,8,611,14,M_3418
booknlp,COREF,94,her,208534,208537,0,611,14,M_3419
booknlp,COREF,150,his,208575,208578,8,611,14,M_3420
exp,exp_name,harriet,Harriet,208609,208616,2,611,14,M_3421
booknlp,COREF,112,her,208623,208626,2,611,14,M_3422
booknlp,COREF,150,he,208639,208641,8,611,14,M_3423
booknlp,COREF,112,her,208658,208661,2,611,14,M_3424
booknlp,COREF,150,his,208699,208702,8,611,14,M_3425
booknlp,COREF,112,her,208724,208727,2,611,14,M_3426
booknlp,COREF,112,her,208764,208767,2,611,14,M_3427
booknlp,COREF,150,him,208811,208814,8,611,14,M_3428
booknlp,COREF,150,his,208816,208819,8,611,14,M_3429
booknlp,COREF,112,she,208844,208847,2,611,14,M_3430
pdnc,qID,Q418-0,my brother,208912,208922,5,611,14,M_3431
pdnc,qID,Q418-0,this man,208956,208964,8,611,14,M_3432
pdnc,qID,Q418-0,his,208993,208996,8,611,14,M_3433
pdnc,qID,Q418-0,Harriet,209013,209020,2,611,14,M_3434
booknlp,COREF,150,he,209060,209062,8,611,14,M_3435
booknlp,COREF,112,her,209087,209090,2,611,14,M_3436
booknlp,COREF,112,her,209142,209145,2,611,14,M_3437
exp,exp_name,mrs. weston,Mrs. Weston,209176,209187,15,611,14,M_3438
booknlp,COREF,112,her,209222,209225,2,611,14,M_3439
booknlp,COREF,112,her,209348,209351,2,611,14,M_3440
booknlp,COREF,112,her,209364,209367,2,611,14,M_3441
booknlp,COREF,112,her,209386,209389,2,611,14,M_3442
booknlp,COREF,112,she,209399,209402,2,611,14,M_3443
exp,exp_name,harriet,Harriet,209430,209437,2,611,14,M_3444
booknlp,COREF,112,she,209488,209491,2,611,14,M_3445
exp,exp_name,mr. elton,Mr. Elton,209633,209642,8,611,14,M_3446
booknlp,COREF,112,she,209661,209664,2,611,14,M_3447
booknlp,COREF,112,She,209699,209702,2,611,14,M_3448
exp,exp_name,mr. weston,Mr. Weston,209729,209739,9,611,14,M_3449
booknlp,COREF,86,his,209774,209777,9,611,14,M_3450
booknlp,COREF,112,she,209783,209786,2,611,14,M_3451
pdnc,qID,Q419-0,my son,209804,209810,1,611,14,M_3452
pdnc,qID,Q419-1,Frank,209818,209823,1,611,14,M_3453
pdnc,qID,Q419-2,my son,209831,209837,1,611,14,M_3454
booknlp,COREF,86,he,209931,209933,9,611,14,M_3455
booknlp,COREF,86,his,209969,209972,9,611,14,M_3456
booknlp,COREF,112,she,209989,209992,2,611,14,M_3457
exp,exp_name,mr. elton,Mr. Elton,210005,210014,8,611,14,M_3458
booknlp,COREF,112,her,210083,210086,2,611,14,M_3459
exp,exp_name,emma,Emma,210150,210154,0,612,14,M_3460
exp,exp_name,mr. frank churchill,Mr. Frank Churchill,210235,210254,1,612,14,M_3461
booknlp,COREF,112,her,210280,210283,2,612,14,M_3462
booknlp,COREF,112,She,210285,210288,2,612,14,M_3463
booknlp,COREF,103,his,210330,210333,1,612,14,M_3464
exp,exp_name,miss taylor,Miss Taylor,210357,210368,15,612,14,M_3465
booknlp,COREF,112,she,210378,210381,2,612,14,M_3466
booknlp,COREF,103,he,210399,210401,1,612,14,M_3467
booknlp,COREF,112,her,210430,210433,2,612,14,M_3468
booknlp,COREF,103,He,210467,210469,1,612,14,M_3469
booknlp,COREF,112,her,210536,210539,2,612,14,M_3470
booknlp,COREF,112,She,210541,210544,2,612,14,M_3471
exp,exp_name,mrs. weston,Mrs. Weston,210642,210653,15,612,14,M_3472
booknlp,COREF,112,she,210671,210674,2,612,14,M_3473
booknlp,COREF,103,him,210744,210747,1,612,14,M_3474
booknlp,COREF,112,she,210799,210802,2,612,14,M_3475
booknlp,COREF,112,she,210844,210847,2,612,14,M_3476
booknlp,COREF,112,she,210869,210872,2,612,14,M_3477
booknlp,COREF,103,him,210902,210905,1,612,14,M_3478
booknlp,COREF,103,him,210938,210941,1,612,14,M_3479
booknlp,COREF,103,him,210970,210973,1,612,14,M_3480
exp,exp_name,mr. elton,Mr. Elton,211108,211117,8,613,14,M_3481
booknlp,COREF,112,she,211162,211165,2,613,14,M_3482
exp,exp_name,mr. weston,Mr. Weston,211400,211410,9,613,14,M_3483
exp,exp_name,mr. elton,Mr. Elton,211459,211468,8,613,14,M_3484
exp,exp_name,mr. weston,Mr. Weston,211484,211494,9,613,14,M_3485
booknlp,COREF,103,he,211507,211509,1,613,14,M_3486
booknlp,COREF,112,her,211635,211638,2,613,14,M_3487
booknlp,COREF,103,I,211693,211694,1,614,14,M_3488
pdnc,qID,Q420-0,your pretty little friend,211730,211755,2,614,14,M_3489
pdnc,qID,Q420-0,Miss Smith,211757,211767,2,614,14,M_3490
pdnc,qID,Q420-0,my son,211773,211779,1,614,14,M_3491
booknlp,COREF,103,I,211790,211791,1,614,14,M_3492
booknlp,COREF,103,I,211827,211828,1,614,14,M_3493
pdnc,qID,Q420-0,you,211837,211840,0,614,14,M_3494
booknlp,COREF,103,me,211854,211856,1,614,14,M_3495
pdnc,qID,Q420-0,Frank,211918,211923,1,614,14,M_3496
booknlp,COREF,103,I,211925,211926,1,614,14,M_3497
pdnc,qID,Q420-0,him,211945,211948,1,614,14,M_3498
pdnc,qID,Q420-0,he,211967,211969,1,614,14,M_3499
exp,exp_name,emma,Emma,212008,212012,0,615,14,M_3500
exp,exp_name,mr. frank churchill,Mr. Frank Churchill,212099,212118,1,615,14,M_3501
exp,exp_name,miss smith,Miss Smith,212123,212133,2,615,14,M_3502
pdnc,qID,Q421-0,He,212171,212173,1,616,14,M_3503
exp,exp_name,mr. weston,Mr. Weston,212217,212227,9,616,14,M_3504
pdnc,qID,Q421-1,he,212290,212292,1,616,14,M_3505
pdnc,qID,Q421-1,his,212308,212311,1,616,14,M_3506
pdnc,qID,Q421-1,He,212322,212324,1,616,14,M_3507
booknlp,COREF,86,I,212462,212463,9,616,14,M_3508
pdnc,qID,Q421-1,him,212488,212491,1,616,14,M_3509
pdnc,qID,Q422-0,you,212575,212578,9,617,14,M_3510
pdnc,qID,Q422-0,Mrs. Weston,212584,212595,15,617,14,M_3511
pdnc,qID,Q422-0,him,212632,212635,1,617,14,M_3512
pdnc,qID,Q422-0,she,212642,212645,15,617,14,M_3513
booknlp,COREF,94,yourself,212673,212681,0,617,14,M_3514
pdnc,qID,Q423-0,she,212691,212694,15,618,14,M_3515
pdnc,qID,Q423-0,she,212714,212717,15,618,14,M_3516
pdnc,qID,Q423-0,She,212756,212759,15,618,14,M_3517
pdnc,qID,Q423-0,his,212781,212784,1,618,14,M_3518
booknlp,COREF,86,I,212803,212804,9,618,14,M_3519
pdnc,qID,Q423-0,she,212813,212816,15,618,14,M_3520
booknlp,COREF,86,I,212854,212855,9,618,14,M_3521
pdnc,qID,Q423-0,you,212870,212873,0,618,14,M_3522
booknlp,COREF,86,I,212921,212922,9,618,14,M_3523
pdnc,qID,Q423-0,you,213010,213013,0,618,14,M_3524
pdnc,qID,Q423-0,Frank,213118,213123,1,618,14,M_3525
pdnc,qID,Q423-0,he,213192,213194,1,618,14,M_3526
booknlp,COREF,86,I,213212,213213,9,618,14,M_3527
booknlp,COREF,86,I,213467,213468,9,618,14,M_3528
booknlp,COREF,86,I,213511,213512,9,618,14,M_3529
pdnc,qID,Q423-0,Frank,213539,213544,1,618,14,M_3530
booknlp,COREF,86,I,213583,213584,9,618,14,M_3531
booknlp,COREF,86,myself,213602,213608,9,618,14,M_3532
pdnc,qID,Q423-0,your good friend there,213614,213636,15,618,14,M_3533
pdnc,qID,Q424-0,she,213766,213769,15,618,14,M_3534
booknlp,COREF,86,I,213808,213809,9,618,14,M_3535
booknlp,COREF,94,I,213854,213855,0,619,14,M_3536
exp,exp_name,emma,Emma,213924,213928,0,619,14,M_3537
pdnc,qID,Q425-1,you,213960,213963,9,619,14,M_3538
pdnc,qID,Q425-1,Mr. Weston,213965,213975,9,619,14,M_3539
pdnc,qID,Q425-1,you,213980,213983,9,619,14,M_3540
pdnc,qID,Q425-1,he,213990,213992,1,619,14,M_3541
booknlp,COREF,94,I,214004,214005,0,619,14,M_3542
pdnc,qID,Q425-1,you,214030,214033,9,619,14,M_3543
booknlp,COREF,94,I,214057,214058,0,620,14,M_3544
booknlp,COREF,94,I,214101,214102,0,620,14,M_3545
booknlp,COREF,94,my,214135,214137,0,620,14,M_3546
booknlp,COREF,94,I,214171,214172,0,620,14,M_3547
booknlp,COREF,94,myself,214185,214191,0,620,14,M_3548
pdnc,qID,Q426-0,Frank,214216,214221,1,620,14,M_3549
booknlp,COREF,94,I,214237,214238,0,620,14,M_3550
pdnc,qID,Q426-0,him,214273,214276,1,620,14,M_3551
booknlp,COREF,94,I,214278,214279,0,620,14,M_3552
pdnc,qID,Q426-0,him,214389,214392,1,620,14,M_3553
booknlp,COREF,94,my,214523,214525,0,620,14,M_3554
pdnc,qID,Q426-0,him,214538,214541,1,620,14,M_3555
pdnc,qID,Q426-0,he,214548,214550,1,620,14,M_3556
booknlp,COREF,94,I,214596,214597,0,620,14,M_3557
exp,exp_name,emma,Emma,214719,214723,0,621,14,M_3558
booknlp,COREF,94,she,214756,214759,0,621,14,M_3559
exp,exp_name,mrs. weston,Mrs. Weston,214778,214789,15,621,14,M_3560
exp,exp_name,mrs. weston,Mrs. Weston,214934,214945,15,621,14,M_3561
pdnc,qID,Q427-0,his,215107,215110,1,621,14,M_3562
pdnc,qID,Q427-0,Mr. Weston,215146,215156,9,621,14,M_3563
pdnc,qID,Q427-0,Mr. Weston,215213,215223,9,621,14,M_3564
pdnc,qID,Q427-0,you,215254,215257,0,621,14,M_3565
exp,exp_name,churchill,Churchill,215356,215365,1,622,14,M_3566
pdnc,qID,Q429-0,My Emma,215429,215436,0,623,14,M_3567
exp,exp_name,mrs. weston,Mrs. Weston,215447,215458,15,623,14,M_3568
exp,exp_name,isabella,Isabella,215521,215529,3,623,14,M_3569
pdnc,qID,Q430-0,You,215567,215570,3,623,14,M_3570
pdnc,qID,Q430-0,my dear Mrs. Knightley,215582,215604,3,623,14,M_3571
pdnc,qID,Q430-0,Mr. Frank Churchill,215648,215667,1,623,14,M_3572
pdnc,qID,Q430-0,his father,215687,215697,9,623,14,M_3573
pdnc,qID,Q430-0,his,215731,215734,1,623,14,M_3574
pdnc,qID,Q430-0,you,215794,215797,3,623,14,M_3575
exp,exp_name,churchill,Churchill,215853,215862,1,623,14,M_3576
pdnc,qID,Q430-0,his,215920,215923,1,623,14,M_3577
pdnc,qID,Q430-0,him,215976,215979,1,623,14,M_3578
exp,exp_name,churchill,Churchill,215993,216002,1,624,14,M_3579
exp,exp_name,churchill,Churchill,216026,216035,1,624,14,M_3580
exp,exp_name,isabella,Isabella,216046,216054,3,624,14,M_3581
booknlp,COREF,87,I,216061,216062,3,624,14,M_3582
booknlp,COREF,87,I,216071,216072,3,624,14,M_3583
pdnc,qID,Q431-1,that poor young man,216088,216107,1,624,14,M_3584
exp,exp_name,emma,Emma,216411,216415,0,625,14,M_3585
booknlp,COREF,94,she,216423,216426,0,625,14,M_3586
exp,exp_name,mrs. weston,Mrs. Weston,216447,216458,15,625,14,M_3587
booknlp,COREF,94,She,216460,216463,0,625,14,M_3588
exp,exp_name,mrs. weston,Mrs. Weston,216493,216504,15,625,14,M_3589
booknlp,COREF,94,her,216520,216523,0,625,14,M_3590
exp,exp_name,isabella,Isabella,216584,216592,3,625,14,M_3591
booknlp,COREF,94,she,216599,216602,0,625,14,M_3592
booknlp,COREF,94,her,216692,216695,0,625,14,M_3593
booknlp,COREF,94,her,216746,216749,0,625,14,M_3594
booknlp,COREF,94,her,216784,216787,0,625,14,M_3595
exp,exp_name,mr. woodhouse,Mr. Woodhouse,216866,216879,10,625,14,M_3596
booknlp,COREF,85,he,216983,216985,10,625,14,M_3597
booknlp,COREF,85,him,217051,217054,10,625,14,M_3598
booknlp,COREF,85,he,217071,217073,10,625,14,M_3599
booknlp,COREF,85,he,217098,217100,10,625,14,M_3600
booknlp,COREF,85,he,217132,217134,10,626,14,M_3601
exp,exp_name,isabella,Isabella,217145,217153,3,626,14,M_3602
exp,exp_name,emma,Emma,217164,217168,0,626,14,M_3603
pdnc,qID,Q432-0,you,217210,217213,15,627,14,M_3604
pdnc,qID,Q432-0,your son,217246,217254,1,627,14,M_3605
booknlp,COREF,85,I,217280,217281,10,627,14,M_3606
booknlp,COREF,85,I,217527,217528,10,628,14,M_3607
booknlp,COREF,85,I,217597,217598,10,628,14,M_3608
pdnc,qID,Q433-0,his,217640,217643,1,628,14,M_3609
booknlp,COREF,85,I,217654,217655,10,628,14,M_3610
pdnc,qID,Q433-0,him,217713,217716,1,628,14,M_3611
pdnc,qID,Q433-0,his,217776,217779,1,628,14,M_3612
pdnc,qID,Q433-0,his father,217791,217801,9,628,14,M_3613
booknlp,COREF,85,I,217813,217814,10,628,14,M_3614
pdnc,qID,Q433-0,his,217841,217844,1,628,14,M_3615
booknlp,COREF,85,I,217857,217858,10,628,14,M_3616
pdnc,qID,Q433-0,Mr. Weston,217864,217874,9,628,14,M_3617
pdnc,qID,Q434-0,He,217898,217900,1,629,14,M_3618
exp,exp_name,emma,Emma,217922,217926,0,629,14,M_3619
pdnc,qID,Q434-1,he,217932,217934,1,629,14,M_3620
pdnc,qID,Q434-1,he,217969,217971,1,629,14,M_3621
pdnc,qID,Q434-1,his,218046,218049,1,629,14,M_3622
pdnc,qID,Q434-1,his father,218304,218314,9,629,14,M_3623
pdnc,qID,Q434-1,he,218319,218321,1,629,14,M_3624
pdnc,qID,Q435-0,he,218426,218428,1,630,14,M_3625
exp,exp_name,mrs. weston,Mrs. Weston,218446,218457,15,630,14,M_3626
pdnc,qID,Q436-0,the nephew,218733,218743,1,631,14,M_3627
pdnc,qID,Q436-0,he,218745,218747,1,631,14,M_3628
booknlp,COREF,94,my,218796,218798,0,631,14,M_3629
exp,exp_name,churchill,Churchill,218812,218821,1,631,14,M_3630
pdnc,qID,Q436-0,him,218992,218995,1,631,14,M_3631
pdnc,qID,Q436-0,the nephew,219035,219045,1,631,14,M_3632
pdnc,qID,Q437-0,My dearest Emma,219083,219098,0,632,14,M_3633
pdnc,qID,Q437-0,your,219121,219125,0,632,14,M_3634
pdnc,qID,Q437-0,you,219194,219197,0,632,14,M_3635
pdnc,qID,Q437-0,his,219245,219248,1,632,14,M_3636
pdnc,qID,Q437-0,him,219330,219333,1,632,14,M_3637
exp,exp_name,emma,Emma,219374,219378,0,633,14,M_3638
booknlp,COREF,94,I,219412,219413,0,633,14,M_3639
pdnc,qID,Q438-0,he,219445,219447,1,633,14,M_3640
pdnc,qID,Q439-0,He,219458,219460,1,634,14,M_3641
exp,exp_name,mrs. weston,Mrs. Weston,219523,219534,15,634,14,M_3642
pdnc,qID,Q439-1,his,219605,219608,1,634,14,M_3643
exp,exp_name,mr. woodhouse,Mr. Woodhouse,219727,219740,10,636,15,M_3644
booknlp,COREF,85,his,219760,219763,10,636,15,M_3645
booknlp,COREF,85,he,219778,219780,10,636,15,M_3646
booknlp,COREF,85,his,219791,219794,10,636,15,M_3647
booknlp,COREF,85,he,219799,219801,10,636,15,M_3648
booknlp,COREF,85,his,219852,219855,10,636,15,M_3649
booknlp,COREF,85,his,219901,219904,10,636,15,M_3650
exp,exp_name,mr. weston,Mr. Weston,219978,219988,9,636,15,M_3651
exp,exp_name,mr. elton,Mr. Elton,220127,220136,8,636,15,M_3652
exp,exp_name,mrs. weston,Mrs. Weston,220193,220204,15,636,15,M_3653
exp,exp_name,emma,Emma,220209,220213,0,636,15,M_3654
booknlp,COREF,150,He,220247,220249,8,636,15,M_3655
booknlp,COREF,150,himself,220316,220323,8,636,15,M_3656
exp,exp_name,emma,Emma,220339,220343,0,637,15,M_3657
booknlp,COREF,94,her,220394,220397,0,637,15,M_3658
exp,exp_name,mr. frank churchill,Mr. Frank Churchill,220425,220444,1,637,15,M_3659
booknlp,COREF,150,his,220468,220471,8,637,15,M_3660
booknlp,COREF,150,him,220522,220525,8,637,15,M_3661
booknlp,COREF,150,his,220544,220547,8,637,15,M_3662
exp,exp_name,harriet,Harriet,220555,220562,2,637,15,M_3663
booknlp,COREF,150,his,220563,220566,8,637,15,M_3664
booknlp,COREF,150,He,220635,220637,8,638,15,M_3665
booknlp,COREF,150,himself,220648,220655,8,638,15,M_3666
booknlp,COREF,112,her,220680,220683,2,638,15,M_3667
booknlp,COREF,112,her,220697,220700,2,638,15,M_3668
booknlp,COREF,94,she,220736,220739,0,638,15,M_3669
booknlp,COREF,94,she,220751,220754,0,638,15,M_3670
booknlp,COREF,112,her,220777,220780,2,638,15,M_3671
booknlp,COREF,150,he,220836,220838,8,638,15,M_3672
booknlp,COREF,112,her,220871,220874,2,638,15,M_3673
booknlp,COREF,150,him,220893,220896,8,638,15,M_3674
booknlp,COREF,150,he,220931,220933,8,638,15,M_3675
exp,exp_name,emma,Emma,221081,221085,0,638,15,M_3676
booknlp,COREF,150,him,221112,221115,8,638,15,M_3677
booknlp,COREF,150,he,221188,221190,8,639,15,M_3678
booknlp,COREF,94,her,221242,221245,0,639,15,M_3679
exp,exp_name,harriet,Harriet,221263,221270,2,639,15,M_3680
booknlp,COREF,94,she,221292,221295,0,639,15,M_3681
booknlp,COREF,150,He,221382,221384,8,639,15,M_3682
booknlp,COREF,94,her,221425,221428,0,639,15,M_3683
booknlp,COREF,94,her,221506,221509,0,639,15,M_3684
booknlp,COREF,150,him,221524,221527,8,639,15,M_3685
booknlp,COREF,150,he,221566,221568,8,639,15,M_3686
booknlp,COREF,150,his,221599,221602,8,639,15,M_3687
booknlp,COREF,94,she,221623,221626,0,639,15,M_3688
booknlp,COREF,150,his,221731,221734,8,639,15,M_3689
booknlp,COREF,94,her,221760,221763,0,639,15,M_3690
booknlp,COREF,94,She,221765,221768,0,639,15,M_3691
booknlp,COREF,94,her,221871,221874,0,639,15,M_3692
exp,exp_name,harriet,Harriet,221887,221894,2,639,15,M_3693
booknlp,COREF,94,she,221963,221966,0,639,15,M_3694
booknlp,COREF,150,He,222007,222009,8,639,15,M_3695
exp,exp_name,mrs. weston,Mrs. Weston,222020,222031,15,639,15,M_3696
booknlp,COREF,94,she,222070,222073,0,639,15,M_3697
booknlp,COREF,150,him,222079,222082,8,639,15,M_3698
booknlp,COREF,94,her,222083,222086,0,639,15,M_3699
booknlp,COREF,94,she,222107,222110,0,639,15,M_3700
booknlp,COREF,94,her,222115,222118,0,639,15,M_3701
booknlp,COREF,150,his,222134,222137,8,639,15,M_3702
exp,exp_name,miss woodhouse,Miss Woodhouse,222149,222163,0,639,15,M_3703
exp,exp_name,miss smith,Miss Smith,222218,222228,2,639,15,M_3704
booknlp,COREF,150,He,222258,222260,8,639,15,M_3705
booknlp,COREF,94,she,222313,222316,0,639,15,M_3706
booknlp,COREF,150,him,222322,222325,8,639,15,M_3707
booknlp,COREF,94,her,222326,222329,0,639,15,M_3708
booknlp,COREF,150,he,222387,222389,8,640,15,M_3709
booknlp,COREF,94,herself,222426,222433,0,640,15,M_3710
pdnc,qID,Q440-1,She,222435,222438,0,640,15,M_3711
booknlp,COREF,150,me,222446,222448,8,640,15,M_3712
booknlp,COREF,150,my,222458,222460,8,640,15,M_3713
booknlp,COREF,94,herself,222575,222582,0,640,15,M_3714
pdnc,qID,Q440-1,Mrs. Weston,222598,222609,15,640,15,M_3715
booknlp,COREF,150,I,222639,222640,8,640,15,M_3716
booknlp,COREF,150,I,222665,222666,8,640,15,M_3717
pdnc,qID,Q440-1,your,222678,222682,15,640,15,M_3718
exp,exp_name,emma,Emma,222707,222711,0,641,15,M_3719
exp,exp_name,mrs. weston,Mrs. Weston,222716,222727,15,641,15,M_3720
booknlp,COREF,150,himself,222830,222837,8,641,15,M_3721
booknlp,COREF,94,herself,222885,222892,0,641,15,M_3722
booknlp,COREF,94,she,222894,222897,0,641,15,M_3723
booknlp,COREF,94,She,222996,222999,0,641,15,M_3724
booknlp,COREF,150,him,223016,223019,8,641,15,M_3725
booknlp,COREF,94,she,223054,223057,0,641,15,M_3726
booknlp,COREF,150,him,223079,223082,8,641,15,M_3727
booknlp,COREF,150,his,223086,223089,8,641,15,M_3728
booknlp,COREF,94,her,223144,223147,0,641,15,M_3729
booknlp,COREF,94,her,223167,223170,0,641,15,M_3730
booknlp,COREF,94,her,223175,223178,0,641,15,M_3731
booknlp,COREF,94,She,223191,223194,0,642,15,M_3732
exp,exp_name,mr. elton,Mr. Elton,223220,223229,8,642,15,M_3733
exp,exp_name,mr. john knightley,Mr. John Knightley,223292,223310,5,642,15,M_3734
exp,exp_name,mr. woodhouse,Mr. Woodhouse,223536,223549,10,642,15,M_3735
pdnc,qID,Q441-0,your,223593,223597,10,643,15,M_3736
pdnc,qID,Q441-0,your,223641,223645,10,643,15,M_3737
exp,exp_name,mr. woodhouse,Mr. Woodhouse,223721,223734,10,644,15,M_3738
exp,exp_name,mrs. weston,Mrs. Weston,223914,223925,15,644,15,M_3739
exp,exp_name,emma,Emma,223930,223934,0,644,15,M_3740
booknlp,COREF,85,him,223960,223963,10,644,15,M_3741
booknlp,COREF,85,his,223973,223976,10,644,15,M_3742
booknlp,COREF,85,his,223992,223995,10,644,15,M_3743
booknlp,COREF,85,his,224025,224028,10,644,15,M_3744
booknlp,COREF,85,I,224059,224060,10,645,15,M_3745
pdnc,qID,Q442-0,your,224069,224073,10,645,15,M_3746
pdnc,qID,Q442-0,sir,224096,224099,10,645,15,M_3747
booknlp,COREF,85,he,224107,224109,10,645,15,M_3748
pdnc,qID,Q442-1,you,224160,224163,10,645,15,M_3749
booknlp,COREF,85,I,224245,224246,10,645,15,M_3750
pdnc,qID,Q442-1,your,224255,224259,10,645,15,M_3751
booknlp,COREF,85,I,224272,224273,10,645,15,M_3752
booknlp,COREF,85,I,224494,224495,10,645,15,M_3753
exp,exp_name,mr. weston,Mr. Weston,224558,224568,9,646,15,M_3754
booknlp,COREF,86,he,224624,224626,9,646,15,M_3755
exp,exp_name,mr. woodhouse,Mr. Woodhouse,224710,224723,10,646,15,M_3756
booknlp,COREF,85,his,224760,224763,10,646,15,M_3757
booknlp,COREF,85,he,224889,224891,10,646,15,M_3758
booknlp,COREF,85,He,224934,224936,10,646,15,M_3759
booknlp,COREF,85,he,224979,224981,10,646,15,M_3760
booknlp,COREF,85,his,225126,225129,10,646,15,M_3761
booknlp,COREF,85,him,225149,225152,10,646,15,M_3762
pdnc,qID,Q443-0,my dear Emma,225341,225353,0,647,15,M_3763
exp,exp_name,mr. woodhouse,Mr. Woodhouse,225381,225394,10,647,15,M_3764
booknlp,COREF,85,he,225429,225431,10,647,15,M_3765
booknlp,COREF,85,he,225464,225466,10,647,15,M_3766
booknlp,COREF,85,him,225639,225642,10,647,15,M_3767
booknlp,COREF,85,His,225654,225657,10,648,15,M_3768
booknlp,COREF,85,his,225695,225698,10,648,15,M_3769
exp,exp_name,emma,Emma,225978,225982,0,648,15,M_3770
pdnc,qID,Q444-0,You,226139,226142,5,649,15,M_3771
pdnc,qID,Q444-0,my love,226183,226190,5,649,15,M_3772
pdnc,qID,Q445-1,my dear Isabella,226540,226556,3,650,15,M_3773
pdnc,qID,Q445-1,you,226652,226655,3,650,15,M_3774
pdnc,qID,Q445-1,you,226674,226677,3,650,15,M_3775
exp,exp_name,isabella,Isabella,226766,226774,3,651,15,M_3776
exp,exp_name,mrs. weston,Mrs. Weston,226785,226796,15,651,15,M_3777
exp,exp_name,mrs. weston,Mrs. Weston,226830,226841,15,651,15,M_3778
exp,exp_name,isabella,Isabella,226862,226870,3,651,15,M_3779
exp,exp_name,emma,Emma,226884,226888,0,651,15,M_3780
exp,exp_name,emma,Emma,226894,226898,0,651,15,M_3781
exp,exp_name,mr. knightley,Mr. Knightley,227022,227035,6,651,15,M_3782
exp,exp_name,isabella,Isabella,227712,227720,3,652,15,M_3783
exp,exp_name,emma,Emma,227807,227811,0,652,15,M_3784
booknlp,COREF,94,her,227815,227818,0,652,15,M_3785
exp,exp_name,mr. knightley,Mr. Knightley,228249,228262,6,652,15,M_3786
exp,exp_name,emma,Emma,228267,228271,0,652,15,M_3787
pdnc,qID,Q446-0,Your father,228318,228329,10,653,15,M_3788
pdnc,qID,Q446-0,you,228359,228362,0,653,15,M_3789
exp,exp_name,emma,Emma,228518,228522,0,657,15,M_3790
exp,exp_name,mr. woodhouse,Mr. Woodhouse,228723,228736,10,658,15,M_3791
booknlp,COREF,85,his,228807,228810,10,658,15,M_3792
exp,exp_name,mr. knightley,Mr. Knightley,228818,228831,6,658,15,M_3793
exp,exp_name,mr. weston,Mr. Weston,228836,228846,9,658,15,M_3794
booknlp,COREF,85,he,229016,229018,10,658,15,M_3795
booknlp,COREF,85,He,229043,229045,10,658,15,M_3796
booknlp,COREF,85,He,229092,229094,10,658,15,M_3797
exp,exp_name,isabella,Isabella,229111,229119,3,658,15,M_3798
exp,exp_name,emma,Emma,229163,229167,0,658,15,M_3799
booknlp,COREF,85,He,229192,229194,10,658,15,M_3800
exp,exp_name,isabella,Isabella,229373,229381,3,659,15,M_3801
booknlp,COREF,87,her,229397,229400,3,659,15,M_3802
exp,exp_name,john knightley,John Knightley,229409,229423,5,659,15,M_3803
exp,exp_name,emma,Emma,229523,229527,0,659,15,M_3804
exp,exp_name,mr. elton,Mr. Elton,229594,229603,8,659,15,M_3805
booknlp,COREF,94,she,229835,229838,0,659,15,M_3806
booknlp,COREF,150,him,229860,229863,8,659,15,M_3807
exp,exp_name,harriet,Harriet,229867,229874,2,659,15,M_3808
booknlp,COREF,94,she,229945,229948,0,659,15,M_3809
booknlp,COREF,94,She,229983,229986,0,659,15,M_3810
booknlp,COREF,150,he,229996,229998,8,659,15,M_3811
exp,exp_name,mr. weston,Mr. Weston,230029,230039,9,659,15,M_3812
booknlp,COREF,150,he,230072,230074,8,659,15,M_3813
booknlp,COREF,150,him,230123,230126,8,660,15,M_3814
booknlp,COREF,94,her,230151,230154,0,660,15,M_3815
booknlp,COREF,94,she,230168,230171,0,660,15,M_3816
booknlp,COREF,94,she,230290,230293,0,660,15,M_3817
booknlp,COREF,94,she,230377,230380,0,660,15,M_3818
booknlp,COREF,94,her,230387,230390,0,660,15,M_3819
booknlp,COREF,94,her,230407,230410,0,660,15,M_3820
booknlp,COREF,94,her,230424,230427,0,660,15,M_3821
exp,exp_name,mr. elton,Mr. Elton,230452,230461,8,660,15,M_3822
booknlp,COREF,94,her,230494,230497,0,660,15,M_3823
booknlp,COREF,150,himself,230508,230515,8,660,15,M_3824
booknlp,COREF,94,she,230642,230645,0,660,15,M_3825
booknlp,COREF,150,him,230654,230657,8,660,15,M_3826
booknlp,COREF,150,himself,230674,230681,8,660,15,M_3827
booknlp,COREF,150,his,230687,230690,8,660,15,M_3828
exp,exp_name,mr. elton,Mr. Elton,230958,230967,8,660,15,M_3829
exp,exp_name,harriet,Harriet,230982,230989,2,660,15,M_3830
booknlp,COREF,150,himself,231006,231013,8,660,15,M_3831
booknlp,COREF,94,her,231015,231018,0,660,15,M_3832
booknlp,COREF,94,She,231027,231030,0,660,15,M_3833
booknlp,COREF,150,him,231045,231048,8,660,15,M_3834
booknlp,COREF,150,he,231062,231064,8,660,15,M_3835
booknlp,COREF,94,she,231103,231106,0,660,15,M_3836
booknlp,COREF,94,her,231143,231146,0,660,15,M_3837
booknlp,COREF,94,herself,231167,231174,0,660,15,M_3838
booknlp,COREF,94,she,231180,231183,0,660,15,M_3839
booknlp,COREF,94,She,231195,231198,0,660,15,M_3840
booknlp,COREF,94,she,231384,231387,0,660,15,M_3841
booknlp,COREF,150,his,231410,231413,8,660,15,M_3842
booknlp,COREF,94,she,231435,231438,0,660,15,M_3843
booknlp,COREF,94,I,231450,231451,0,661,15,M_3844
pdnc,qID,Q450-0,Mr. Elton,231477,231486,8,661,15,M_3845
booknlp,COREF,94,me,231497,231499,0,661,15,M_3846
pdnc,qID,Q450-0,you,231502,231505,8,661,15,M_3847
booknlp,COREF,150,yourself,231513,231521,8,661,15,M_3848
pdnc,qID,Q450-0,you,231523,231526,8,661,15,M_3849
booknlp,COREF,94,me,231532,231534,0,661,15,M_3850
pdnc,qID,Q450-0,my friend,231539,231548,2,661,15,M_3851
pdnc,qID,Q450-0,Miss Smith,231565,231575,2,661,15,M_3852
booknlp,COREF,94,I,231576,231577,0,661,15,M_3853
booknlp,COREF,94,me,231629,231631,0,661,15,M_3854
pdnc,qID,Q450-0,you,231637,231640,8,661,15,M_3855
pdnc,qID,Q451-0,Miss Smith,231652,231662,2,662,15,M_3856
pdnc,qID,Q451-0,Miss Smith,231676,231686,2,662,15,M_3857
pdnc,qID,Q451-0,she,231700,231703,0,662,15,M_3858
booknlp,COREF,150,he,231725,231727,8,662,15,M_3859
booknlp,COREF,94,her,231737,231740,0,662,15,M_3860
booknlp,COREF,94,she,231820,231823,0,662,15,M_3861
pdnc,qID,Q452-0,Mr. Elton,231866,231875,8,663,15,M_3862
booknlp,COREF,150,I,231921,231922,8,663,15,M_3863
pdnc,qID,Q452-0,you,231959,231962,8,663,15,M_3864
booknlp,COREF,150,yourself,231971,231979,8,663,15,M_3865
pdnc,qID,Q452-0,you,231984,231987,8,663,15,M_3866
booknlp,COREF,150,me,232014,232016,8,663,15,M_3867
pdnc,qID,Q452-0,Harriet,232024,232031,2,663,15,M_3868
booknlp,COREF,150,yourself,232059,232067,8,663,15,M_3869
booknlp,COREF,150,I,232095,232096,8,663,15,M_3870
exp,exp_name,mr. elton,Mr. Elton,232132,232141,8,664,15,M_3871
booknlp,COREF,150,his,232180,232183,8,664,15,M_3872
booknlp,COREF,150,his,232215,232218,8,664,15,M_3873
booknlp,COREF,150,He,232231,232233,8,664,15,M_3874
booknlp,COREF,150,his,232249,232252,8,664,15,M_3875
booknlp,COREF,94,her,232302,232305,0,664,15,M_3876
booknlp,COREF,150,his,232361,232364,8,664,15,M_3877
exp,exp_name,miss smith,Miss Smith,232377,232387,2,664,15,M_3878
booknlp,COREF,94,her,232391,232394,0,664,15,M_3879
booknlp,COREF,150,his,232422,232425,8,664,15,M_3880
exp,exp_name,miss smith,Miss Smith,232438,232448,2,664,15,M_3881
booknlp,COREF,150,his,232504,232507,8,664,15,M_3882
booknlp,COREF,94,she,232570,232573,0,665,15,M_3883
booknlp,COREF,150,his,232590,232593,8,665,15,M_3884
booknlp,COREF,94,she,232605,232608,0,665,15,M_3885
booknlp,COREF,150,his,232625,232628,8,665,15,M_3886
booknlp,COREF,94,me,232731,232733,0,666,15,M_3887
pdnc,qID,Q453-0,You,232755,232758,8,666,15,M_3888
booknlp,COREF,150,yourself,232769,232777,8,666,15,M_3889
pdnc,qID,Q453-0,Mr. Elton,232789,232798,8,666,15,M_3890
booknlp,COREF,94,my,232800,232802,0,666,15,M_3891
booknlp,COREF,94,I,232841,232842,0,666,15,M_3892
booknlp,COREF,94,I,232881,232882,0,666,15,M_3893
pdnc,qID,Q453-0,Miss Smith,232924,232934,2,666,15,M_3894
booknlp,COREF,94,I,232955,232956,0,666,15,M_3895
booknlp,COREF,94,me,233017,233019,0,666,15,M_3896
booknlp,COREF,94,I,233088,233089,0,666,15,M_3897
booknlp,COREF,94,me,233125,233127,0,666,15,M_3898
pdnc,qID,Q453-0,sir,233129,233132,8,666,15,M_3899
booknlp,COREF,94,I,233134,233135,0,666,15,M_3900
exp,exp_name,mr. elton,Mr. Elton,233233,233242,8,667,15,M_3901
pdnc,qID,Q454-1,Miss Smith,233279,233289,2,667,15,M_3902
pdnc,qID,Q454-1,Miss Smith,233311,233321,2,667,15,M_3903
booknlp,COREF,150,my,233345,233347,8,667,15,M_3904
pdnc,qID,Q454-1,her,233370,233373,2,667,15,M_3905
booknlp,COREF,150,your,233397,233401,8,667,15,M_3906
pdnc,qID,Q454-1,she,233430,233433,2,667,15,M_3907
booknlp,COREF,150,your,233461,233465,8,667,15,M_3908
booknlp,COREF,112,she,233477,233480,2,667,15,M_3909
pdnc,qID,Q454-1,her,233504,233507,2,667,15,M_3910
pdnc,qID,Q454-1,her,233531,233534,2,667,15,M_3911
booknlp,COREF,150,I,233540,233541,8,667,15,M_3912
pdnc,qID,Q454-1,Miss Smith,233579,233589,2,667,15,M_3913
pdnc,qID,Q454-1,Miss Woodhouse,233604,233618,0,667,15,M_3914
pdnc,qID,Q454-1,Miss Smith,233637,233647,2,667,15,M_3915
pdnc,qID,Q454-1,Miss Woodhouse,233654,233668,0,667,15,M_3916
booknlp,COREF,150,my,233687,233689,8,667,15,M_3917
booknlp,COREF,150,I,233737,233738,8,667,15,M_3918
booknlp,COREF,150,you,233760,233763,8,667,15,M_3919
booknlp,COREF,150,I,233765,233766,8,667,15,M_3920
booknlp,COREF,150,I,233852,233853,8,667,15,M_3921
booknlp,COREF,150,my,233933,233935,8,667,15,M_3922
booknlp,COREF,150,yourself,233949,233957,8,667,15,M_3923
pdnc,qID,Q454-1,You,233959,233962,0,667,15,M_3924
pdnc,qID,Q454-2,you,234054,234057,0,667,15,M_3925
booknlp,COREF,150,me,234083,234085,8,667,15,M_3926
exp,exp_name,emma,Emma,234124,234128,0,668,15,M_3927
booknlp,COREF,94,her,234165,234168,0,668,15,M_3928
booknlp,COREF,94,She,234206,234209,0,668,15,M_3929
exp,exp_name,mr. elton,Mr. Elton,234331,234340,8,668,15,M_3930
booknlp,COREF,150,he,234367,234369,8,668,15,M_3931
booknlp,COREF,94,her,234384,234387,0,668,15,M_3932
booknlp,COREF,150,he,234403,234405,8,668,15,M_3933
pdnc,qID,Q455-0,Charming Miss Woodhouse,234429,234452,0,669,15,M_3934
booknlp,COREF,150,me,234460,234462,8,669,15,M_3935
pdnc,qID,Q455-0,you,234520,234523,0,669,15,M_3936
booknlp,COREF,150,me,234545,234547,8,669,15,M_3937
pdnc,qID,Q456-0,sir,234556,234559,8,670,15,M_3938
exp,exp_name,emma,Emma,234568,234572,0,670,15,M_3939
pdnc,qID,Q456-1,you,234638,234641,8,670,15,M_3940
booknlp,COREF,94,I,234643,234644,0,670,15,M_3941
pdnc,qID,Q456-1,your,234696,234700,8,670,15,M_3942
booknlp,COREF,94,myself,234732,234738,0,670,15,M_3943
booknlp,COREF,94,I,234740,234741,0,670,15,M_3944
pdnc,qID,Q456-1,you,234761,234764,8,670,15,M_3945
booknlp,COREF,94,my,234840,234842,0,670,15,M_3946
pdnc,qID,Q456-1,your,234851,234855,8,670,15,M_3947
pdnc,qID,Q456-1,my friend Harriet,234870,234887,2,670,15,M_3948
pdnc,qID,Q456-1,your,234889,234893,8,670,15,M_3949
pdnc,qID,Q456-1,her,234905,234908,2,670,15,M_3950
booknlp,COREF,94,me,234939,234941,0,670,15,M_3951
booknlp,COREF,94,I,234962,234963,0,670,15,M_3952
pdnc,qID,Q456-1,you,234997,235000,8,670,15,M_3953
booknlp,COREF,94,I,235018,235019,0,670,15,M_3954
pdnc,qID,Q456-1,she,235034,235037,2,670,15,M_3955
pdnc,qID,Q456-1,your,235047,235051,8,670,15,M_3956
booknlp,COREF,93,Hartfield,235066,235075,0,670,15,M_3957
booknlp,COREF,94,I,235077,235078,0,670,15,M_3958
pdnc,qID,Q456-1,you,235109,235112,8,670,15,M_3959
pdnc,qID,Q456-1,your,235134,235138,8,670,15,M_3960
booknlp,COREF,94,I,235162,235163,0,670,15,M_3961
pdnc,qID,Q456-1,you,235180,235183,8,670,15,M_3962
pdnc,qID,Q456-1,Miss Smith,235240,235250,2,670,15,M_3963
pdnc,qID,Q456-1,you,235258,235261,8,670,15,M_3964
pdnc,qID,Q456-1,her,235294,235297,2,670,15,M_3965
pdnc,qID,Q457-0,madam,235309,235314,0,671,15,M_3966
pdnc,qID,Q457-1,you,235367,235370,0,671,15,M_3967
pdnc,qID,Q457-1,Miss Smith,235395,235405,2,671,15,M_3968
pdnc,qID,Q457-1,Miss Smith,235408,235418,2,671,15,M_3969
pdnc,qID,Q457-1,her,235477,235480,2,671,15,M_3970
pdnc,qID,Q457-1,her,235509,235512,2,671,15,M_3971
pdnc,qID,Q457-1,Miss Smith,235756,235766,2,671,15,M_3972
pdnc,qID,Q457-1,madam,235773,235778,0,671,15,M_3973
pdnc,qID,Q458-0,you,235893,235896,8,672,15,M_3974
pdnc,qID,Q458-0,Sir,235913,235916,8,672,15,M_3975
pdnc,qID,Q458-0,you,235918,235921,8,672,15,M_3976
booknlp,COREF,94,I,235967,235968,0,672,15,M_3977
pdnc,qID,Q458-0,you,235979,235982,8,672,15,M_3978
pdnc,qID,Q458-0,my friend,236006,236015,2,672,15,M_3979
pdnc,qID,Q458-0,you,236041,236044,8,672,15,M_3980
booknlp,COREF,94,me,236063,236065,0,672,15,M_3981
booknlp,COREF,94,I,236094,236095,0,672,15,M_3982
pdnc,qID,Q458-0,Miss Smith,236204,236214,2,672,15,M_3983
pdnc,qID,Q458-0,your,236259,236263,8,672,15,M_3984
booknlp,COREF,94,myself,236312,236318,0,672,15,M_3985
booknlp,COREF,94,I,236429,236430,0,672,15,M_3986
booknlp,COREF,94,I,236459,236460,0,672,15,M_3987
exp,exp_name,mr. woodhouse,Mr. Woodhouse,236734,236747,10,673,15,M_3988
exp,exp_name,emma,Emma,237144,237148,0,673,15,M_3989
booknlp,COREF,93,Hartfield,237329,237338,0,673,15,M_3990
exp,exp_name,mr. john knightley,Mr. John Knightley,237683,237701,5,674,15,M_3991
exp,exp_name,emma,Emma,238301,238305,0,676,16,M_3992
booknlp,COREF,94,she,238412,238415,0,676,16,M_3993
exp,exp_name,harriet,Harriet,238506,238513,2,676,16,M_3994
exp,exp_name,harriet,Harriet,238644,238651,2,676,16,M_3995
booknlp,COREF,112,she,238672,238675,2,676,16,M_3996
booknlp,COREF,112,she,238783,238786,2,676,16,M_3997
booknlp,COREF,112,her,238822,238825,2,676,16,M_3998
booknlp,COREF,112,herself,238857,238864,2,676,16,M_3999
booknlp,COREF,112,I,238871,238872,2,677,16,M_4000
pdnc,qID,Q459-0,Harriet,238891,238898,2,677,16,M_4001
pdnc,qID,Q459-0,the man,238911,238918,8,677,16,M_4002
booknlp,COREF,112,I,238920,238921,2,677,16,M_4003
pdnc,qID,Q459-0,He,238950,238952,8,677,16,M_4004
pdnc,qID,Q459-0,his,238972,238975,8,677,16,M_4005
booknlp,COREF,112,me,238991,238993,2,677,16,M_4006
pdnc,qID,Q459-0,poor Harriet,238999,239011,2,677,16,M_4007
booknlp,COREF,112,she,239019,239022,2,678,16,M_4008
exp,exp_name,harriet,Harriet,239105,239112,2,678,16,M_4009
booknlp,COREF,112,She,239121,239124,2,678,16,M_4010
booknlp,COREF,112,she,239148,239151,2,678,16,M_4011
booknlp,COREF,112,She,239185,239188,2,678,16,M_4012
booknlp,COREF,112,she,239212,239215,2,678,16,M_4013
booknlp,COREF,112,she,239328,239331,2,678,16,M_4014
exp,exp_name,harriet,Harriet,239515,239522,2,679,16,M_4015
booknlp,COREF,112,she,239731,239734,2,680,16,M_4016
booknlp,COREF,112,herself,239789,239796,2,680,16,M_4017
booknlp,COREF,112,she,240086,240089,2,680,16,M_4018
booknlp,COREF,112,her,240172,240175,2,680,16,M_4019
exp,exp_name,harriet,Harriet,240179,240186,2,680,16,M_4020
exp,exp_name,mr. john knightley,Mr. John Knightley,240201,240219,5,681,16,M_4021
booknlp,COREF,112,she,240224,240227,2,681,16,M_4022
booknlp,COREF,112,her,240241,240244,2,681,16,M_4023
booknlp,COREF,112,She,240370,240373,2,681,16,M_4024
exp,exp_name,mr. knightley,Mr. Knightley,240390,240403,6,681,16,M_4025
booknlp,COREF,112,her,240421,240424,2,681,16,M_4026
exp,exp_name,mr. elton,Mr. Elton,240431,240440,8,681,16,M_4027
exp,exp_name,mr. elton,Mr. Elton,240505,240514,8,681,16,M_4028
booknlp,COREF,112,she,240642,240645,2,681,16,M_4029
booknlp,COREF,112,herself,240658,240665,2,681,16,M_4030
exp,exp_name,mr. elton,Mr. Elton,240701,240710,8,681,16,M_4031
booknlp,COREF,150,himself,240723,240730,8,681,16,M_4032
booknlp,COREF,112,she,240775,240778,2,681,16,M_4033
booknlp,COREF,150,him,240802,240805,8,681,16,M_4034
booknlp,COREF,150,his,240848,240851,8,681,16,M_4035
exp,exp_name,mr. elton,Mr. Elton,240956,240965,8,682,16,M_4036
booknlp,COREF,150,his,240983,240986,8,682,16,M_4037
booknlp,COREF,112,her,241000,241003,2,682,16,M_4038
booknlp,COREF,150,him,241013,241016,8,682,16,M_4039
booknlp,COREF,112,her,241020,241023,2,682,16,M_4040
booknlp,COREF,150,His,241033,241036,8,682,16,M_4041
booknlp,COREF,150,his,241053,241056,8,682,16,M_4042
booknlp,COREF,150,him,241071,241074,8,682,16,M_4043
booknlp,COREF,112,She,241087,241090,2,682,16,M_4044
booknlp,COREF,150,his,241110,241113,8,682,16,M_4045
booknlp,COREF,150,his,241146,241149,8,682,16,M_4046
booknlp,COREF,150,He,241157,241159,8,682,16,M_4047
booknlp,COREF,150,his,241216,241219,8,682,16,M_4048
booknlp,COREF,112,her,241228,241231,2,682,16,M_4049
booknlp,COREF,112,she,241262,241265,2,682,16,M_4050
booknlp,COREF,150,his,241291,241294,8,682,16,M_4051
booknlp,COREF,150,his,241395,241398,8,682,16,M_4052
booknlp,COREF,112,she,241474,241477,2,682,16,M_4053
booknlp,COREF,112,She,241578,241581,2,682,16,M_4054
booknlp,COREF,112,herself,241599,241606,2,682,16,M_4055
booknlp,COREF,150,him,241615,241618,8,682,16,M_4056
booknlp,COREF,150,He,241620,241622,8,682,16,M_4057
booknlp,COREF,150,himself,241660,241667,8,682,16,M_4058
exp,exp_name,miss woodhouse,Miss Woodhouse,241676,241690,0,682,16,M_4059
booknlp,COREF,150,he,241781,241783,8,682,16,M_4060
booknlp,COREF,150,he,241797,241799,8,682,16,M_4061
booknlp,COREF,150,he,241875,241877,8,683,16,M_4062
booknlp,COREF,112,her,241924,241927,2,683,16,M_4063
booknlp,COREF,150,his,241940,241943,8,683,16,M_4064
booknlp,COREF,150,his,241961,241964,8,683,16,M_4065
booknlp,COREF,150,him!--should,242006,242018,8,683,16,M_4066
booknlp,COREF,150,himself,242027,242034,8,683,16,M_4067
booknlp,COREF,112,her,242035,242038,2,683,16,M_4068
booknlp,COREF,112,her,242083,242086,2,683,16,M_4069
booknlp,COREF,150,him,242146,242149,8,683,16,M_4070
booknlp,COREF,150,himself,242199,242206,8,683,16,M_4071
booknlp,COREF,150,him,242308,242311,8,684,16,M_4072
booknlp,COREF,150,he,242334,242336,8,684,16,M_4073
booknlp,COREF,112,her,242341,242344,2,684,16,M_4074
booknlp,COREF,150,his,242442,242445,8,684,16,M_4075
booknlp,COREF,150,he,242468,242470,8,684,16,M_4076
booknlp,COREF,112,she,242513,242516,2,684,16,M_4077
booknlp,COREF,150,his,242529,242532,8,684,16,M_4078
booknlp,COREF,150,He,242543,242545,8,684,16,M_4079
exp,exp_name,mr. elton,Mr. Elton,243109,243118,8,684,16,M_4080
booknlp,COREF,150,his,243164,243167,8,684,16,M_4081
booknlp,COREF,150,he,243175,243177,8,684,16,M_4082
booknlp,COREF,150,him,243247,243250,8,684,16,M_4083
booknlp,COREF,150,his,243265,243268,8,684,16,M_4084
booknlp,COREF,150,his,243283,243286,8,684,16,M_4085
booknlp,COREF,150,he,243302,243304,8,684,16,M_4086
booknlp,COREF,150,him,243334,243337,8,684,16,M_4087
booknlp,COREF,150,his,243369,243372,8,684,16,M_4088
exp,exp_name,emma,Emma,243481,243485,0,684,16,M_4089
booknlp,COREF,94,her,243539,243542,0,684,16,M_4090
booknlp,COREF,150,him,243560,243563,8,684,16,M_4091
booknlp,COREF,94,her,243651,243654,0,684,16,M_4092
exp,exp_name,mr. elton,Mr. Elton,243743,243752,8,684,16,M_4093
booknlp,COREF,150,himself,243766,243773,8,684,16,M_4094
booknlp,COREF,150,his,243831,243834,8,684,16,M_4095
booknlp,COREF,150,he,243882,243884,8,684,16,M_4096
booknlp,COREF,150,him,243915,243918,8,684,16,M_4097
pdnc,qID,Q460-1,poor Harriet,244332,244344,2,686,16,M_4098
pdnc,qID,Q460-1,this man,244378,244386,8,686,16,M_4099
pdnc,qID,Q460-1,She,244388,244391,2,686,16,M_4100
pdnc,qID,Q460-1,him,244420,244423,8,686,16,M_4101
pdnc,qID,Q460-1,him,244478,244481,8,686,16,M_4102
pdnc,qID,Q460-1,her,244514,244517,2,686,16,M_4103
pdnc,qID,Q460-1,his,244521,244524,8,686,16,M_4104
pdnc,qID,Q460-1,she,244541,244544,2,686,16,M_4105
pdnc,qID,Q460-1,him,244588,244591,8,686,16,M_4106
pdnc,qID,Q460-1,her,244639,244642,2,686,16,M_4107
pdnc,qID,Q460-1,her,244811,244814,2,686,16,M_4108
pdnc,qID,Q460-1,her,244845,244848,2,686,16,M_4109
pdnc,qID,Q460-1,poor girl,244945,244954,2,686,16,M_4110
pdnc,qID,Q460-1,her,244956,244959,2,686,16,M_4111
pdnc,qID,Q460-1,her,245024,245027,2,686,16,M_4112
pdnc,qID,Q460-1,she,245036,245039,2,686,16,M_4113
pdnc,qID,Q460-1,her,245173,245176,2,686,16,M_4114
exp,exp_name,harriet,Harriet,245461,245468,2,687,16,M_4115
exp,exp_name,harriet,Harriet,245488,245495,2,687,16,M_4116
exp,exp_name,emma,Emma,245912,245916,0,688,16,M_4117
exp,exp_name,emma,Emma,246256,246260,0,689,16,M_4118
booknlp,COREF,94,she,246313,246316,0,689,16,M_4119
booknlp,COREF,94,her,246384,246387,0,689,16,M_4120
exp,exp_name,mr. elton,Mr. Elton,246468,246477,8,690,16,M_4121
booknlp,COREF,150,him,246581,246584,8,690,16,M_4122
exp,exp_name,harriet,Harriet,246591,246598,2,690,16,M_4123
booknlp,COREF,112,her,246820,246823,2,690,16,M_4124
booknlp,COREF,112,her,246969,246972,2,691,16,M_4125
booknlp,COREF,112,her,247120,247123,2,692,16,M_4126
booknlp,COREF,112,she,247147,247150,2,692,16,M_4127
exp,exp_name,mr. woodhouse,Mr. Woodhouse,247175,247188,10,692,16,M_4128
booknlp,COREF,85,his,247219,247222,10,692,16,M_4129
booknlp,COREF,112,she,247250,247253,2,692,16,M_4130
booknlp,COREF,112,she,247580,247583,2,692,16,M_4131
exp,exp_name,harriet,Harriet,247650,247657,2,692,16,M_4132
booknlp,COREF,112,her,247694,247697,2,692,16,M_4133
exp,exp_name,mr. elton,Mr. Elton,247772,247781,8,692,16,M_4134
booknlp,COREF,150,himself,247794,247801,8,692,16,M_4135
booknlp,COREF,112,she,247877,247880,2,693,16,M_4136
booknlp,COREF,150,him,247900,247903,8,693,16,M_4137
booknlp,COREF,112,her,247987,247990,2,693,16,M_4138
booknlp,COREF,150,his,248021,248024,8,693,16,M_4139
booknlp,COREF,150,his,248044,248047,8,693,16,M_4140
booknlp,COREF,150,him,248093,248096,8,693,16,M_4141
exp,exp_name,mr. knightley,Mr. Knightley,248104,248117,6,693,16,M_4142
pdnc,qID,Q461-0,Mr. Knightley,248174,248187,6,694,16,M_4143
pdnc,qID,Q461-0,you,248200,248203,6,694,16,M_4144
pdnc,qID,Q461-0,poor Mr. Elton,248222,248236,8,694,16,M_4145
booknlp,COREF,112,her,248291,248294,2,695,16,M_4146
booknlp,COREF,112,her,248374,248377,2,695,16,M_4147
booknlp,COREF,112,her,248808,248811,2,695,16,M_4148
exp,exp_name,harriet,Harriet,248844,248851,2,695,16,M_4149
exp,exp_name,emma,Emma,248879,248883,0,695,16,M_4150
exp,exp_name,mrs. john knightley,Mrs. John Knightley,248940,248959,3,697,17,M_4151
exp,exp_name,mr. woodhouse,Mr. Woodhouse,249067,249080,10,697,17,M_4152
booknlp,COREF,85,his,249117,249120,10,697,17,M_4153
booknlp,COREF,85,his,249226,249229,10,697,17,M_4154
exp,exp_name,isabella,Isabella,249268,249276,3,697,17,M_4155
exp,exp_name,isabella,Isabella,249290,249298,3,697,17,M_4156
booknlp,COREF,87,her,249308,249311,3,697,17,M_4157
booknlp,COREF,87,she,249328,249331,3,697,17,M_4158
exp,exp_name,mr. elton,Mr. Elton,249537,249546,8,698,17,M_4159
exp,exp_name,mr. woodhouse,Mr. Woodhouse,249550,249563,10,698,17,M_4160
exp,exp_name,mr. elton,Mr. Elton,249611,249620,8,698,17,M_4161
booknlp,COREF,150,he,249647,249649,8,698,17,M_4162
booknlp,COREF,150,his,249707,249710,8,698,17,M_4163
booknlp,COREF,150,he,249791,249793,8,698,17,M_4164
booknlp,COREF,150,he,249870,249872,8,698,17,M_4165
exp,exp_name,mr. woodhouse,Mr. Woodhouse,249966,249979,10,698,17,M_4166
booknlp,COREF,150,he,250010,250012,8,698,17,M_4167
exp,exp_name,mr. woodhouse,Mr. Woodhouse,250058,250071,10,698,17,M_4168
exp,exp_name,emma,Emma,250123,250127,0,699,17,M_4169
exp,exp_name,mr. elton,Mr. Elton,250159,250168,8,699,17,M_4170
booknlp,COREF,94,She,250231,250234,0,699,17,M_4171
booknlp,COREF,150,him,250243,250246,8,699,17,M_4172
booknlp,COREF,150,him,250290,250293,8,699,17,M_4173
booknlp,COREF,94,her,250421,250424,0,699,17,M_4174
booknlp,COREF,94,she,250444,250447,0,699,17,M_4175
booknlp,COREF,94,She,250475,250478,0,699,17,M_4176
booknlp,COREF,150,his,250503,250506,8,699,17,M_4177
booknlp,COREF,150,his,250658,250661,8,699,17,M_4178
booknlp,COREF,94,she,250691,250694,0,699,17,M_4179
booknlp,COREF,94,her,250731,250734,0,699,17,M_4180
booknlp,COREF,150,his,250850,250853,8,700,17,M_4181
exp,exp_name,mr. elton,Mr. Elton,250865,250874,8,700,17,M_4182
booknlp,COREF,150,his,250949,250952,8,700,17,M_4183
exp,exp_name,mr. woodhouse,Mr. Woodhouse,251099,251112,10,700,17,M_4184
booknlp,COREF,85,his,251125,251128,10,700,17,M_4185
exp,exp_name,emma,Emma,251141,251145,0,700,17,M_4186
booknlp,COREF,94,her,251192,251195,0,700,17,M_4187
booknlp,COREF,94,She,251216,251219,0,701,17,M_4188
exp,exp_name,harriet,Harriet,251241,251248,2,701,17,M_4189
booknlp,COREF,94,She,251272,251275,0,701,17,M_4190
booknlp,COREF,112,her,251298,251301,2,701,17,M_4191
booknlp,COREF,112,her,251324,251327,2,701,17,M_4192
booknlp,COREF,112,she,251360,251363,2,701,17,M_4193
booknlp,COREF,112,her,251427,251430,2,701,17,M_4194
booknlp,COREF,94,She,251478,251481,0,701,17,M_4195
booknlp,COREF,94,she,251652,251655,0,701,17,M_4196
booknlp,COREF,94,herself,251767,251774,0,701,17,M_4197
booknlp,COREF,94,her,251815,251818,0,701,17,M_4198
booknlp,COREF,94,her,251845,251848,0,701,17,M_4199
booknlp,COREF,94,her,251867,251870,0,701,17,M_4200
booknlp,COREF,94,her,251888,251891,0,701,17,M_4201
booknlp,COREF,94,her,251962,251965,0,702,17,M_4202
exp,exp_name,harriet,Harriet,251996,252003,2,702,17,M_4203
booknlp,COREF,94,her,252017,252020,0,702,17,M_4204
booknlp,COREF,94,she,252032,252035,0,702,17,M_4205
booknlp,COREF,94,herself,252068,252075,0,702,17,M_4206
exp,exp_name,harriet,Harriet,252084,252091,2,703,17,M_4207
booknlp,COREF,112,herself,252229,252236,2,703,17,M_4208
booknlp,COREF,112,her,252297,252300,2,703,17,M_4209
exp,exp_name,emma,Emma,252310,252314,0,704,17,M_4210
exp,exp_name,harriet,Harriet,252448,252455,2,704,17,M_4211
booknlp,COREF,112,her,252468,252471,2,704,17,M_4212
exp,exp_name,harriet,Harriet,252477,252484,2,704,17,M_4213
booknlp,COREF,112,herself,252502,252509,2,704,17,M_4214
exp,exp_name,mr. elton,Mr. Elton,252577,252586,8,704,17,M_4215
booknlp,COREF,150,him,252659,252662,8,704,17,M_4216
exp,exp_name,miss woodhouse,Miss Woodhouse,252711,252725,0,704,17,M_4217
booknlp,COREF,112,Her,252759,252762,2,705,17,M_4218
booknlp,COREF,112,her,252790,252793,2,705,17,M_4219
exp,exp_name,emma,Emma,252877,252881,0,705,17,M_4220
booknlp,COREF,94,she,252894,252897,0,705,17,M_4221
booknlp,COREF,112,her,252910,252913,2,705,17,M_4222
booknlp,COREF,112,her,252935,252938,2,705,17,M_4223
booknlp,COREF,94,her,252948,252951,0,705,17,M_4224
exp,exp_name,harriet,Harriet,253012,253019,2,705,17,M_4225
booknlp,COREF,112,her,253079,253082,2,705,17,M_4226
booknlp,COREF,112,her,253101,253104,2,705,17,M_4227
booknlp,COREF,94,she,253264,253267,0,706,17,M_4228
booknlp,COREF,112,her,253273,253276,2,706,17,M_4229
booknlp,COREF,112,her,253391,253394,2,706,17,M_4230
booknlp,COREF,112,Her,253401,253404,2,706,17,M_4231
booknlp,COREF,112,her,253439,253442,2,706,17,M_4232
exp,exp_name,harriet,Harriet,253475,253482,2,706,17,M_4233
booknlp,COREF,112,her,253517,253520,2,706,17,M_4234
booknlp,COREF,94,She,253579,253582,0,706,17,M_4235
booknlp,COREF,112,her,253587,253590,2,706,17,M_4236
booknlp,COREF,93,Hartfield,253594,253603,0,706,17,M_4237
booknlp,COREF,112,her,253616,253619,2,706,17,M_4238
booknlp,COREF,112,her,253678,253681,2,706,17,M_4239
exp,exp_name,mr. elton,Mr. Elton,253723,253732,8,706,17,M_4240
booknlp,COREF,112,her,253738,253741,2,706,17,M_4241
booknlp,COREF,112,she,253759,253762,2,707,17,M_4242
booknlp,COREF,112,she,253821,253824,2,707,17,M_4243
booknlp,COREF,112,herself,253839,253846,2,707,17,M_4244
exp,exp_name,mr. elton,Mr. Elton,253954,253963,8,707,17,M_4245
booknlp,COREF,112,her,253996,253999,2,707,17,M_4246
exp,exp_name,harriet,Harriet,254019,254026,2,707,17,M_4247
exp,exp_name,mr. elton,Mr. Elton,254152,254161,8,707,17,M_4248
exp,exp_name,harriet,Harriet,254310,254317,2,708,17,M_4249
booknlp,COREF,150,him,254328,254331,8,708,17,M_4250
booknlp,COREF,150,him,254402,254405,8,708,17,M_4251
booknlp,COREF,112,herself,254454,254461,2,708,17,M_4252
exp,exp_name,emma,Emma,254491,254495,0,708,17,M_4253
booknlp,COREF,112,her,254533,254536,2,708,17,M_4254
booknlp,COREF,112,she,254628,254631,2,708,17,M_4255
exp,exp_name,mr. elton,Mr. Elton,254698,254707,8,709,17,M_4256
booknlp,COREF,150,his,254712,254715,8,709,17,M_4257
booknlp,COREF,150,his,254729,254732,8,709,17,M_4258
booknlp,COREF,112,she,254780,254783,2,709,17,M_4259
booknlp,COREF,150,he,254800,254802,8,709,17,M_4260
booknlp,COREF,112,she,254823,254826,2,709,17,M_4261
exp,exp_name,harriet,Harriet,254845,254852,2,709,17,M_4262
booknlp,COREF,112,her,254875,254878,2,709,17,M_4263
booknlp,COREF,150,him,254925,254928,8,709,17,M_4264
exp,exp_name,harriet,Harriet,255171,255178,2,711,17,M_4265
booknlp,COREF,112,her,255218,255221,2,711,17,M_4266
exp,exp_name,mr. elton,Mr. Elton,255252,255261,8,711,17,M_4267
booknlp,COREF,112,she,255371,255374,2,711,17,M_4268
booknlp,COREF,150,him,255408,255411,8,711,17,M_4269
exp,exp_name,emma,Emma,255544,255548,0,711,17,M_4270
booknlp,COREF,94,she,255565,255568,0,711,17,M_4271
booknlp,COREF,112,her,255573,255576,2,711,17,M_4272
booknlp,COREF,94,herself,255630,255637,0,711,17,M_4273
exp,exp_name,mr. frank churchill,Mr. Frank Churchill,255658,255677,1,713,18,M_4274
exp,exp_name,mrs. weston,Mrs. Weston,255726,255737,15,713,18,M_4275
booknlp,COREF,103,he,255816,255818,1,713,18,M_4276
booknlp,COREF,103,his,255843,255846,1,713,18,M_4277
booknlp,COREF,103,he,255895,255897,1,713,18,M_4278
exp,exp_name,mrs. weston,Mrs. Weston,255973,255984,15,714,18,M_4279
exp,exp_name,mr. weston,Mr. Weston,256363,256373,9,714,18,M_4280
booknlp,COREF,86,he,256408,256410,9,714,18,M_4281
exp,exp_name,frank,Frank,256434,256439,1,714,18,M_4282
booknlp,COREF,86,he,256550,256552,9,714,18,M_4283
booknlp,COREF,86,he,256633,256635,9,714,18,M_4284
booknlp,COREF,103,his,256686,256689,1,715,18,M_4285
exp,exp_name,mrs. weston,Mrs. Weston,256705,256716,15,715,18,M_4286
exp,exp_name,emma,Emma,256909,256913,0,716,18,M_4287
exp,exp_name,mr. frank churchill,Mr. Frank Churchill,256978,256997,1,716,18,M_4288
booknlp,COREF,94,her,257097,257100,0,716,18,M_4289
booknlp,COREF,94,She,257102,257105,0,716,18,M_4290
booknlp,COREF,94,she,257194,257197,0,716,18,M_4291
booknlp,COREF,94,her,257230,257233,0,716,18,M_4292
booknlp,COREF,94,she,257246,257249,0,716,18,M_4293
exp,exp_name,mrs. weston,Mrs. Weston,257342,257353,15,716,18,M_4294
booknlp,COREF,94,She,257420,257423,0,717,18,M_4295
exp,exp_name,mr. knightley,Mr. Knightley,257456,257469,6,717,18,M_4296
booknlp,COREF,103,him,257610,257613,1,717,18,M_4297
booknlp,COREF,94,She,257620,257623,0,717,18,M_4298
booknlp,COREF,94,she,257668,257671,0,717,18,M_4299
booknlp,COREF,103,him,257844,257847,1,717,18,M_4300
booknlp,COREF,94,herself,257924,257931,0,717,18,M_4301
exp,exp_name,mr. knightley,Mr. Knightley,257973,257986,6,717,18,M_4302
booknlp,COREF,94,her,257996,257999,0,717,18,M_4303
booknlp,COREF,94,she,258032,258035,0,717,18,M_4304
booknlp,COREF,94,her,258083,258086,0,717,18,M_4305
exp,exp_name,mrs. weston,Mrs. Weston,258119,258130,15,717,18,M_4306
booknlp,COREF,94,herself,258151,258158,0,717,18,M_4307
exp,exp_name,mr. knightley,Mr. Knightley,258209,258222,6,718,18,M_4308
pdnc,qID,Q462-1,he,258248,258250,1,718,18,M_4309
pdnc,qID,Q462-1,he,258265,258267,1,718,18,M_4310
booknlp,COREF,94,I,258278,258279,0,719,18,M_4311
pdnc,qID,Q463-0,you,258296,258299,6,719,18,M_4312
pdnc,qID,Q463-0,He,258315,258317,1,719,18,M_4313
pdnc,qID,Q463-0,his,258350,258353,1,719,18,M_4314
pdnc,qID,Q463-0,him,258384,258387,1,719,18,M_4315
pdnc,qID,Q464-0,he,258414,258416,1,720,18,M_4316
pdnc,qID,Q464-0,he,258449,258451,1,720,18,M_4317
pdnc,qID,Q465-0,you,258539,258542,6,721,18,M_4318
pdnc,qID,Q465-0,Mr. Frank Churchill,258557,258576,1,721,18,M_4319
pdnc,qID,Q465-0,you,258591,258594,6,721,18,M_4320
pdnc,qID,Q465-0,him,258603,258606,1,721,18,M_4321
pdnc,qID,Q466-0,him,258657,258660,1,722,18,M_4322
booknlp,COREF,103,he,258710,258712,1,722,18,M_4323
pdnc,qID,Q466-0,his,258741,258744,1,722,18,M_4324
pdnc,qID,Q466-0,his,258799,258802,1,722,18,M_4325
pdnc,qID,Q466-0,him,258860,258863,1,722,18,M_4326
pdnc,qID,Q466-0,Frank Churchill,259061,259076,1,722,18,M_4327
pdnc,qID,Q466-0,his father,259095,259105,9,722,18,M_4328
pdnc,qID,Q466-0,he,259107,259109,1,722,18,M_4329
pdnc,qID,Q466-0,his,259174,259177,1,722,18,M_4330
pdnc,qID,Q466-0,he,259191,259193,1,722,18,M_4331
pdnc,qID,Q467-0,you,259336,259339,6,723,18,M_4332
pdnc,qID,Q467-0,your,259362,259366,6,723,18,M_4333
pdnc,qID,Q467-0,You,259379,259382,6,723,18,M_4334
pdnc,qID,Q467-0,Mr. Knightley,259417,259430,6,723,18,M_4335
pdnc,qID,Q467-0,You,259467,259470,6,723,18,M_4336
pdnc,qID,Q468-0,He,259645,259647,1,724,18,M_4337
pdnc,qID,Q468-0,he,259667,259669,1,724,18,M_4338
pdnc,qID,Q468-0,he,259722,259724,1,724,18,M_4339
pdnc,qID,Q468-0,he,259751,259753,1,724,18,M_4340
pdnc,qID,Q468-0,him,259829,259832,1,724,18,M_4341
pdnc,qID,Q468-0,he,259895,259897,1,724,18,M_4342
pdnc,qID,Q468-0,he,259932,259934,1,724,18,M_4343
pdnc,qID,Q469-0,he,259979,259981,1,725,18,M_4344
pdnc,qID,Q470-0,he,260019,260021,1,726,18,M_4345
pdnc,qID,Q470-0,his,260038,260041,1,726,18,M_4346
exp,exp_name,churchill,Churchill,260378,260387,1,727,18,M_4347
pdnc,qID,Q471-0,her nephew,260436,260446,1,727,18,M_4348
pdnc,qID,Q471-0,He,260455,260457,1,727,18,M_4349
pdnc,qID,Q471-0,he,260510,260512,1,727,18,M_4350
pdnc,qID,Q472-0,Emma,260551,260555,0,728,18,M_4351
pdnc,qID,Q472-0,he,260587,260589,1,728,18,M_4352
pdnc,qID,Q472-0,his,260611,260614,1,728,18,M_4353
pdnc,qID,Q472-0,Frank Churchill,260691,260706,1,728,18,M_4354
pdnc,qID,Q472-0,his father,260739,260749,9,728,18,M_4355
pdnc,qID,Q472-0,He,260751,260753,1,728,18,M_4356
pdnc,qID,Q472-0,his,260776,260779,1,728,18,M_4357
booknlp,COREF,103,he,260810,260812,1,728,18,M_4358
exp,exp_name,churchill,Churchill,260921,260930,1,728,18,M_4359
booknlp,COREF,94,you,260966,260969,0,728,18,M_4360
booknlp,COREF,94,your,261007,261011,0,728,18,M_4361
pdnc,qID,Q472-0,my father,261047,261056,9,728,18,M_4362
pdnc,qID,Q472-0,he,261077,261079,9,728,18,M_4363
pdnc,qID,Q472-0,he,261210,261212,1,728,18,M_4364
pdnc,qID,Q472-0,his,261319,261322,1,728,18,M_4365
exp,exp_name,emma,Emma,261343,261347,0,729,18,M_4366
pdnc,qID,Q473-1,his,261400,261403,1,729,18,M_4367
pdnc,qID,Q473-1,you,261493,261496,6,729,18,M_4368
pdnc,qID,Q473-1,Mr. Knightley,261498,261511,6,729,18,M_4369
pdnc,qID,Q473-1,you,261544,261547,6,729,18,M_4370
pdnc,qID,Q473-1,your,261621,261625,6,729,18,M_4371
pdnc,qID,Q473-1,Mr. Frank Churchill,261631,261650,1,729,18,M_4372
pdnc,qID,Q473-1,him,261726,261729,1,729,18,M_4373
booknlp,COREF,94,I,261802,261803,0,729,18,M_4374
pdnc,qID,Q473-1,he,261837,261839,1,729,18,M_4375
pdnc,qID,Q473-1,you,261856,261859,6,729,18,M_4376
pdnc,qID,Q474-0,Emma,261913,261917,0,730,18,M_4377
pdnc,qID,Q474-0,He,261966,261968,1,730,18,M_4378
pdnc,qID,Q474-0,him,262102,262105,1,730,18,M_4379
pdnc,qID,Q474-0,him,262123,262126,1,730,18,M_4380
pdnc,qID,Q474-0,his,262139,262142,1,730,18,M_4381
pdnc,qID,Q474-0,him,262327,262330,1,730,18,M_4382
pdnc,qID,Q474-0,the nephew,262337,262347,1,730,18,M_4383
pdnc,qID,Q474-0,his father,262372,262382,9,730,18,M_4384
pdnc,qID,Q474-0,he,262436,262438,1,730,18,M_4385
pdnc,qID,Q474-0,he,262486,262488,1,730,18,M_4386
pdnc,qID,Q474-0,his father,262516,262526,9,730,18,M_4387
pdnc,qID,Q474-0,him,262626,262629,1,730,18,M_4388
pdnc,qID,Q474-0,he,262713,262715,1,730,18,M_4389
pdnc,qID,Q474-0,his,262822,262825,1,730,18,M_4390
booknlp,COREF,94,I,262830,262831,0,731,18,M_4391
pdnc,qID,Q475-0,You,262851,262854,6,731,18,M_4392
booknlp,COREF,94,I,262953,262954,0,731,18,M_4393
booknlp,COREF,94,I,263047,263048,0,731,18,M_4394
pdnc,qID,Q475-0,you,263070,263073,6,731,18,M_4395
pdnc,qID,Q475-0,you,263078,263081,6,731,18,M_4396
pdnc,qID,Q475-0,Mr. Knightley,263087,263100,6,731,18,M_4397
pdnc,qID,Q475-0,Mr. Frank Churchill,263151,263170,1,731,18,M_4398
pdnc,qID,Q475-0,you,263184,263187,6,731,18,M_4399
pdnc,qID,Q475-0,you,263226,263229,6,731,18,M_4400
booknlp,COREF,103,him,263257,263260,1,731,18,M_4401
pdnc,qID,Q475-0,you,263365,263368,6,731,18,M_4402
pdnc,qID,Q475-0,him,263450,263453,1,731,18,M_4403
pdnc,qID,Q475-0,his,263565,263568,1,731,18,M_4404
pdnc,qID,Q475-0,He,263601,263603,1,731,18,M_4405
pdnc,qID,Q475-0,you,263658,263661,6,731,18,M_4406
booknlp,COREF,94,I,263911,263912,0,733,18,M_4407
booknlp,COREF,94,you,263918,263921,0,733,18,M_4408
pdnc,qID,Q477-0,he,264044,264046,1,733,18,M_4409
pdnc,qID,Q478-0,Our amiable young man,264087,264108,1,734,18,M_4410
pdnc,qID,Q478-0,his,264168,264171,1,734,18,M_4411
pdnc,qID,Q478-0,him,264277,264280,1,734,18,M_4412
pdnc,qID,Q478-0,his,264308,264311,1,734,18,M_4413
pdnc,qID,Q478-0,he,264415,264417,1,734,18,M_4414
booknlp,COREF,103,he,264435,264437,1,734,18,M_4415
booknlp,COREF,103,himself,264459,264466,1,734,18,M_4416
pdnc,qID,Q478-0,He,264524,264526,1,734,18,M_4417
pdnc,qID,Q478-0,him,264589,264592,1,734,18,M_4418
pdnc,qID,Q478-0,his father,264600,264610,9,734,18,M_4419
pdnc,qID,Q478-0,he,264616,264618,1,734,18,M_4420
pdnc,qID,Q478-0,he,264628,264630,1,734,18,M_4421
pdnc,qID,Q479-0,him,264709,264712,1,735,18,M_4422
exp,exp_name,emma,Emma,264721,264725,0,735,18,M_4423
booknlp,COREF,94,I,264763,264764,0,735,18,M_4424
pdnc,qID,Q479-1,his,264792,264795,1,735,18,M_4425
booknlp,COREF,94,I,264820,264821,0,735,18,M_4426
pdnc,qID,Q479-1,he,264837,264839,1,735,18,M_4427
exp,exp_name,mr. weston,Mr. Weston,264848,264858,9,735,18,M_4428
pdnc,qID,Q479-1,his own son,264898,264909,1,735,18,M_4429
pdnc,qID,Q479-1,he,264915,264917,1,735,18,M_4430
pdnc,qID,Q479-1,your,265002,265006,6,735,18,M_4431
booknlp,COREF,94,I,265036,265037,0,735,18,M_4432
pdnc,qID,Q479-1,he,265047,265049,1,735,18,M_4433
pdnc,qID,Q479-1,him,265077,265080,1,735,18,M_4434
pdnc,qID,Q479-1,him,265122,265125,1,735,18,M_4435
pdnc,qID,Q480-0,he,265188,265190,1,736,18,M_4436
booknlp,COREF,103,himself,265264,265271,1,736,18,M_4437
pdnc,qID,Q480-0,He,265316,265318,1,736,18,M_4438
booknlp,COREF,103,himself,265418,265425,1,736,18,M_4439
pdnc,qID,Q480-0,he,265431,265433,1,736,18,M_4440
pdnc,qID,Q480-0,his father,265524,265534,9,736,18,M_4441
pdnc,qID,Q480-0,His,265567,265570,1,736,18,M_4442
pdnc,qID,Q481-0,Your,265594,265598,6,737,18,M_4443
pdnc,qID,Q482-0,Mrs. Weston,265693,265704,15,738,18,M_4444
pdnc,qID,Q482-0,her,265741,265744,15,738,18,M_4445
pdnc,qID,Q482-0,her,265862,265865,15,738,18,M_4446
pdnc,qID,Q482-0,she,265920,265923,15,738,18,M_4447
pdnc,qID,Q482-0,she,265959,265962,15,738,18,M_4448
pdnc,qID,Q482-0,he,266001,266003,1,738,18,M_4449
pdnc,qID,Q482-0,he,266072,266074,1,738,18,M_4450
pdnc,qID,Q482-0,you,266090,266093,0,738,18,M_4451
pdnc,qID,Q482-0,your friend,266100,266111,15,738,18,M_4452
pdnc,qID,Q482-0,you,266159,266162,0,738,18,M_4453
pdnc,qID,Q482-0,she,266171,266174,15,738,18,M_4454
pdnc,qID,Q482-0,Emma,266219,266223,0,738,18,M_4455
pdnc,qID,Q482-0,your amiable young man,266225,266247,1,738,18,M_4456
pdnc,qID,Q482-0,He,266295,266297,1,738,18,M_4457
pdnc,qID,Q482-0,he,266372,266374,1,738,18,M_4458
pdnc,qID,Q482-0,him,266471,266474,1,738,18,M_4459
pdnc,qID,Q483-0,You,266479,266482,6,739,18,M_4460
pdnc,qID,Q483-0,him,266515,266518,1,739,18,M_4461
exp,exp_name,mr. knightley,Mr. Knightley,266549,266562,6,740,18,M_4462
pdnc,qID,Q484-1,him,266614,266617,1,740,18,M_4463
pdnc,qID,Q484-1,his,266655,266658,1,740,18,M_4464
pdnc,qID,Q484-1,he,266742,266744,1,740,18,M_4465
pdnc,qID,Q485-0,he,266821,266823,1,741,18,M_4466
pdnc,qID,Q485-0,him,266855,266858,1,741,18,M_4467
pdnc,qID,Q485-0,he,266860,266862,1,741,18,M_4468
pdnc,qID,Q485-0,you,267035,267038,6,741,18,M_4469
pdnc,qID,Q485-0,Mr. Knightley,267048,267061,6,741,18,M_4470
pdnc,qID,Q485-0,his,267082,267085,1,741,18,M_4471
pdnc,qID,Q485-0,Mr. Frank Churchill,267244,267263,1,741,18,M_4472
pdnc,qID,Q486-0,You,267309,267312,0,742,18,M_4473
pdnc,qID,Q486-0,him,267366,267369,1,742,18,M_4474
pdnc,qID,Q486-0,his,267402,267405,1,742,18,M_4475
pdnc,qID,Q486-0,he,267427,267429,1,742,18,M_4476
pdnc,qID,Q486-0,he,267460,267462,1,742,18,M_4477
booknlp,COREF,94,My,267511,267513,0,743,18,M_4478
pdnc,qID,Q487-0,him,267522,267525,1,743,18,M_4479
pdnc,qID,Q487-0,he,267535,267537,1,743,18,M_4480
pdnc,qID,Q487-0,his,267548,267551,1,743,18,M_4481
pdnc,qID,Q487-0,you,267666,267669,6,743,18,M_4482
pdnc,qID,Q487-0,he,267671,267673,1,743,18,M_4483
booknlp,COREF,94,me,267699,267701,0,743,18,M_4484
pdnc,qID,Q487-0,him,267815,267818,1,743,18,M_4485
booknlp,COREF,94,my,267933,267935,0,743,18,M_4486
pdnc,qID,Q487-0,him,267944,267947,1,743,18,M_4487
booknlp,COREF,94,mine,267956,267960,0,744,18,M_4488
exp,exp_name,mr. knightley,Mr. Knightley,267968,267981,6,744,18,M_4489
pdnc,qID,Q488-1,he,268003,268005,1,744,18,M_4490
pdnc,qID,Q488-1,he,268034,268036,1,744,18,M_4491
pdnc,qID,Q488-1,his,268129,268132,1,744,18,M_4492
pdnc,qID,Q488-1,his,268278,268281,1,744,18,M_4493
pdnc,qID,Q488-1,his,268316,268319,1,744,18,M_4494
pdnc,qID,Q488-1,he,268344,268346,1,744,18,M_4495
booknlp,COREF,103,himself,268392,268399,1,744,18,M_4496
pdnc,qID,Q488-1,My dear Emma,268401,268413,0,744,18,M_4497
pdnc,qID,Q488-1,your,268415,268419,0,744,18,M_4498
booknlp,COREF,94,I,268495,268496,0,745,18,M_4499
pdnc,qID,Q489-0,him,268520,268523,1,745,18,M_4500
exp,exp_name,emma,Emma,268532,268536,0,745,18,M_4501
pdnc,qID,Q489-1,you,268539,268542,6,745,18,M_4502
pdnc,qID,Q489-1,you,268593,268596,6,745,18,M_4503
booknlp,COREF,94,I,268606,268607,0,745,18,M_4504
pdnc,qID,Q489-1,him,268612,268615,1,745,18,M_4505
pdnc,qID,Q489-1,he,268656,268658,1,745,18,M_4506
booknlp,COREF,94,I,268718,268719,0,747,18,M_4507
booknlp,COREF,94,My,268774,268776,0,747,18,M_4508
exp,exp_name,mrs. weston,Mrs. Weston,268794,268805,15,747,18,M_4509
booknlp,COREF,94,me,268812,268814,0,747,18,M_4510
pdnc,qID,Q491-0,his,268838,268841,1,747,18,M_4511
pdnc,qID,Q492-0,He,268853,268855,1,748,18,M_4512
exp,exp_name,mr. knightley,Mr. Knightley,268924,268937,6,748,18,M_4513
exp,exp_name,emma,Emma,268977,268981,0,748,18,M_4514
booknlp,COREF,94,she,269025,269028,0,748,18,M_4515
booknlp,COREF,94,she,269228,269231,0,749,18,M_4516
booknlp,COREF,94,she,269319,269322,0,749,18,M_4517
booknlp,COREF,94,she,269353,269356,0,749,18,M_4518
exp,exp_name,emma,Emma,269475,269479,0,752,19,M_4519
exp,exp_name,harriet,Harriet,269484,269491,2,752,19,M_4520
exp,exp_name,emma,Emma,269539,269543,0,752,19,M_4521
exp,exp_name,mr. elton,Mr. Elton,269582,269591,8,752,19,M_4522
booknlp,COREF,94,She,269606,269609,0,752,19,M_4523
exp,exp_name,harriet,Harriet,269631,269638,2,752,19,M_4524
booknlp,COREF,112,her,269651,269654,2,752,19,M_4525
booknlp,COREF,94,she,269683,269686,0,752,19,M_4526
booknlp,COREF,94,she,269789,269792,0,752,19,M_4527
booknlp,COREF,94,she,269801,269804,0,752,19,M_4528
pdnc,qID,Q493-0,Mr. Elton,269943,269952,8,752,19,M_4529
booknlp,COREF,94,she,269978,269981,0,752,19,M_4530
exp,exp_name,miss bates,Miss Bates,270076,270086,7,753,19,M_4531
booknlp,COREF,94,She,270088,270091,0,753,19,M_4532
exp,exp_name,miss bates,Miss Bates,270216,270226,7,753,19,M_4533
booknlp,COREF,94,she,270254,270257,0,753,19,M_4534
booknlp,COREF,94,she,270263,270266,0,753,19,M_4535
booknlp,COREF,94,her,270339,270342,0,753,19,M_4536
booknlp,COREF,94,she,270410,270413,0,753,19,M_4537
booknlp,COREF,94,She,270460,270463,0,754,19,M_4538
exp,exp_name,mr. knightley,Mr. Knightley,270489,270502,6,754,19,M_4539
booknlp,COREF,94,her,270517,270520,0,754,19,M_4540
booknlp,COREF,94,her,270538,270541,0,754,19,M_4541
booknlp,COREF,94,she,270819,270822,0,754,19,M_4542
booknlp,COREF,94,she,270854,270857,0,754,19,M_4543
booknlp,COREF,94,she,270943,270946,0,754,19,M_4544
exp,exp_name,harriet,Harriet,270962,270969,2,754,19,M_4545
booknlp,COREF,94,she,270988,270991,0,754,19,M_4546
exp,exp_name,jane fairfax,Jane Fairfax,271060,271072,4,754,19,M_4547
exp,exp_name,miss bates,Miss Bates,271126,271136,7,755,19,M_4548
exp,exp_name,miss woodhouse,Miss Woodhouse,271431,271445,0,755,19,M_4549
exp,exp_name,mr. woodhouse,Mr. Woodhouse,271617,271630,10,755,19,M_4550
exp,exp_name,mrs. cole,Mrs. Cole,271719,271728,12,755,19,M_4551
exp,exp_name,miss woodhouse,Miss Woodhouse,271945,271959,0,755,19,M_4552
exp,exp_name,miss smith,Miss Smith,271964,271974,2,755,19,M_4553
exp,exp_name,mr. elton,Mr. Elton,272082,272091,8,756,19,M_4554
exp,exp_name,cole,Cole,272134,272138,12,756,19,M_4555
exp,exp_name,mr. elton,Mr. Elton,272154,272163,8,756,19,M_4556
booknlp,COREF,150,his,272170,272173,8,756,19,M_4557
exp,exp_name,emma,Emma,272186,272190,0,756,19,M_4558
booknlp,COREF,150,he,272271,272273,8,756,19,M_4559
booknlp,COREF,150,he,272302,272304,8,756,19,M_4560
booknlp,COREF,150,he,272350,272352,8,756,19,M_4561
booknlp,COREF,150,he,272366,272368,8,756,19,M_4562
booknlp,COREF,94,she,272437,272440,0,756,19,M_4563
exp,exp_name,harriet,Harriet,272578,272585,2,756,19,M_4564
booknlp,COREF,94,she,272623,272626,0,757,19,M_4565
booknlp,COREF,94,she,272654,272657,0,757,19,M_4566
booknlp,COREF,150,him,272707,272710,8,757,19,M_4567
booknlp,COREF,94,She,272880,272883,0,757,19,M_4568
exp,exp_name,jane fairfax,Jane Fairfax,272914,272926,4,757,19,M_4569
exp,exp_name,mr. elton,Mr. Elton,272935,272944,8,757,19,M_4570
booknlp,COREF,150,he,272950,272952,8,757,19,M_4571
exp,exp_name,miss bates,Miss Bates,272981,272991,7,757,19,M_4572
booknlp,COREF,94,she,272993,272996,0,757,19,M_4573
booknlp,COREF,150,him,273014,273017,8,757,19,M_4574
booknlp,COREF,94,her,273075,273078,0,757,19,M_4575
pdnc,qID,Q494-0,Mr. Elton,273097,273106,8,758,19,M_4576
booknlp,COREF,94,I,273108,273109,0,758,19,M_4577
pdnc,qID,Q494-0,Mrs. Cole,273147,273156,12,758,19,M_4578
booknlp,COREF,94,me,273169,273171,0,758,19,M_4579
pdnc,qID,Q494-0,Mrs. Cole,273211,273220,12,758,19,M_4580
pdnc,qID,Q494-0,Jane,273273,273277,4,758,19,M_4581
booknlp,COREF,182,she,273294,273297,12,758,19,M_4582
booknlp,COREF,182,she,273307,273310,12,758,19,M_4583
pdnc,qID,Q494-0,her,273333,273336,4,758,19,M_4584
pdnc,qID,Q494-0,Jane,273338,273342,4,758,19,M_4585
pdnc,qID,Q494-0,she,273388,273391,12,758,19,M_4586
pdnc,qID,Q494-0,Mrs. Cole,273404,273413,12,758,19,M_4587
pdnc,qID,Q494-0,her,273440,273443,12,758,19,M_4588
booknlp,COREF,94,I,273465,273466,0,758,19,M_4589
pdnc,qID,Q494-0,Jane,273481,273485,4,758,19,M_4590
pdnc,qID,Q494-0,she,273530,273533,12,758,19,M_4591
pdnc,qID,Q494-0,her,273556,273559,4,758,19,M_4592
booknlp,COREF,94,I,273579,273580,0,758,19,M_4593
booknlp,COREF,182,you,273586,273589,12,758,19,M_4594
exp,exp_name,jane,Jane,273613,273617,4,758,19,M_4595
booknlp,COREF,94,I,273676,273677,0,758,19,M_4596
booknlp,COREF,94,I,273753,273754,0,758,19,M_4597
booknlp,COREF,94,I,273772,273773,0,758,19,M_4598
booknlp,COREF,182,you,273814,273817,12,758,19,M_4599
booknlp,COREF,182,your,273824,273828,12,758,19,M_4600
pdnc,qID,Q497-0,she,273843,273846,12,758,19,M_4601
booknlp,COREF,94,me,273888,273890,0,758,19,M_4602
exp,exp_name,emma,Emma,273914,273918,0,759,19,M_4603
pdnc,qID,Q498-0,you,273993,273996,7,760,19,M_4604
pdnc,qID,Q498-0,Miss Fairfax,274008,274020,4,760,19,M_4605
booknlp,COREF,94,I,274032,274033,0,760,19,M_4606
booknlp,COREF,94,I,274054,274055,0,760,19,M_4607
pdnc,qID,Q498-0,she,274061,274064,4,760,19,M_4608
pdnc,qID,Q499-0,you,274083,274086,0,761,19,M_4609
pdnc,qID,Q499-0,You,274088,274091,0,761,19,M_4610
booknlp,COREF,94,I,274197,274198,0,761,19,M_4611
booknlp,COREF,94,I,274237,274238,0,761,19,M_4612
booknlp,COREF,94,my,274247,274249,0,761,19,M_4613
pdnc,qID,Q499-1,you,274267,274270,0,761,19,M_4614
booknlp,COREF,94,I,274326,274327,0,761,19,M_4615
booknlp,COREF,94,my,274338,274340,0,761,19,M_4616
booknlp,COREF,94,I,274366,274367,0,761,19,M_4617
booknlp,COREF,94,I,274409,274410,0,761,19,M_4618
pdnc,qID,Q499-1,Mrs. Cole,274429,274438,12,761,19,M_4619
pdnc,qID,Q499-1,she,274450,274453,12,761,19,M_4620
booknlp,COREF,94,I,274465,274466,0,761,19,M_4621
pdnc,qID,Q499-1,my mother,274491,274500,11,761,19,M_4622
pdnc,qID,Q499-1,her,274531,274534,11,761,19,M_4623
pdnc,qID,Q499-1,Jane,274550,274554,4,761,19,M_4624
pdnc,qID,Q499-1,she,274561,274564,11,761,19,M_4625
booknlp,COREF,94,I,274600,274601,0,761,19,M_4626
booknlp,COREF,94,my,274664,274666,0,761,19,M_4627
pdnc,qID,Q499-1,you,274686,274689,0,761,19,M_4628
pdnc,qID,Q499-1,she,274726,274729,4,761,19,M_4629
booknlp,COREF,94,I,274756,274757,0,761,19,M_4630
pdnc,qID,Q499-1,Jane,274785,274789,4,761,19,M_4631
pdnc,qID,Q499-1,her,274805,274808,4,761,19,M_4632
pdnc,qID,Q499-1,she,274887,274890,4,761,19,M_4633
pdnc,qID,Q499-1,My mother,274931,274940,11,761,19,M_4634
booknlp,COREF,94,I,274960,274961,0,761,19,M_4635
pdnc,qID,Q499-1,She,274987,274990,11,761,19,M_4636
booknlp,COREF,94,I,275054,275055,0,761,19,M_4637
pdnc,qID,Q499-2,ma'am,275131,275136,11,761,19,M_4638
booknlp,COREF,94,I,275148,275149,0,761,19,M_4639
pdnc,qID,Q499-2,her,275155,275158,11,761,19,M_4640
booknlp,COREF,94,I,275160,275161,0,761,19,M_4641
pdnc,qID,Q499-2,she,275170,275173,11,761,19,M_4642
pdnc,qID,Q499-2,she,275216,275219,11,761,19,M_4643
pdnc,qID,Q499-2,her,275244,275247,11,761,19,M_4644
booknlp,COREF,94,I,275267,275268,0,761,19,M_4645
pdnc,qID,Q499-2,she,275277,275280,11,761,19,M_4646
pdnc,qID,Q499-2,she,275305,275308,11,761,19,M_4647
pdnc,qID,Q499-2,my mother,275354,275363,11,761,19,M_4648
pdnc,qID,Q499-2,they,275390,275394,11,761,19,M_4649
pdnc,qID,Q499-2,she,275401,275404,11,761,19,M_4650
booknlp,COREF,184,God,275441,275444,4,761,19,M_4651
pdnc,qID,Q499-2,My mother,275498,275507,11,761,19,M_4652
pdnc,qID,Q499-2,Jane,275539,275543,4,761,19,M_4653
pdnc,qID,Q499-2,she,275561,275564,4,761,19,M_4654
booknlp,COREF,94,I,275575,275576,0,761,19,M_4655
booknlp,COREF,94,my,275707,275709,0,761,19,M_4656
booknlp,COREF,94,me,275724,275726,0,761,19,M_4657
exp,exp_name,miss bates,Miss Bates,275778,275788,7,762,19,M_4658
exp,exp_name,emma,Emma,275813,275817,0,762,19,M_4659
exp,exp_name,miss fairfax,Miss Fairfax,275868,275880,4,762,19,M_4660
pdnc,qID,Q500-0,You,275898,275901,0,763,19,M_4661
exp,exp_name,miss bates,Miss Bates,275931,275941,7,763,19,M_4662
pdnc,qID,Q500-1,you,275962,275965,0,763,19,M_4663
pdnc,qID,Q500-1,us,276074,276076,11,763,19,M_4664
pdnc,qID,Q500-1,Miss Woodhouse,276097,276111,0,763,19,M_4665
pdnc,qID,Q500-1,My mother,276115,276124,11,763,19,M_4666
pdnc,qID,Q500-1,she,276140,276143,11,763,19,M_4667
pdnc,qID,Q500-1,you,276161,276164,0,763,19,M_4668
pdnc,qID,Q500-1,Ma'am,276171,276176,11,763,19,M_4669
booknlp,COREF,94,her,276191,276194,0,763,19,M_4670
pdnc,qID,Q500-2,you,276200,276203,11,763,19,M_4671
pdnc,qID,Q500-2,Miss Woodhouse,276214,276228,0,763,19,M_4672
pdnc,qID,Q500-2,Jane,276257,276261,4,763,19,M_4673
exp,exp_name,emma,Emma,276283,276287,0,764,19,M_4674
booknlp,COREF,94,her,276317,276320,0,764,19,M_4675
booknlp,COREF,94,She,276408,276411,0,764,19,M_4676
booknlp,COREF,94,her,276504,276507,0,764,19,M_4677
exp,exp_name,jane fairfax,Jane Fairfax,276520,276532,4,764,19,M_4678
exp,exp_name,miss bates,Miss Bates,276624,276634,7,764,19,M_4679
booknlp,COREF,94,her,276645,276648,0,764,19,M_4680
booknlp,COREF,94,her,276666,276669,0,764,19,M_4681
pdnc,qID,Q501-0,My mother,276683,276692,11,765,19,M_4682
pdnc,qID,Q501-0,you,276721,276724,0,765,19,M_4683
pdnc,qID,Q501-0,she,276823,276826,11,765,19,M_4684
pdnc,qID,Q501-0,she,276853,276856,11,765,19,M_4685
pdnc,qID,Q501-0,she,276909,276912,11,765,19,M_4686
pdnc,qID,Q501-0,Jane,276932,276936,4,765,19,M_4687
pdnc,qID,Q501-0,she,276949,276952,11,765,19,M_4688
pdnc,qID,Q501-0,Jane,276962,276966,4,765,19,M_4689
pdnc,qID,Q501-0,her grandmama,277014,277027,11,765,19,M_4690
pdnc,qID,Q501-0,she,277047,277050,11,765,19,M_4691
pdnc,qID,Q501-0,my mother,277102,277111,11,765,19,M_4692
pdnc,qID,Q501-0,you,277161,277164,0,765,19,M_4693
pdnc,qID,Q501-0,she,277177,277180,4,765,19,M_4694
pdnc,qID,Q501-0,her,277228,277231,4,765,19,M_4695
pdnc,qID,Q501-0,Mrs. Cole,277261,277270,12,765,19,M_4696
pdnc,qID,Q501-0,her,277315,277318,4,765,19,M_4697
pdnc,qID,Q502-0,you,277331,277334,7,766,19,M_4698
pdnc,qID,Q502-0,Miss Fairfax,277345,277357,4,766,19,M_4699
pdnc,qID,Q505-0,you,277448,277451,0,769,19,M_4700
pdnc,qID,Q505-0,You,277453,277456,0,769,19,M_4701
pdnc,qID,Q505-0,her,277600,277603,4,769,19,M_4702
pdnc,qID,Q505-0,she,277677,277680,4,769,19,M_4703
pdnc,qID,Q505-0,her,277809,277812,4,769,19,M_4704
pdnc,qID,Q505-0,you,277848,277851,0,769,19,M_4705
pdnc,qID,Q505-0,she,277904,277907,4,769,19,M_4706
pdnc,qID,Q505-0,her,277944,277947,4,769,19,M_4707
pdnc,qID,Q505-0,her,278041,278044,4,769,19,M_4708
pdnc,qID,Q506-0,Miss Fairfax,278171,278183,4,770,19,M_4709
pdnc,qID,Q507-0,you,278210,278213,0,771,19,M_4710
pdnc,qID,Q507-0,her,278301,278304,4,771,19,M_4711
pdnc,qID,Q507-0,My mother,278333,278342,11,771,19,M_4712
pdnc,qID,Q507-0,she,278365,278368,4,771,19,M_4713
pdnc,qID,Q507-0,she,278423,278426,4,771,19,M_4714
pdnc,qID,Q507-0,you,278497,278500,0,771,19,M_4715
pdnc,qID,Q507-0,you,278515,278518,0,771,19,M_4716
pdnc,qID,Q507-0,Jane,279074,279078,4,771,19,M_4717
booknlp,COREF,149,her,279126,279129,4,771,19,M_4718
pdnc,qID,Q507-0,Jane,279302,279306,4,771,19,M_4719
pdnc,qID,Q507-0,she,279388,279391,4,771,19,M_4720
pdnc,qID,Q507-0,you,279457,279460,0,771,19,M_4721
pdnc,qID,Q507-0,Jane,279555,279559,4,771,19,M_4722
pdnc,qID,Q507-0,she,279770,279773,4,771,19,M_4723
pdnc,qID,Q507-0,she,279869,279872,4,771,19,M_4724
pdnc,qID,Q507-0,Jane,280024,280028,4,771,19,M_4725
exp,exp_name,emma,Emma,280157,280161,0,772,19,M_4726
exp,exp_name,jane fairfax,Jane Fairfax,280185,280197,4,772,19,M_4727
pdnc,qID,Q508-0,You,280314,280317,7,773,19,M_4728
pdnc,qID,Q508-0,Miss Fairfax,280351,280363,4,773,19,M_4729
pdnc,qID,Q508-0,you,280393,280396,7,773,19,M_4730
pdnc,qID,Q508-0,her,280464,280467,4,773,19,M_4731
pdnc,qID,Q508-0,you,280484,280487,7,773,19,M_4732
pdnc,qID,Q508-0,her,280515,280518,4,773,19,M_4733
pdnc,qID,Q509-0,her,280706,280709,4,774,19,M_4734
pdnc,qID,Q509-0,you,280808,280811,0,774,19,M_4735
pdnc,qID,Q509-0,her,280863,280866,4,774,19,M_4736
pdnc,qID,Q509-0,Jane,281035,281039,4,774,19,M_4737
pdnc,qID,Q509-0,you,281049,281052,0,774,19,M_4738
pdnc,qID,Q509-0,Jane,281206,281210,4,774,19,M_4739
pdnc,qID,Q509-0,she,281275,281278,4,774,19,M_4740
pdnc,qID,Q509-0,her,281490,281493,4,774,19,M_4741
pdnc,qID,Q510-0,her,281653,281656,4,775,19,M_4742
pdnc,qID,Q510-0,her,281679,281682,4,775,19,M_4743
pdnc,qID,Q510-0,Miss Fairfax,281711,281723,4,775,19,M_4744
pdnc,qID,Q510-0,you,281753,281756,7,775,19,M_4745
pdnc,qID,Q510-0,Mrs. Bates,281761,281771,11,775,19,M_4746
pdnc,qID,Q511-0,her,281790,281793,4,776,19,M_4747
pdnc,qID,Q511-0,her,281814,281817,4,776,19,M_4748
pdnc,qID,Q511-0,she,281866,281869,4,776,19,M_4749
pdnc,qID,Q511-0,her,281957,281960,4,776,19,M_4750
pdnc,qID,Q511-0,her,281968,281971,4,776,19,M_4751
pdnc,qID,Q511-0,she,281987,281990,4,776,19,M_4752
pdnc,qID,Q512-0,Miss Fairfax,282255,282267,4,777,19,M_4753
pdnc,qID,Q513-0,You,282280,282283,0,778,19,M_4754
pdnc,qID,Q515-0,Jane,282483,282487,4,780,19,M_4755
pdnc,qID,Q515-0,you,282581,282584,0,780,19,M_4756
pdnc,qID,Q515-0,her,282666,282669,4,780,19,M_4757
pdnc,qID,Q515-0,She,282671,282674,4,780,19,M_4758
pdnc,qID,Q515-0,she,282710,282713,4,780,19,M_4759
pdnc,qID,Q515-0,her,282744,282747,4,780,19,M_4760
pdnc,qID,Q515-0,she,282779,282782,4,780,19,M_4761
pdnc,qID,Q515-0,her,282809,282812,4,780,19,M_4762
pdnc,qID,Q515-0,she,282846,282849,4,780,19,M_4763
pdnc,qID,Q515-0,her,282911,282914,4,780,19,M_4764
pdnc,qID,Q515-0,her,282996,282999,4,780,19,M_4765
pdnc,qID,Q515-0,she,283046,283049,4,780,19,M_4766
pdnc,qID,Q515-0,she,283091,283094,4,780,19,M_4767
pdnc,qID,Q515-0,her,283125,283128,4,780,19,M_4768
pdnc,qID,Q517-0,she,283222,283225,4,782,19,M_4769
pdnc,qID,Q517-0,you,283347,283350,0,782,19,M_4770
pdnc,qID,Q517-0,Jane,283366,283370,4,782,19,M_4771
pdnc,qID,Q517-0,You,283393,283396,0,782,19,M_4772
pdnc,qID,Q517-0,dear Miss Woodhouse,283408,283427,0,782,19,M_4773
pdnc,qID,Q517-0,her,283498,283501,4,782,19,M_4774
pdnc,qID,Q517-0,her,283549,283552,4,782,19,M_4775
pdnc,qID,Q517-0,you,283602,283605,0,782,19,M_4776
pdnc,qID,Q517-0,Jane,283689,283693,4,782,19,M_4777
pdnc,qID,Q517-0,my mother,283757,283766,11,782,19,M_4778
pdnc,qID,Q517-0,you,283768,283771,0,782,19,M_4779
pdnc,qID,Q517-0,her,283832,283835,11,782,19,M_4780
pdnc,qID,Q517-0,Jane,283837,283841,4,782,19,M_4781
pdnc,qID,Q517-0,her,283967,283970,4,782,19,M_4782
exp,exp_name,jane,Jane,284042,284046,4,782,19,M_4783
pdnc,qID,Q518-0,my mother,284063,284072,11,782,19,M_4784
pdnc,qID,Q518-0,her,284254,284257,11,782,19,M_4785
pdnc,qID,Q518-0,she,284264,284267,11,782,19,M_4786
pdnc,qID,Q518-0,Jane,284354,284358,4,782,19,M_4787
pdnc,qID,Q518-0,Jane,284491,284495,4,782,19,M_4788
pdnc,qID,Q518-0,you,284599,284602,0,782,19,M_4789
pdnc,qID,Q518-0,you,284714,284717,0,782,19,M_4790
pdnc,qID,Q518-0,Jane,284733,284737,4,782,19,M_4791
pdnc,qID,Q518-0,we,284752,284754,7,782,19,M_4792
booknlp,COREF,149,her,284768,284771,4,782,19,M_4793
pdnc,qID,Q518-0,she,284794,284797,4,782,19,M_4794
pdnc,qID,Q518-0,her,284804,284807,4,782,19,M_4795
pdnc,qID,Q518-0,her,284861,284864,4,782,19,M_4796
booknlp,COREF,94,I,284869,284870,0,783,19,M_4797
exp,exp_name,emma,Emma,284912,284916,0,783,19,M_4798
exp,exp_name,harriet,Harriet,284930,284937,2,783,19,M_4799
pdnc,qID,Q519-1,My father,284963,284972,10,783,19,M_4800
booknlp,COREF,94,I,284995,284996,0,783,19,M_4801
booknlp,COREF,94,I,285015,285016,0,783,19,M_4802
booknlp,COREF,94,I,285025,285026,0,783,19,M_4803
booknlp,COREF,94,I,285080,285081,0,783,19,M_4804
booknlp,COREF,94,I,285107,285108,0,783,19,M_4805
booknlp,COREF,94,I,285132,285133,0,783,19,M_4806
pdnc,qID,Q519-1,Mrs. Bates,285182,285192,11,783,19,M_4807
booknlp,COREF,94,I,285198,285199,0,783,19,M_4808
pdnc,qID,Q519-1,you,285261,285264,7,783,19,M_4809
pdnc,qID,Q519-1,Mrs. Bates,285269,285279,11,783,19,M_4810
booknlp,COREF,94,her,285338,285341,0,784,19,M_4811
booknlp,COREF,94,She,285353,285356,0,784,19,M_4812
booknlp,COREF,94,her,285429,285432,0,784,19,M_4813
booknlp,COREF,94,her,285441,285444,0,784,19,M_4814
booknlp,COREF,94,she,285458,285461,0,784,19,M_4815
exp,exp_name,jane fairfax,Jane Fairfax,285503,285515,4,784,19,M_4816
booknlp,COREF,94,she,285526,285529,0,784,19,M_4817
exp,exp_name,jane fairfax,Jane Fairfax,285589,285601,4,786,20,M_4818
exp,exp_name,mrs. bates,Mrs. Bates,285635,285645,11,786,20,M_4819
exp,exp_name,fairfax,Fairfax,285691,285698,4,787,20,M_4820
exp,exp_name,jane,Jane,285741,285745,4,787,20,M_4821
booknlp,COREF,149,she,285996,285999,4,788,20,M_4822
booknlp,COREF,149,her,286061,286064,4,788,20,M_4823
booknlp,COREF,149,she,286073,286076,4,788,20,M_4824
booknlp,COREF,149,her,286144,286147,4,788,20,M_4825
booknlp,COREF,149,her,286208,286211,4,788,20,M_4826
booknlp,COREF,149,her,286246,286249,4,788,20,M_4827
booknlp,COREF,149,her,286411,286414,4,788,20,M_4828
booknlp,COREF,149,her,286546,286549,4,789,20,M_4829
booknlp,COREF,149,her,286574,286577,4,789,20,M_4830
exp,exp_name,fairfax,Fairfax,286643,286650,4,789,20,M_4831
exp,exp_name,fairfax,Fairfax,286935,286942,4,789,20,M_4832
exp,exp_name,jane,Jane,287137,287141,4,789,20,M_4833
exp,exp_name,jane,Jane,287153,287157,4,789,20,M_4834
booknlp,COREF,149,she,287247,287250,4,789,20,M_4835
booknlp,COREF,149,her,287305,287308,4,789,20,M_4836
booknlp,COREF,149,her,287435,287438,4,789,20,M_4837
exp,exp_name,jane,Jane,287488,287492,4,789,20,M_4838
booknlp,COREF,149,her,287584,287587,4,789,20,M_4839
booknlp,COREF,149,she,287638,287641,4,790,20,M_4840
booknlp,COREF,149,she,287719,287722,4,790,20,M_4841
booknlp,COREF,149,her,287738,287741,4,790,20,M_4842
booknlp,COREF,149,her,287796,287799,4,790,20,M_4843
booknlp,COREF,149,her,287981,287984,4,790,20,M_4844
exp,exp_name,jane fairfax,Jane Fairfax,288082,288094,4,791,20,M_4845
booknlp,COREF,149,She,288106,288109,4,791,20,M_4846
booknlp,COREF,149,her,288286,288289,4,791,20,M_4847
booknlp,COREF,149,Her,288513,288516,4,791,20,M_4848
booknlp,COREF,149,she,288624,288627,4,791,20,M_4849
booknlp,COREF,149,herself,288749,288756,4,791,20,M_4850
booknlp,COREF,149,she,288762,288765,4,791,20,M_4851
booknlp,COREF,149,she,288938,288941,4,791,20,M_4852
exp,exp_name,jane,Jane,288967,288971,4,791,20,M_4853
booknlp,COREF,149,her,289188,289191,4,791,20,M_4854
booknlp,COREF,149,her,289225,289228,4,791,20,M_4855
exp,exp_name,jane,Jane,289414,289418,4,792,20,M_4856
booknlp,COREF,149,her,289560,289563,4,792,20,M_4857
exp,exp_name,jane fairfax,Jane Fairfax,290016,290028,4,792,20,M_4858
booknlp,COREF,149,her,290037,290040,4,792,20,M_4859
booknlp,COREF,149,her,290145,290148,4,793,20,M_4860
booknlp,COREF,149,her,290191,290194,4,793,20,M_4861
booknlp,COREF,149,she,290216,290219,4,793,20,M_4862
booknlp,COREF,149,her,290250,290253,4,793,20,M_4863
booknlp,COREF,149,She,290295,290298,4,793,20,M_4864
booknlp,COREF,149,she,290402,290405,4,793,20,M_4865
booknlp,COREF,149,her,290852,290855,4,794,20,M_4866
booknlp,COREF,149,her,291058,291061,4,794,20,M_4867
booknlp,COREF,149,She,291253,291256,4,794,20,M_4868
booknlp,COREF,149,she,291337,291340,4,794,20,M_4869
booknlp,COREF,149,her,291374,291377,4,794,20,M_4870
booknlp,COREF,149,her,291411,291414,4,794,20,M_4871
booknlp,COREF,149,her,291685,291688,4,795,20,M_4872
booknlp,COREF,149,her,291723,291726,4,795,20,M_4873
booknlp,COREF,149,her,291738,291741,4,795,20,M_4874
booknlp,COREF,149,her,291827,291830,4,795,20,M_4875
booknlp,COREF,149,her,291908,291911,4,795,20,M_4876
booknlp,COREF,149,she,291977,291980,4,795,20,M_4877
booknlp,COREF,149,her,292201,292204,4,795,20,M_4878
booknlp,COREF,149,her,292237,292240,4,795,20,M_4879
booknlp,COREF,149,she,292293,292296,4,795,20,M_4880
exp,exp_name,mr. frank churchill,Mr. Frank Churchill,292407,292426,1,795,20,M_4881
exp,exp_name,jane fairfax,Jane Fairfax,292461,292473,4,795,20,M_4882
exp,exp_name,emma,Emma,292536,292540,0,796,20,M_4883
booknlp,COREF,94,she,292591,292594,0,796,20,M_4884
booknlp,COREF,94,she,292665,292668,0,796,20,M_4885
booknlp,COREF,94,she,292691,292694,0,796,20,M_4886
booknlp,COREF,94,she,292706,292709,0,796,20,M_4887
exp,exp_name,jane fairfax,Jane Fairfax,292723,292735,4,796,20,M_4888
exp,exp_name,mr. knightley,Mr. Knightley,292777,292790,6,796,20,M_4889
booknlp,COREF,94,her,292805,292808,0,796,20,M_4890
booknlp,COREF,94,she,292824,292827,0,796,20,M_4891
booknlp,COREF,94,her,292835,292838,0,796,20,M_4892
booknlp,COREF,94,she,292882,292885,0,796,20,M_4893
booknlp,COREF,94,herself,292907,292914,0,796,20,M_4894
booknlp,COREF,94,her,293028,293031,0,796,20,M_4895
booknlp,COREF,94,her,293066,293069,0,796,20,M_4896
booknlp,COREF,94,she,293076,293079,0,796,20,M_4897
booknlp,COREF,149,her,293112,293115,4,796,20,M_4898
booknlp,COREF,94,she,293117,293120,0,796,20,M_4899
booknlp,COREF,149,she,293222,293225,4,796,20,M_4900
booknlp,COREF,94,her,293252,293255,0,796,20,M_4901
booknlp,COREF,149,she,293294,293297,4,796,20,M_4902
booknlp,COREF,94,her,293512,293515,0,796,20,M_4903
booknlp,COREF,94,she,293525,293528,0,796,20,M_4904
booknlp,COREF,94,she,293630,293633,0,797,20,M_4905
exp,exp_name,jane fairfax,Jane Fairfax,293644,293656,4,797,20,M_4906
booknlp,COREF,149,she,293725,293728,4,797,20,M_4907
booknlp,COREF,149,her,293741,293744,4,797,20,M_4908
booknlp,COREF,94,her,293787,293790,0,797,20,M_4909
booknlp,COREF,94,she,293829,293832,0,797,20,M_4910
booknlp,COREF,94,she,293927,293930,0,797,20,M_4911
exp,exp_name,jane fairfax,Jane Fairfax,293954,293966,4,797,20,M_4912
booknlp,COREF,149,she,294009,294012,4,797,20,M_4913
booknlp,COREF,149,herself,294017,294024,4,797,20,M_4914
booknlp,COREF,149,Her,294057,294060,4,797,20,M_4915
booknlp,COREF,149,her,294163,294166,4,797,20,M_4916
booknlp,COREF,149,her,294197,294200,4,797,20,M_4917
exp,exp_name,emma,Emma,294344,294348,0,797,20,M_4918
booknlp,COREF,149,her,294388,294391,4,797,20,M_4919
booknlp,COREF,149,her,294398,294401,4,797,20,M_4920
booknlp,COREF,94,she,294458,294461,0,797,20,M_4921
booknlp,COREF,149,Her,294531,294534,4,797,20,M_4922
booknlp,COREF,149,she,294645,294648,4,797,20,M_4923
booknlp,COREF,149,she,294846,294849,4,797,20,M_4924
booknlp,COREF,149,her,294874,294877,4,797,20,M_4925
booknlp,COREF,149,she,294949,294952,4,797,20,M_4926
booknlp,COREF,149,she,295044,295047,4,798,20,M_4927
exp,exp_name,jane fairfax,Jane Fairfax,295088,295100,4,798,20,M_4928
booknlp,COREF,149,she,295210,295213,4,798,20,M_4929
booknlp,COREF,149,her,295228,295231,4,798,20,M_4930
booknlp,COREF,149,she,295248,295251,4,798,20,M_4931
booknlp,COREF,149,her,295260,295263,4,798,20,M_4932
booknlp,COREF,149,her,295281,295284,4,798,20,M_4933
booknlp,COREF,149,her,295307,295310,4,798,20,M_4934
booknlp,COREF,149,she,295324,295327,4,798,20,M_4935
booknlp,COREF,149,she,295384,295387,4,798,20,M_4936
booknlp,COREF,149,she,295416,295419,4,798,20,M_4937
booknlp,COREF,149,her,295562,295565,4,798,20,M_4938
booknlp,COREF,149,she,295660,295663,4,798,20,M_4939
booknlp,COREF,149,herself,295692,295699,4,798,20,M_4940
booknlp,COREF,149,she,295785,295788,4,798,20,M_4941
exp,exp_name,emma,Emma,295806,295810,0,798,20,M_4942
booknlp,COREF,149,her,295842,295845,4,798,20,M_4943
booknlp,COREF,149,her,295933,295936,4,798,20,M_4944
booknlp,COREF,149,her,296038,296041,4,798,20,M_4945
booknlp,COREF,149,She,296054,296057,4,798,20,M_4946
booknlp,COREF,149,her,296155,296158,4,798,20,M_4947
booknlp,COREF,149,herself,296230,296237,4,798,20,M_4948
booknlp,COREF,149,herself,296285,296292,4,798,20,M_4949
booknlp,COREF,149,her,296351,296354,4,798,20,M_4950
exp,exp_name,emma,Emma,296398,296402,0,799,20,M_4951
booknlp,COREF,149,her,296408,296411,4,799,20,M_4952
booknlp,COREF,149,her,296461,296464,4,799,20,M_4953
booknlp,COREF,149,her,296558,296561,4,799,20,M_4954
booknlp,COREF,149,she,296588,296591,4,799,20,M_4955
booknlp,COREF,149,her,296623,296626,4,799,20,M_4956
booknlp,COREF,149,she,296683,296686,4,800,20,M_4957
booknlp,COREF,149,herself,296701,296708,4,800,20,M_4958
exp,exp_name,jane fairfax,Jane Fairfax,296760,296772,4,800,20,M_4959
exp,exp_name,mr. knightley,Mr. Knightley,296855,296868,6,800,20,M_4960
pdnc,qID,Q520-0,She,296871,296874,4,800,20,M_4961
pdnc,qID,Q520-0,she,296898,296901,4,800,20,M_4962
exp,exp_name,jane,Jane,296928,296932,4,800,20,M_4963
booknlp,COREF,149,her,296972,296975,4,800,20,M_4964
booknlp,COREF,149,her,297421,297424,4,800,20,M_4965
booknlp,COREF,149,herself,297436,297443,4,800,20,M_4966
exp,exp_name,jane,Jane,297449,297453,4,800,20,M_4967
exp,exp_name,emma,Emma,297493,297497,0,800,20,M_4968
booknlp,COREF,94,her,297584,297587,0,800,20,M_4969
booknlp,COREF,94,her,297677,297680,0,800,20,M_4970
booknlp,COREF,94,She,297712,297715,0,800,20,M_4971
booknlp,COREF,94,her,297804,297807,0,800,20,M_4972
booknlp,COREF,94,she,297857,297860,0,800,20,M_4973
booknlp,COREF,94,She,297898,297901,0,800,20,M_4974
booknlp,COREF,94,she,297996,297999,0,801,20,M_4975
booknlp,COREF,94,She,298076,298079,0,801,20,M_4976
booknlp,COREF,94,her,298149,298152,0,801,20,M_4977
booknlp,COREF,94,her,298316,298319,0,801,20,M_4978
booknlp,COREF,94,Her,298340,298343,0,801,20,M_4979
exp,exp_name,emma,Emma,298369,298373,0,801,20,M_4980
booknlp,COREF,94,her,298408,298411,0,801,20,M_4981
booknlp,COREF,94,her,298480,298483,0,801,20,M_4982
booknlp,COREF,94,She,298707,298710,0,802,20,M_4983
exp,exp_name,mr. frank churchill,Mr. Frank Churchill,298715,298734,1,802,20,M_4984
exp,exp_name,emma,Emma,298868,298872,0,802,20,M_4985
exp,exp_name,mr. churchill,Mr. Churchill,299304,299317,1,802,20,M_4986
booknlp,COREF,94,She,299319,299322,0,802,20,M_4987
exp,exp_name,emma,Emma,299372,299376,0,802,20,M_4988
booknlp,COREF,94,her,299395,299398,0,802,20,M_4989
exp,exp_name,emma,Emma,299415,299419,0,804,21,M_4990
exp,exp_name,mr. knightley,Mr. Knightley,299504,299517,6,804,21,M_4991
exp,exp_name,mr. woodhouse,Mr. Woodhouse,299696,299709,10,804,21,M_4992
booknlp,COREF,85,his,299711,299714,10,804,21,M_4993
booknlp,COREF,85,he,299758,299760,10,804,21,M_4994
booknlp,COREF,94,her,299781,299784,0,804,21,M_4995
exp,exp_name,emma,Emma,299867,299871,0,804,21,M_4996
booknlp,COREF,85,He,299873,299875,10,804,21,M_4997
booknlp,COREF,94,her,299899,299902,0,804,21,M_4998
exp,exp_name,jane,Jane,299913,299917,4,804,21,M_4999
booknlp,COREF,85,he,300001,300003,10,805,21,M_5000
exp,exp_name,mr. woodhouse,Mr. Woodhouse,300022,300035,10,805,21,M_5001
booknlp,COREF,85,he,300087,300089,10,805,21,M_5002
pdnc,qID,Q521-1,You,300154,300157,0,805,21,M_5003
pdnc,qID,Q521-1,Miss Fairfax,300162,300174,4,805,21,M_5004
booknlp,COREF,85,I,300205,300206,10,805,21,M_5005
pdnc,qID,Q521-1,sir,300243,300246,10,805,21,M_5006
booknlp,COREF,85,I,300388,300389,10,805,21,M_5007
pdnc,qID,Q521-1,Miss Fairfax,300398,300410,4,805,21,M_5008
pdnc,qID,Q521-1,Emma,300449,300453,0,805,21,M_5009
pdnc,qID,Q521-1,You,300455,300458,0,805,21,M_5010
booknlp,COREF,85,I,300480,300481,10,805,21,M_5011
pdnc,qID,Q521-1,you,300491,300494,0,805,21,M_5012
pdnc,qID,Q521-1,her,300500,300503,4,805,21,M_5013
pdnc,qID,Q521-1,her grandmother,300546,300561,11,805,21,M_5014
booknlp,COREF,94,I,300605,300606,0,806,21,M_5015
pdnc,qID,Q522-0,you,300616,300619,6,806,21,M_5016
exp,exp_name,emma,Emma,300636,300640,0,806,21,M_5017
booknlp,COREF,94,I,300656,300657,0,806,21,M_5018
booknlp,COREF,94,I,300663,300664,0,806,21,M_5019
pdnc,qID,Q523-0,my dear,300734,300741,0,807,21,M_5020
booknlp,COREF,94,her,300749,300752,0,807,21,M_5021
pdnc,qID,Q523-1,you,300789,300792,0,807,21,M_5022
pdnc,qID,Q523-1,you,300849,300852,0,807,21,M_5023
pdnc,qID,Q523-1,you,300872,300875,0,807,21,M_5024
exp,exp_name,mr. knightley,Mr. Knightley,301000,301013,6,808,21,M_5025
pdnc,qID,Q524-1,you,301041,301044,0,808,21,M_5026
pdnc,qID,Q524-1,you,301133,301136,0,808,21,M_5027
booknlp,COREF,94,she,301225,301228,0,809,21,M_5028
pdnc,qID,Q525-0,Miss Fairfax,301241,301253,4,809,21,M_5029
pdnc,qID,Q526-0,you,301284,301287,0,810,21,M_5030
pdnc,qID,Q526-0,she,301288,301291,4,810,21,M_5031
pdnc,qID,Q526-0,you,301311,301314,0,810,21,M_5032
pdnc,qID,Q526-0,her,301351,301354,4,810,21,M_5033
pdnc,qID,Q527-0,You,301483,301486,6,811,21,M_5034
pdnc,qID,Q527-0,her,301493,301496,4,811,21,M_5035
booknlp,COREF,94,I,301508,301509,0,811,21,M_5036
pdnc,qID,Q528-0,My dear Emma,301528,301540,0,812,21,M_5037
booknlp,COREF,94,her,301592,301595,0,812,21,M_5038
pdnc,qID,Q528-1,you,301598,301601,0,812,21,M_5039
pdnc,qID,Q528-1,you,301641,301644,0,812,21,M_5040
booknlp,COREF,94,I,301684,301685,0,813,21,M_5041
booknlp,COREF,94,my,301703,301705,0,813,21,M_5042
booknlp,COREF,94,I,301787,301788,0,813,21,M_5043
booknlp,COREF,85,I,301845,301846,10,815,21,M_5044
exp,exp_name,mr. woodhouse,Mr. Woodhouse,301893,301906,10,815,21,M_5045
booknlp,COREF,85,his,301911,301914,10,815,21,M_5046
booknlp,COREF,85,I,301927,301928,10,815,21,M_5047
booknlp,COREF,85,I,301940,301941,10,815,21,M_5048
booknlp,COREF,85,I,301982,301983,10,815,21,M_5049
booknlp,COREF,85,my,301995,301997,10,815,21,M_5050
booknlp,COREF,85,me,302052,302054,10,815,21,M_5051
pdnc,qID,Q531-1,Miss Bates,302056,302066,7,815,21,M_5052
pdnc,qID,Q531-1,she,302105,302108,7,815,21,M_5053
pdnc,qID,Q531-1,she,302127,302130,7,815,21,M_5054
pdnc,qID,Q531-1,she,302165,302168,7,815,21,M_5055
pdnc,qID,Q531-1,Mrs. Bates,302192,302202,11,815,21,M_5056
booknlp,COREF,85,I,302228,302229,10,815,21,M_5057
pdnc,qID,Q531-1,Miss Jane Fairfax,302252,302269,4,815,21,M_5058
pdnc,qID,Q531-1,She,302364,302367,4,815,21,M_5059
pdnc,qID,Q531-1,Mr. Knightley,302407,302420,6,815,21,M_5060
pdnc,qID,Q531-1,she,302430,302433,4,815,21,M_5061
pdnc,qID,Q531-1,Emma,302438,302442,0,815,21,M_5062
pdnc,qID,Q532-0,sir,302453,302456,10,816,21,M_5063
pdnc,qID,Q532-0,Emma,302462,302466,0,816,21,M_5064
pdnc,qID,Q532-0,she,302476,302479,0,816,21,M_5065
pdnc,qID,Q532-0,Miss Fairfax,302484,302496,4,816,21,M_5066
exp,exp_name,emma,Emma,302500,302504,0,817,21,M_5067
pdnc,qID,Q533-0,She,302634,302637,4,818,21,M_5068
pdnc,qID,Q533-0,her,302727,302730,4,818,21,M_5069
pdnc,qID,Q533-0,her,302756,302759,4,818,21,M_5070
exp,exp_name,mr. knightley,Mr. Knightley,302777,302790,6,819,21,M_5071
exp,exp_name,mr. woodhouse,Mr. Woodhouse,302889,302902,10,819,21,M_5072
booknlp,COREF,111,the Bates,302927,302936,11,819,21,M_5073
booknlp,COREF,85,I,303041,303042,10,820,21,M_5074
pdnc,qID,Q534-0,Emma,303187,303191,0,820,21,M_5075
booknlp,COREF,93,Hartfield,303263,303272,0,820,21,M_5076
pdnc,qID,Q534-0,my dear Emma,303333,303345,0,820,21,M_5077
booknlp,COREF,85,I,303520,303521,10,820,21,M_5078
pdnc,qID,Q534-0,you,303563,303566,0,820,21,M_5079
pdnc,qID,Q534-0,my dear,303577,303584,0,820,21,M_5080
pdnc,qID,Q535-0,My dear papa,303589,303601,10,821,21,M_5081
booknlp,COREF,85,I,303603,303604,10,821,21,M_5082
booknlp,COREF,85,I,303634,303635,10,821,21,M_5083
pdnc,qID,Q535-0,you,303641,303644,10,821,21,M_5084
pdnc,qID,Q535-0,you,303696,303699,10,821,21,M_5085
pdnc,qID,Q536-0,my dear,303807,303814,0,822,21,M_5086
booknlp,COREF,85,I,303828,303829,10,822,21,M_5087
booknlp,COREF,85,I,304102,304103,10,822,21,M_5088
pdnc,qID,Q537-0,Emma,304139,304143,0,823,21,M_5089
exp,exp_name,mr. knightley,Mr. Knightley,304151,304164,6,823,21,M_5090
pdnc,qID,Q537-1,you,304204,304207,0,823,21,M_5091
pdnc,qID,Q537-1,You,304209,304212,0,823,21,M_5092
pdnc,qID,Q537-1,you,304291,304294,0,823,21,M_5093
pdnc,qID,Q538-0,you,304354,304357,6,824,21,M_5094
pdnc,qID,Q538-0,you,304379,304382,6,824,21,M_5095
exp,exp_name,miss bates,Miss Bates,304523,304533,7,826,21,M_5096
exp,exp_name,miss fairfax,Miss Fairfax,304538,304550,4,826,21,M_5097
exp,exp_name,miss bates,Miss Bates,304607,304617,7,826,21,M_5098
exp,exp_name,mr. knightley,Mr. Knightley,304651,304664,6,826,21,M_5099
pdnc,qID,Q540-0,my dear sir,304777,304788,10,827,21,M_5100
pdnc,qID,Q540-0,you,304798,304801,10,827,21,M_5101
pdnc,qID,Q540-0,My dear Miss Woodhouse,304816,304838,0,827,21,M_5102
booknlp,COREF,94,I,304840,304841,0,827,21,M_5103
pdnc,qID,Q540-0,Mr. Elton,304954,304963,8,827,21,M_5104
exp,exp_name,emma,Emma,304990,304994,0,828,21,M_5105
exp,exp_name,mr. elton,Mr. Elton,305029,305038,8,828,21,M_5106
booknlp,COREF,94,she,305044,305047,0,828,21,M_5107
booknlp,COREF,94,she,305081,305084,0,828,21,M_5108
pdnc,qID,Q541-0,you,305200,305203,0,829,21,M_5109
exp,exp_name,mr. knightley,Mr. Knightley,305211,305224,6,829,21,M_5110
pdnc,qID,Q542-0,you,305331,305334,6,830,21,M_5111
exp,exp_name,miss bates,Miss Bates,305352,305362,7,830,21,M_5112
pdnc,qID,Q542-1,you,305377,305380,6,830,21,M_5113
pdnc,qID,Q542-1,Mr. Knightley,305399,305412,6,830,21,M_5114
pdnc,qID,Q542-1,Mrs. Cole,305458,305467,12,830,21,M_5115
pdnc,qID,Q542-1,Jane,305651,305655,4,830,21,M_5116
pdnc,qID,Q542-1,you,305694,305697,4,830,21,M_5117
pdnc,qID,Q542-1,Jane,305699,305703,4,830,21,M_5118
pdnc,qID,Q542-1,my mother,305710,305719,11,830,21,M_5119
pdnc,qID,Q542-1,Jane,305819,305823,4,830,21,M_5120
pdnc,qID,Q542-2,Miss Hawkins,305994,306006,13,830,21,M_5121
pdnc,qID,Q542-2,Miss Hawkins,306029,306041,13,830,21,M_5122
pdnc,qID,Q542-2,Mr. Knightley,306056,306069,6,830,21,M_5123
pdnc,qID,Q542-2,you,306081,306084,6,830,21,M_5124
exp,exp_name,cole,Cole,306133,306137,12,830,21,M_5125
pdnc,qID,Q542-2,Mrs. Cole,306143,306152,12,830,21,M_5126
booknlp,COREF,182,she,306160,306163,12,830,21,M_5127
pdnc,qID,Q542-2,Miss Hawkins,306192,306204,13,830,21,M_5128
exp,exp_name,cole,Cole,306225,306229,12,831,21,M_5129
booknlp,COREF,143,He,306266,306268,12,831,21,M_5130
pdnc,qID,Q543-0,Elton,306283,306288,8,831,21,M_5131
pdnc,qID,Q544-0,My dear sir,306441,306452,10,832,21,M_5132
pdnc,qID,Q544-0,you,306454,306457,10,832,21,M_5133
pdnc,qID,Q544-0,My mother,306484,306493,11,832,21,M_5134
pdnc,qID,Q544-0,her,306502,306505,11,832,21,M_5135
pdnc,qID,Q544-0,you,306573,306576,10,832,21,M_5136
pdnc,qID,Q544-0,her,306598,306601,11,832,21,M_5137
exp,exp_name,mr. woodhouse,Mr. Woodhouse,306647,306660,10,833,21,M_5138
pdnc,qID,Q545-1,Emma,306728,306732,0,833,21,M_5139
pdnc,qID,Q546-0,my dear sir,306784,306795,10,834,21,M_5140
pdnc,qID,Q546-0,my mother,306800,306809,11,834,21,M_5141
pdnc,qID,Q547-0,Mr. Knightley,307048,307061,6,834,21,M_5142
pdnc,qID,Q547-0,you,307070,307073,6,834,21,M_5143
exp,exp_name,emma,Emma,307206,307210,0,835,21,M_5144
pdnc,qID,Q549-0,He,307213,307215,8,835,21,M_5145
pdnc,qID,Q549-0,you,307335,307338,7,835,21,M_5146
pdnc,qID,Q549-0,he,307351,307353,8,835,21,M_5147
pdnc,qID,Q549-0,Miss Hawkins,307383,307395,13,835,21,M_5148
pdnc,qID,Q549-0,his,307400,307403,8,835,21,M_5149
pdnc,qID,Q550-0,Mr. Elton,307448,307457,8,836,21,M_5150
exp,exp_name,emma,Emma,307485,307489,0,836,21,M_5151
booknlp,COREF,94,she,307502,307505,0,836,21,M_5152
pdnc,qID,Q550-1,He,307520,307522,8,836,21,M_5153
pdnc,qID,Q550-1,his,307557,307560,8,836,21,M_5154
pdnc,qID,Q551-0,He,307575,307577,8,837,21,M_5155
exp,exp_name,mr. woodhouse,Mr. Woodhouse,307608,307621,10,837,21,M_5156
pdnc,qID,Q551-1,He,307638,307640,8,837,21,M_5157
pdnc,qID,Q551-1,He,307671,307673,8,837,21,M_5158
booknlp,COREF,85,me,307684,307686,10,837,21,M_5159
pdnc,qID,Q551-1,he,307704,307706,8,837,21,M_5160
pdnc,qID,Q551-1,him,307739,307742,8,837,21,M_5161
pdnc,qID,Q552-0,Miss Woodhouse,307788,307802,0,838,21,M_5162
exp,exp_name,miss bates,Miss Bates,307810,307820,7,838,21,M_5163
pdnc,qID,Q552-1,my mother,307833,307842,11,838,21,M_5164
pdnc,qID,Q552-1,she,307859,307862,11,838,21,M_5165
pdnc,qID,Q552-1,she,307868,307871,11,838,21,M_5166
pdnc,qID,Q552-1,Jane,307962,307966,4,838,21,M_5167
pdnc,qID,Q552-1,you,307968,307971,4,838,21,M_5168
pdnc,qID,Q552-1,Mr. Elton,307988,307997,8,838,21,M_5169
pdnc,qID,Q552-1,you,308015,308018,4,838,21,M_5170
pdnc,qID,Q552-1,him,308048,308051,8,838,21,M_5171
exp,exp_name,jane,Jane,308055,308059,4,839,21,M_5172
pdnc,qID,Q553-0,Mr. Elton,308161,308170,8,840,21,M_5173
pdnc,qID,Q553-1,he,308215,308217,8,840,21,M_5174
pdnc,qID,Q553-1,he,308222,308224,8,840,21,M_5175
exp,exp_name,emma,Emma,308279,308283,0,841,21,M_5176
pdnc,qID,Q554-1,My father,308286,308295,10,841,21,M_5177
pdnc,qID,Q554-1,Mr. Knightley,308313,308326,6,841,21,M_5178
pdnc,qID,Q554-1,Miss Bates,308337,308347,7,841,21,M_5179
booknlp,COREF,94,I,308352,308353,0,841,21,M_5180
pdnc,qID,Q554-1,he,308359,308361,8,841,21,M_5181
pdnc,qID,Q554-1,you,308393,308396,4,841,21,M_5182
pdnc,qID,Q554-1,Miss Fairfax,308429,308441,4,841,21,M_5183
pdnc,qID,Q554-1,Mr. Elton,308468,308477,8,841,21,M_5184
pdnc,qID,Q555-0,Miss Woodhouse,308560,308574,0,842,21,M_5185
pdnc,qID,Q555-0,she,308579,308582,4,842,21,M_5186
pdnc,qID,Q555-0,He,308589,308591,8,842,21,M_5187
pdnc,qID,Q555-0,my dear Jane,308625,308637,4,842,21,M_5188
pdnc,qID,Q555-0,you,308642,308645,4,842,21,M_5189
booknlp,COREF,85,I,308656,308657,10,842,21,M_5190
pdnc,qID,Q555-0,you,308663,308666,4,842,21,M_5191
pdnc,qID,Q555-0,he,308677,308679,8,842,21,M_5192
pdnc,qID,Q555-0,Miss Hawkins,308719,308731,13,842,21,M_5193
pdnc,qID,Q555-0,His,308772,308775,8,842,21,M_5194
pdnc,qID,Q555-0,my mother,308797,308806,11,842,21,M_5195
pdnc,qID,Q555-0,she,308853,308856,11,842,21,M_5196
pdnc,qID,Q555-0,my mother,308884,308893,11,842,21,M_5197
booknlp,COREF,149,you,308912,308915,4,842,21,M_5198
pdnc,qID,Q555-0,she,308942,308945,11,842,21,M_5199
pdnc,qID,Q555-0,Jane,308973,308977,4,842,21,M_5200
booknlp,COREF,150,He,309023,309025,8,842,21,M_5201
pdnc,qID,Q555-0,she,309083,309086,4,842,21,M_5202
booknlp,COREF,150,him,309099,309102,8,842,21,M_5203
booknlp,COREF,149,you,309141,309144,4,842,21,M_5204
pdnc,qID,Q555-0,Mr. Elton,309331,309340,8,842,21,M_5205
pdnc,qID,Q555-0,Miss Hawkins,309345,309357,13,842,21,M_5206
pdnc,qID,Q555-0,Coles,309377,309382,12,842,21,M_5207
booknlp,COREF,85,I,309423,309424,10,842,21,M_5208
booknlp,COREF,85,I,309503,309504,10,842,21,M_5209
pdnc,qID,Q555-0,sir,309510,309513,10,842,21,M_5210
exp,exp_name,mr. woodhouse,Mr. Woodhouse,309527,309540,10,842,21,M_5211
booknlp,COREF,85,I,309543,309544,10,842,21,M_5212
booknlp,COREF,85,I,309603,309604,10,842,21,M_5213
pdnc,qID,Q556-0,we,309617,309619,7,842,21,M_5214
pdnc,qID,Q556-0,My dear sir,309658,309669,10,842,21,M_5215
pdnc,qID,Q556-0,my mother,309693,309702,11,842,21,M_5216
pdnc,qID,Q557-0,Miss Hawkins,309787,309799,13,843,21,M_5217
pdnc,qID,Q557-0,he,309816,309818,8,843,21,M_5218
pdnc,qID,Q557-0,her,309844,309847,13,843,21,M_5219
exp,exp_name,emma,Emma,309855,309859,0,843,21,M_5220
booknlp,COREF,94,I,309870,309871,0,843,21,M_5221
pdnc,qID,Q557-1,He,309948,309950,8,843,21,M_5222
exp,exp_name,emma,Emma,310054,310058,0,844,21,M_5223
pdnc,qID,Q558-0,You,310067,310070,4,845,21,M_5224
pdnc,qID,Q558-0,Miss Fairfax,310083,310095,4,845,21,M_5225
booknlp,COREF,85,I,310101,310102,10,845,21,M_5226
pdnc,qID,Q558-0,you,310108,310111,4,845,21,M_5227
pdnc,qID,Q558-0,You,310151,310154,4,845,21,M_5228
pdnc,qID,Q558-0,your,310315,310319,4,845,21,M_5229
pdnc,qID,Q558-0,Mr. Elton ,310344,310354,8,845,21,M_5230
pdnc,qID,Q558-0,Miss Hawkins,310358,310370,13,845,21,M_5231
booknlp,COREF,149,I,310380,310381,4,846,21,M_5232
pdnc,qID,Q559-0,Mr. Elton,310392,310401,8,846,21,M_5233
exp,exp_name,jane,Jane,310412,310416,4,846,21,M_5234
booknlp,COREF,149,I,310419,310420,4,846,21,M_5235
booknlp,COREF,149,I,310430,310431,4,846,21,M_5236
booknlp,COREF,149,I,310457,310458,4,846,21,M_5237
booknlp,COREF,149,me,310491,310493,4,846,21,M_5238
pdnc,qID,Q560-0,he,310598,310600,8,847,21,M_5239
pdnc,qID,Q560-0,you,310635,310638,0,847,21,M_5240
pdnc,qID,Q560-0,Miss Woodhouse,310648,310662,0,847,21,M_5241
exp,exp_name,miss bates,Miss Bates,310671,310681,7,847,21,M_5242
pdnc,qID,Q560-1,Miss Hawkins,310709,310721,13,847,21,M_5243
pdnc,qID,Q560-1,Mrs. Cole,310815,310824,12,847,21,M_5244
exp,exp_name,mr. elton,Mr. Elton,310876,310885,8,847,21,M_5245
pdnc,qID,Q560-2,Mr. Elton,311090,311099,8,847,21,M_5246
pdnc,qID,Q560-2,Miss Woodhouse,311121,311135,0,847,21,M_5247
pdnc,qID,Q560-2,She,311176,311179,0,847,21,M_5248
pdnc,qID,Q560-2,Miss Smith,311229,311239,2,847,21,M_5249
pdnc,qID,Q560-2,She,311244,311247,2,847,21,M_5250
pdnc,qID,Q560-2,you,311280,311283,0,847,21,M_5251
pdnc,qID,Q560-2,Mrs. John Knightley,311295,311314,3,847,21,M_5252
pdnc,qID,Q560-2,Jane,311355,311359,4,847,21,M_5253
pdnc,qID,Q560-2,you,311364,311367,4,847,21,M_5254
pdnc,qID,Q560-2,Mr. John Knightley,311403,311421,5,847,21,M_5255
pdnc,qID,Q561-0,my dear aunt,311515,311527,7,848,21,M_5256
pdnc,qID,Q562-0,you,311688,311691,4,849,21,M_5257
booknlp,COREF,149,I,311785,311786,4,850,21,M_5258
pdnc,qID,Q563-0,you,311792,311795,7,850,21,M_5259
pdnc,qID,Q564-0,My dear,311813,311820,4,851,21,M_5260
pdnc,qID,Q564-0,you,311822,311825,4,851,21,M_5261
pdnc,qID,Q564-0,you,311892,311895,4,851,21,M_5262
booknlp,COREF,149,me,311921,311923,4,852,21,M_5263
booknlp,COREF,149,my,311925,311927,4,852,21,M_5264
booknlp,COREF,149,I,311961,311962,4,852,21,M_5265
booknlp,COREF,149,I,311978,311979,4,852,21,M_5266
booknlp,COREF,149,I,312020,312021,4,852,21,M_5267
booknlp,COREF,149,I,312032,312033,4,852,21,M_5268
booknlp,COREF,149,I,312069,312070,4,852,21,M_5269
pdnc,qID,Q566-0,my dear Jane,312098,312110,4,853,21,M_5270
pdnc,qID,Q566-0,grandmama,312183,312192,11,853,21,M_5271
pdnc,qID,Q566-0,You,312209,312212,0,853,21,M_5272
pdnc,qID,Q566-0,my dear Miss Woodhouse,312231,312253,0,853,21,M_5273
pdnc,qID,Q566-0,Mrs. Cole,312364,312373,12,853,21,M_5274
pdnc,qID,Q566-0,Jane,312418,312422,4,853,21,M_5275
pdnc,qID,Q566-0,you,312424,312427,4,853,21,M_5276
pdnc,qID,Q566-0,you,312474,312477,4,853,21,M_5277
pdnc,qID,Q566-0,she,312505,312508,4,853,21,M_5278
pdnc,qID,Q566-0,you,312551,312554,10,853,21,M_5279
pdnc,qID,Q566-0,we,312556,312558,7,853,21,M_5280
pdnc,qID,Q566-0,you,312748,312751,10,853,21,M_5281
pdnc,qID,Q566-0,my dear sir,312753,312764,10,853,21,M_5282
pdnc,qID,Q566-0,Mr. Knightley,312770,312783,6,853,21,M_5283
pdnc,qID,Q566-0,Jane,312836,312840,4,853,21,M_5284
pdnc,qID,Q566-0,you,312851,312854,6,853,21,M_5285
pdnc,qID,Q566-0,her,312882,312885,4,853,21,M_5286
pdnc,qID,Q566-0,Mr. Elton,312897,312906,8,853,21,M_5287
pdnc,qID,Q566-0,Miss Hawkins,312912,312924,13,853,21,M_5288
pdnc,qID,Q566-0,you,312943,312946,10,853,21,M_5289
exp,exp_name,emma,Emma,312950,312954,0,854,21,M_5290
booknlp,COREF,94,her,312967,312970,0,854,21,M_5291
booknlp,COREF,94,her,312988,312991,0,854,21,M_5292
booknlp,COREF,94,she,313134,313137,0,854,21,M_5293
booknlp,COREF,94,her,313152,313155,0,854,21,M_5294
booknlp,COREF,94,herself,313191,313198,0,854,21,M_5295
exp,exp_name,mr. elton,Mr. Elton,313260,313269,8,854,21,M_5296
booknlp,COREF,94,she,313304,313307,0,854,21,M_5297
exp,exp_name,harriet,Harriet,313322,313329,2,854,21,M_5298
exp,exp_name,harriet,Harriet,313331,313338,2,854,21,M_5299
booknlp,COREF,94,she,313366,313369,0,854,21,M_5300
booknlp,COREF,112,herself,313418,313425,2,854,21,M_5301
booknlp,COREF,94,her,313435,313438,0,854,21,M_5302
booknlp,COREF,94,she,313508,313511,0,854,21,M_5303
booknlp,COREF,94,she,313535,313538,0,854,21,M_5304
exp,exp_name,miss bates,Miss Bates,313552,313562,7,854,21,M_5305
booknlp,COREF,94,her,313566,313569,0,854,21,M_5306
exp,exp_name,emma,Emma,313608,313612,0,854,21,M_5307
booknlp,COREF,94,her,313671,313674,0,854,21,M_5308
booknlp,COREF,94,her,313748,313751,0,854,21,M_5309
exp,exp_name,harriet,Harriet,313859,313866,2,855,21,M_5310
pdnc,qID,Q567-0,Miss Woodhouse,313978,313992,0,855,21,M_5311
pdnc,qID,Q567-0,you,314002,314005,0,855,21,M_5312
exp,exp_name,emma,Emma,314131,314135,0,855,21,M_5313
booknlp,COREF,94,she,314146,314149,0,855,21,M_5314
exp,exp_name,harriet,Harriet,314209,314216,2,855,21,M_5315
booknlp,COREF,94,she,314254,314257,0,855,21,M_5316
booknlp,COREF,112,She,314272,314275,2,855,21,M_5317
booknlp,COREF,112,she,314326,314329,2,855,21,M_5318
booknlp,COREF,112,she,314361,314364,2,855,21,M_5319
booknlp,COREF,112,she,314418,314421,2,855,21,M_5320
booknlp,COREF,112,she,314430,314433,2,855,21,M_5321
booknlp,COREF,112,she,314464,314467,2,855,21,M_5322
booknlp,COREF,112,she,314517,314520,2,855,21,M_5323
booknlp,COREF,112,her,314591,314594,2,855,21,M_5324
booknlp,COREF,112,she,314596,314599,2,855,21,M_5325
booknlp,COREF,112,she,314608,314611,2,855,21,M_5326
booknlp,COREF,112,she,314666,314669,2,855,21,M_5327
booknlp,COREF,112,she,314723,314726,2,855,21,M_5328
booknlp,COREF,112,she,314758,314761,2,855,21,M_5329
booknlp,COREF,112,she,314790,314793,2,855,21,M_5330
booknlp,COREF,112,she,314822,314825,2,855,21,M_5331
exp,exp_name,ford,Ford,314853,314857,14,855,21,M_5332
exp,exp_name,ford,Ford,314863,314867,14,855,21,M_5333
booknlp,COREF,112,she,315014,315017,2,855,21,M_5334
exp,exp_name,ford,Ford,315197,315201,14,855,21,M_5335
pdnc,qID,Q568-0,Dear Miss Woodhouse,315264,315283,0,855,21,M_5336
pdnc,qID,Q568-0,"dear, Miss Woodhouse",315816,315836,0,855,21,M_5337
pdnc,qID,Q568-0,you,316082,316085,0,855,21,M_5338
pdnc,qID,Q568-0,Miss Woodhouse,316100,316114,0,855,21,M_5339
pdnc,qID,Q568-0,"Dear, Miss Woodhouse",316572,316592,0,855,21,M_5340
pdnc,qID,Q568-0,you,316804,316807,0,855,21,M_5341
pdnc,qID,Q568-0,you,316946,316949,0,855,21,M_5342
exp,exp_name,cole,Cole,317215,317219,12,855,21,M_5343
pdnc,qID,Q568-0,you,317389,317392,0,855,21,M_5344
pdnc,qID,Q568-0,Miss Woodhouse,317563,317577,0,855,21,M_5345
pdnc,qID,Q568-0,you,317639,317642,0,855,21,M_5346
pdnc,qID,Q568-0,Miss Woodhouse,317756,317770,0,855,21,M_5347
exp,exp_name,emma,Emma,317838,317842,0,856,21,M_5348
booknlp,COREF,94,her,317888,317891,0,856,21,M_5349
booknlp,COREF,94,She,317899,317902,0,856,21,M_5350
booknlp,COREF,94,She,317934,317937,0,856,21,M_5351
booknlp,COREF,94,herself,317969,317976,0,856,21,M_5352
booknlp,COREF,94,she,318060,318063,0,856,21,M_5353
exp,exp_name,harriet,Harriet,318092,318099,2,856,21,M_5354
booknlp,COREF,112,she,318218,318221,2,856,21,M_5355
booknlp,COREF,94,her,318419,318422,0,856,21,M_5356
exp,exp_name,harriet,Harriet,318541,318548,2,856,21,M_5357
exp,exp_name,harriet,Harriet,318600,318607,2,856,21,M_5358
booknlp,COREF,112,her,318681,318684,2,856,21,M_5359
booknlp,COREF,112,She,318694,318697,2,857,21,M_5360
booknlp,COREF,112,herself,318706,318713,2,857,21,M_5361
booknlp,COREF,112,her,318735,318738,2,857,21,M_5362
booknlp,COREF,112,she,318892,318895,2,858,21,M_5363
pdnc,qID,Q569-1,you,318902,318905,2,858,21,M_5364
pdnc,qID,Q569-1,you,319032,319035,2,858,21,M_5365
exp,exp_name,harriet,Harriet,319063,319070,2,859,21,M_5366
booknlp,COREF,112,she,319094,319097,2,859,21,M_5367
booknlp,COREF,112,she,319136,319139,2,859,21,M_5368
booknlp,COREF,112,she,319160,319163,2,859,21,M_5369
exp,exp_name,emma,Emma,319196,319200,0,859,21,M_5370
booknlp,COREF,94,her,319246,319249,0,859,21,M_5371
booknlp,COREF,94,she,319296,319299,0,859,21,M_5372
booknlp,COREF,94,herself,319362,319369,0,859,21,M_5373
exp,exp_name,harriet,Harriet,319458,319465,2,859,21,M_5374
exp,exp_name,mr. elton,Mr. Elton,319488,319497,8,859,21,M_5375
booknlp,COREF,112,her,319516,319519,2,859,21,M_5376
exp,exp_name,mr. elton,Mr. Elton,319522,319531,8,860,21,M_5377
booknlp,COREF,112,she,319577,319580,2,860,21,M_5378
booknlp,COREF,112,she,319620,319623,2,860,21,M_5379
booknlp,COREF,112,she,319750,319753,2,860,21,M_5380
booknlp,COREF,112,herself,319765,319772,2,860,21,M_5381
exp,exp_name,miss hawkins,Miss Hawkins,319870,319882,13,860,21,M_5382
booknlp,COREF,94,her,319955,319958,0,860,21,M_5383
exp,exp_name,emma,Emma,319967,319971,0,861,21,M_5384
exp,exp_name,harriet,Harriet,320133,320140,2,861,21,M_5385
booknlp,COREF,112,her,320181,320184,2,861,21,M_5386
booknlp,COREF,112,her,320202,320205,2,861,21,M_5387
booknlp,COREF,112,her,320286,320289,2,861,21,M_5388
booknlp,COREF,94,her,320301,320304,0,861,21,M_5389
exp,exp_name,miss hawkins,Miss Hawkins,320707,320719,13,864,22,M_5390
booknlp,COREF,193,she,320767,320770,13,864,22,M_5391
exp,exp_name,mr. elton,Mr. Elton,320938,320947,8,864,22,M_5392
booknlp,COREF,150,himself,320948,320955,8,864,22,M_5393
booknlp,COREF,150,his,320978,320981,8,864,22,M_5394
booknlp,COREF,193,her,321025,321028,13,864,22,M_5395
booknlp,COREF,150,him,321068,321071,8,864,22,M_5396
booknlp,COREF,193,her,321092,321095,13,864,22,M_5397
booknlp,COREF,193,she,321132,321135,13,864,22,M_5398
exp,exp_name,mr. elton,Mr. Elton,321157,321166,8,865,22,M_5399
booknlp,COREF,150,He,321195,321197,8,865,22,M_5400
booknlp,COREF,150,him,321309,321312,8,865,22,M_5401
booknlp,COREF,150,himself,321383,321390,8,865,22,M_5402
booknlp,COREF,150,He,321433,321435,8,865,22,M_5403
booknlp,COREF,150,he,321467,321469,8,865,22,M_5404
booknlp,COREF,150,He,321623,321625,8,865,22,M_5405
exp,exp_name,miss woodhouse,Miss Woodhouse,321695,321709,0,865,22,M_5406
exp,exp_name,miss smith,Miss Smith,321723,321733,2,865,22,M_5407
exp,exp_name,augusta hawkins,Augusta Hawkins,321749,321764,13,866,22,M_5408
booknlp,COREF,150,he,322007,322009,8,866,22,M_5409
booknlp,COREF,150,himself,322025,322032,8,866,22,M_5410
booknlp,COREF,150,he,322039,322041,8,866,22,M_5411
booknlp,COREF,150,he,322094,322096,8,866,22,M_5412
booknlp,COREF,150,he,322249,322251,8,866,22,M_5413
exp,exp_name,mrs. cole,Mrs. Cole,322264,322273,12,866,22,M_5414
booknlp,COREF,150,him,322670,322673,8,866,22,M_5415
booknlp,COREF,150,He,322725,322727,8,867,22,M_5416
booknlp,COREF,150,he,322821,322823,8,867,22,M_5417
booknlp,COREF,150,himself,322853,322860,8,867,22,M_5418
booknlp,COREF,150,his,322865,322868,8,867,22,M_5419
booknlp,COREF,150,he,323050,323052,8,867,22,M_5420
booknlp,COREF,150,he,323240,323242,8,868,22,M_5421
exp,exp_name,mrs. cole,Mrs. Cole,323326,323335,12,868,22,M_5422
booknlp,COREF,150,he,323376,323378,8,868,22,M_5423
booknlp,COREF,150,he,323401,323403,8,868,22,M_5424
booknlp,COREF,150,his,323416,323419,8,868,22,M_5425
booknlp,COREF,150,his,323435,323438,8,869,22,M_5426
exp,exp_name,emma,Emma,323459,323463,0,869,22,M_5427
booknlp,COREF,150,him,323480,323483,8,869,22,M_5428
booknlp,COREF,94,her,323554,323557,0,869,22,M_5429
booknlp,COREF,150,his,323576,323579,8,869,22,M_5430
booknlp,COREF,150,his,323655,323658,8,869,22,M_5431
booknlp,COREF,94,She,323664,323667,0,869,22,M_5432
booknlp,COREF,94,she,323717,323720,0,869,22,M_5433
booknlp,COREF,150,him,323738,323741,8,869,22,M_5434
booknlp,COREF,150,his,323763,323766,8,869,22,M_5435
booknlp,COREF,94,her,323933,323936,0,869,22,M_5436
booknlp,COREF,94,she,323947,323950,0,869,22,M_5437
booknlp,COREF,150,him,324006,324009,8,869,22,M_5438
booknlp,COREF,94,She,324017,324020,0,869,22,M_5439
booknlp,COREF,150,him,324028,324031,8,869,22,M_5440
booknlp,COREF,150,he,324047,324049,8,869,22,M_5441
booknlp,COREF,94,her,324055,324058,0,869,22,M_5442
booknlp,COREF,150,his,324069,324072,8,869,22,M_5443
booknlp,COREF,150,his,324147,324150,8,870,22,M_5444
booknlp,COREF,150,his,324223,324226,8,870,22,M_5445
exp,exp_name,emma,Emma,324511,324515,0,871,22,M_5446
exp,exp_name,mr. elton,Mr. Elton,324561,324570,8,871,22,M_5447
exp,exp_name,harriet,Harriet,324661,324668,2,871,22,M_5448
exp,exp_name,emma,Emma,324700,324704,0,871,22,M_5449
booknlp,COREF,150,his,324751,324754,8,871,22,M_5450
exp,exp_name,harriet,Harriet,324789,324796,2,871,22,M_5451
booknlp,COREF,150,he,324798,324800,8,871,22,M_5452
exp,exp_name,harriet,Harriet,325006,325013,2,871,22,M_5453
exp,exp_name,miss hawkins,Miss Hawkins,325070,325082,13,871,22,M_5454
booknlp,COREF,193,she,325368,325371,13,871,22,M_5455
booknlp,COREF,193,her,325420,325423,13,871,22,M_5456
exp,exp_name,emma,Emma,325678,325682,0,871,22,M_5457
exp,exp_name,miss hawkins,Miss Hawkins,325995,326007,13,871,22,M_5458
booknlp,COREF,94,she,326016,326019,0,872,22,M_5459
exp,exp_name,harriet,Harriet,326035,326042,2,872,22,M_5460
booknlp,COREF,94,her,326043,326046,0,872,22,M_5461
booknlp,COREF,94,She,326070,326073,0,872,22,M_5462
booknlp,COREF,112,her,326085,326088,2,872,22,M_5463
booknlp,COREF,112,she,326111,326114,2,872,22,M_5464
exp,exp_name,harriet,Harriet,326212,326219,2,872,22,M_5465
booknlp,COREF,112,she,326409,326412,2,872,22,M_5466
booknlp,COREF,112,her,326432,326435,2,872,22,M_5467
exp,exp_name,harriet,Harriet,326437,326444,2,872,22,M_5468
booknlp,COREF,112,she,326532,326535,2,872,22,M_5469
exp,exp_name,mr. elton,Mr. Elton,326585,326594,8,872,22,M_5470
booknlp,COREF,112,She,326596,326599,2,872,22,M_5471
booknlp,COREF,150,him,326631,326634,8,872,22,M_5472
exp,exp_name,emma,Emma,326655,326659,0,872,22,M_5473
booknlp,COREF,150,him,326664,326667,8,872,22,M_5474
exp,exp_name,harriet,Harriet,326712,326719,2,872,22,M_5475
booknlp,COREF,150,him,326749,326752,8,872,22,M_5476
booknlp,COREF,150,him,326772,326775,8,872,22,M_5477
booknlp,COREF,150,his,326792,326795,8,872,22,M_5478
booknlp,COREF,150,his,326810,326813,8,872,22,M_5479
booknlp,COREF,150,him,326867,326870,8,872,22,M_5480
booknlp,COREF,112,her,326874,326877,2,872,22,M_5481
booknlp,COREF,112,She,326941,326944,2,872,22,M_5482
booknlp,COREF,150,him,326986,326989,8,872,22,M_5483
booknlp,COREF,112,she,327025,327028,2,872,22,M_5484
exp,exp_name,mr. elton,Mr. Elton,327072,327081,8,872,22,M_5485
booknlp,COREF,150,his,327137,327140,8,872,22,M_5486
booknlp,COREF,150,his,327267,327270,8,872,22,M_5487
booknlp,COREF,112,her,327363,327366,2,872,22,M_5488
booknlp,COREF,112,Her,327368,327371,2,872,22,M_5489
booknlp,COREF,150,him,327426,327429,8,872,22,M_5490
booknlp,COREF,112,her,327435,327438,2,872,22,M_5491
exp,exp_name,miss hawkins,Miss Hawkins,327510,327522,13,872,22,M_5492
booknlp,COREF,150,he,327575,327577,8,872,22,M_5493
booknlp,COREF,150,he,327607,327609,8,872,22,M_5494
booknlp,COREF,150,his,327651,327654,8,872,22,M_5495
booknlp,COREF,150,he,327691,327693,8,872,22,M_5496
booknlp,COREF,112,her,327771,327774,2,873,22,M_5497
booknlp,COREF,112,herself,327798,327805,2,873,22,M_5498
exp,exp_name,harriet,Harriet,327827,327834,2,873,22,M_5499
exp,exp_name,emma,Emma,327843,327847,0,873,22,M_5500
exp,exp_name,mr. elton,Mr. Elton,327900,327909,8,873,22,M_5501
exp,exp_name,mr. elton,Mr. Elton,328005,328014,8,873,22,M_5502
exp,exp_name,harriet,Harriet,328246,328253,2,873,22,M_5503
booknlp,COREF,112,her,328318,328321,2,873,22,M_5504
exp,exp_name,mr. elton,Mr. Elton,328428,328437,8,873,22,M_5505
booknlp,COREF,150,himself,328438,328445,8,873,22,M_5506
booknlp,COREF,112,she,328456,328459,2,873,22,M_5507
booknlp,COREF,112,she,328575,328578,2,873,22,M_5508
exp,exp_name,mr. elton,Mr. Elton,328601,328610,8,873,22,M_5509
booknlp,COREF,150,he,328661,328663,8,873,22,M_5510
booknlp,COREF,150,his,328726,328729,8,873,22,M_5511
exp,exp_name,emma,Emma,328758,328762,0,873,22,M_5512
booknlp,COREF,94,her,328832,328835,0,873,22,M_5513
booknlp,COREF,94,she,329193,329196,0,875,22,M_5514
exp,exp_name,harriet,Harriet,329237,329244,2,875,22,M_5515
booknlp,COREF,94,She,329381,329384,0,875,22,M_5516
booknlp,COREF,112,her,329399,329402,2,875,22,M_5517
booknlp,COREF,112,her,329426,329429,2,875,22,M_5518
booknlp,COREF,94,she,329455,329458,0,875,22,M_5519
booknlp,COREF,112,her,329496,329499,2,875,22,M_5520
booknlp,COREF,94,She,329687,329690,0,876,22,M_5521
booknlp,COREF,94,her,329765,329768,0,876,22,M_5522
exp,exp_name,harriet,Harriet,329886,329893,2,876,22,M_5523
exp,exp_name,harriet,Harriet,329926,329933,2,878,23,M_5524
booknlp,COREF,94,her,329973,329976,0,878,23,M_5525
booknlp,COREF,112,her,329995,329998,2,878,23,M_5526
booknlp,COREF,94,her,330018,330021,0,878,23,M_5527
booknlp,COREF,112,her,330041,330044,2,878,23,M_5528
exp,exp_name,elton,Elton,330123,330128,8,878,23,M_5529
booknlp,COREF,112,She,330373,330376,2,879,23,M_5530
booknlp,COREF,112,she,330428,330431,2,879,23,M_5531
booknlp,COREF,112,her,330594,330597,2,879,23,M_5532
exp,exp_name,emma,Emma,330706,330710,0,879,23,M_5533
booknlp,COREF,112,her,330720,330723,2,879,23,M_5534
booknlp,COREF,112,her,330796,330799,2,879,23,M_5535
booknlp,COREF,112,She,330866,330869,2,879,23,M_5536
booknlp,COREF,112,herself,330878,330885,2,879,23,M_5537
booknlp,COREF,112,her,331007,331010,2,880,23,M_5538
exp,exp_name,miss smith,Miss Smith,331051,331061,2,880,23,M_5539
booknlp,COREF,112,her,331072,331075,2,880,23,M_5540
booknlp,COREF,112,her,331094,331097,2,880,23,M_5541
booknlp,COREF,112,She,331155,331158,2,880,23,M_5542
booknlp,COREF,112,her,331256,331259,2,880,23,M_5543
exp,exp_name,harriet,Harriet,331298,331305,2,881,23,M_5544
booknlp,COREF,112,She,331356,331359,2,881,23,M_5545
exp,exp_name,emma,Emma,331394,331398,0,881,23,M_5546
booknlp,COREF,112,her,331414,331417,2,881,23,M_5547
booknlp,COREF,94,She,331498,331501,0,881,23,M_5548
booknlp,COREF,94,her,331565,331568,0,881,23,M_5549
exp,exp_name,miss smith,Miss Smith,331755,331765,2,881,23,M_5550
booknlp,COREF,94,she,331859,331862,0,881,23,M_5551
booknlp,COREF,94,her,331902,331905,0,881,23,M_5552
exp,exp_name,harriet,Harriet,332242,332249,2,881,23,M_5553
exp,exp_name,emma,Emma,332254,332258,0,881,23,M_5554
booknlp,COREF,94,she,332504,332507,0,881,23,M_5555
exp,exp_name,emma,Emma,332561,332565,0,881,23,M_5556
exp,exp_name,harriet,Harriet,332649,332656,2,881,23,M_5557
booknlp,COREF,94,She,332693,332696,0,881,23,M_5558
booknlp,COREF,94,she,332900,332903,0,881,23,M_5559
booknlp,COREF,94,herself,333047,333054,0,881,23,M_5560
booknlp,COREF,94,she,333074,333077,0,881,23,M_5561
booknlp,COREF,94,Her,333188,333191,0,881,23,M_5562
exp,exp_name,mr. elton,Mr. Elton,333215,333224,8,881,23,M_5563
exp,exp_name,emma,Emma,333511,333515,0,883,23,M_5564
booknlp,COREF,94,I,333607,333608,0,883,23,M_5565
booknlp,COREF,94,she,333641,333644,0,883,23,M_5566
booknlp,COREF,94,her,333683,333686,0,883,23,M_5567
booknlp,COREF,94,she,333838,333841,0,883,23,M_5568
exp,exp_name,mrs. weston,Mrs. Weston,333877,333888,15,883,23,M_5569
booknlp,COREF,94,her,333920,333923,0,883,23,M_5570
exp,exp_name,mr. weston,Mr. Weston,334028,334038,9,883,23,M_5571
booknlp,COREF,94,her,334060,334063,0,883,23,M_5572
booknlp,COREF,94,your,334126,334130,0,884,23,M_5573
pdnc,qID,Q572-0,Frank,334164,334169,1,884,23,M_5574
booknlp,COREF,86,I,334187,334188,9,884,23,M_5575
pdnc,qID,Q572-0,him,334223,334226,1,884,23,M_5576
pdnc,qID,Q572-0,he,334268,334270,1,884,23,M_5577
pdnc,qID,Q572-0,he,334296,334298,1,884,23,M_5578
booknlp,COREF,86,I,334328,334329,9,884,23,M_5579
pdnc,qID,Q572-0,he,334354,334356,1,884,23,M_5580
pdnc,qID,Q572-0,he,334379,334381,1,884,23,M_5581
booknlp,COREF,86,I,334415,334416,9,884,23,M_5582
pdnc,qID,Q572-0,he,334433,334435,1,884,23,M_5583
pdnc,qID,Q572-0,him,334515,334518,1,884,23,M_5584
pdnc,qID,Q572-0,him,334563,334566,1,884,23,M_5585
exp,exp_name,mr. weston,Mr. Weston,334733,334743,9,885,23,M_5586
booknlp,COREF,86,his,334807,334810,9,885,23,M_5587
booknlp,COREF,86,his,334892,334895,9,885,23,M_5588
exp,exp_name,emma,Emma,334930,334934,0,885,23,M_5589
booknlp,COREF,94,she,334969,334972,0,885,23,M_5590
booknlp,COREF,94,she,335166,335169,0,885,23,M_5591
exp,exp_name,mr. elton,Mr. Elton,335176,335185,8,885,23,M_5592
exp,exp_name,mr. weston,Mr. Weston,335219,335229,9,886,23,M_5593
booknlp,COREF,94,her,335235,335238,0,886,23,M_5594
booknlp,COREF,86,his,335297,335300,9,886,23,M_5595
booknlp,COREF,86,his,335349,335352,9,886,23,M_5596
booknlp,COREF,86,his,335401,335404,9,886,23,M_5597
booknlp,COREF,94,she,335418,335421,0,886,23,M_5598
booknlp,COREF,86,I,335465,335466,9,887,23,M_5599
pdnc,qID,Q573-0,him,335484,335487,1,887,23,M_5600
booknlp,COREF,86,he,335513,335515,9,887,23,M_5601
exp,exp_name,emma,Emma,335537,335541,0,888,23,M_5602
booknlp,COREF,94,she,335556,335559,0,888,23,M_5603
booknlp,COREF,86,his,335604,335607,9,888,23,M_5604
pdnc,qID,Q574-0,Mr. Weston,335639,335649,9,889,23,M_5605
booknlp,COREF,94,she,335657,335660,0,889,23,M_5606
booknlp,COREF,94,I,335706,335707,0,890,23,M_5607
exp,exp_name,emma,Emma,335741,335745,0,890,23,M_5608
pdnc,qID,Q576-0,you,335752,335755,0,890,23,M_5609
pdnc,qID,Q576-0,you,335808,335811,0,890,23,M_5610
booknlp,COREF,86,my,335827,335829,9,890,23,M_5611
pdnc,qID,Q576-0,you,335839,335842,0,890,23,M_5612
booknlp,COREF,86,I,335849,335850,9,890,23,M_5613
pdnc,qID,Q576-0,he,335860,335862,1,890,23,M_5614
booknlp,COREF,86,his,335905,335908,9,890,23,M_5615
exp,exp_name,emma,Emma,335986,335990,0,891,23,M_5616
pdnc,qID,Q577-0,my dear Emma,336113,336125,0,892,23,M_5617
exp,exp_name,mrs. weston,Mrs. Weston,336152,336163,15,892,23,M_5618
booknlp,COREF,94,her,336231,336234,0,892,23,M_5619
pdnc,qID,Q578-0,he,336268,336270,1,893,23,M_5620
exp,exp_name,mr. weston,Mr. Weston,336299,336309,9,893,23,M_5621
exp,exp_name,emma,Emma,336371,336375,0,893,23,M_5622
booknlp,COREF,94,she,336521,336524,0,893,23,M_5623
booknlp,COREF,94,she,336547,336550,0,893,23,M_5624
booknlp,COREF,94,she,336612,336615,0,893,23,M_5625
exp,exp_name,harriet,Harriet,336632,336639,2,893,23,M_5626
booknlp,COREF,94,she,336641,336644,0,893,23,M_5627
pdnc,qID,Q579-0,Mr. Frank Churchill,336716,336735,1,894,23,M_5628
exp,exp_name,emma,Emma,336894,336898,0,895,23,M_5629
exp,exp_name,mrs. weston,Mrs. Weston,337015,337026,15,896,23,M_5630
pdnc,qID,Q580-0,"My dear, dear anxious friend",337144,337172,15,897,23,M_5631
booknlp,COREF,94,she,337181,337184,0,897,23,M_5632
booknlp,COREF,94,her,337237,337240,0,897,23,M_5633
pdnc,qID,Q580-1,your,337300,337304,15,897,23,M_5634
booknlp,COREF,94,I,337310,337311,0,897,23,M_5635
pdnc,qID,Q580-1,you,337316,337319,15,897,23,M_5636
pdnc,qID,Q580-1,your,337331,337335,15,897,23,M_5637
pdnc,qID,Q580-1,his,337379,337382,1,897,23,M_5638
booknlp,COREF,94,she,337448,337451,0,897,23,M_5639
booknlp,COREF,94,I,337491,337492,0,897,23,M_5640
pdnc,qID,Q580-2,you,337522,337525,15,897,23,M_5641
booknlp,COREF,94,I,337600,337601,0,897,23,M_5642
booknlp,COREF,94,I,337664,337665,0,897,23,M_5643
pdnc,qID,Q580-2,him,337690,337693,1,897,23,M_5644
booknlp,COREF,94,She,337702,337705,0,898,23,M_5645
booknlp,COREF,94,her,337766,337769,0,898,23,M_5646
exp,exp_name,mr. weston,Mr. Weston,337778,337788,9,898,23,M_5647
booknlp,COREF,86,his,337793,337796,9,898,23,M_5648
exp,exp_name,mr. weston,Mr. Weston,337848,337858,9,898,23,M_5649
booknlp,COREF,86,his,337881,337884,9,898,23,M_5650
exp,exp_name,frank,Frank,337900,337905,1,898,23,M_5651
booknlp,COREF,86,his,337927,337930,9,898,23,M_5652
booknlp,COREF,94,her,337941,337944,0,898,23,M_5653
booknlp,COREF,94,she,338025,338028,0,898,23,M_5654
booknlp,COREF,94,her,338047,338050,0,898,23,M_5655
exp,exp_name,frank churchill,Frank Churchill,338103,338118,1,899,23,M_5656
booknlp,COREF,94,her,338179,338182,0,899,23,M_5657
booknlp,COREF,103,he,338184,338186,1,899,23,M_5658
booknlp,COREF,94,her,338204,338207,0,899,23,M_5659
booknlp,COREF,94,she,338213,338216,0,899,23,M_5660
booknlp,COREF,103,his,338257,338260,1,899,23,M_5661
booknlp,COREF,103,he,338269,338271,1,899,23,M_5662
booknlp,COREF,103,his,338361,338364,1,899,23,M_5663
booknlp,COREF,103,his,338426,338429,1,899,23,M_5664
booknlp,COREF,103,he,338440,338442,1,899,23,M_5665
booknlp,COREF,94,She,338470,338473,0,899,23,M_5666
booknlp,COREF,94,she,338496,338499,0,899,23,M_5667
booknlp,COREF,103,him,338512,338515,1,899,23,M_5668
booknlp,COREF,94,her,338600,338603,0,899,23,M_5669
booknlp,COREF,103,he,338609,338611,1,899,23,M_5670
booknlp,COREF,94,her,338649,338652,0,899,23,M_5671
booknlp,COREF,103,He,338694,338696,1,900,23,M_5672
booknlp,COREF,94,She,338738,338741,0,900,23,M_5673
booknlp,COREF,103,him,338798,338801,1,900,23,M_5674
booknlp,COREF,103,his,338808,338811,1,900,23,M_5675
booknlp,COREF,103,he,338863,338865,1,900,23,M_5676
booknlp,COREF,86,I,338891,338892,9,901,23,M_5677
pdnc,qID,Q581-0,you,338898,338901,0,901,23,M_5678
exp,exp_name,mr. weston,Mr. Weston,338920,338930,9,901,23,M_5679
booknlp,COREF,86,I,338949,338950,9,901,23,M_5680
booknlp,COREF,94,you,338956,338959,0,901,23,M_5681
pdnc,qID,Q581-1,he,338969,338971,1,901,23,M_5682
booknlp,COREF,86,I,339009,339010,9,901,23,M_5683
booknlp,COREF,86,I,339027,339028,9,901,23,M_5684
booknlp,COREF,86,myself,339040,339046,9,901,23,M_5685
exp,exp_name,emma,Emma,339539,339543,0,903,23,M_5686
exp,exp_name,emma,Emma,340133,340137,0,903,23,M_5687
exp,exp_name,mrs. weston,Mrs. Weston,341300,341311,15,905,23,M_5688
exp,exp_name,miss taylor,Miss Taylor,341719,341730,15,906,23,M_5689
exp,exp_name,miss taylor,Miss Taylor,341843,341854,15,906,23,M_5690
exp,exp_name,miss woodhouse,Miss Woodhouse,341866,341880,0,906,23,M_5691
exp,exp_name,miss woodhouse,Miss Woodhouse,341899,341913,0,906,23,M_5692
exp,exp_name,miss taylor,Miss Taylor,341914,341925,15,906,23,M_5693
pdnc,qID,Q583-1,Mrs. Weston,342350,342361,15,907,23,M_5694
pdnc,qID,Q584-0,You,342366,342369,1,908,23,M_5695
pdnc,qID,Q584-0,Mrs. Weston,342404,342415,15,908,23,M_5696
booknlp,COREF,94,my,342420,342422,0,908,23,M_5697
exp,exp_name,emma,Emma,342440,342444,0,908,23,M_5698
pdnc,qID,Q584-1,you,342452,342455,1,908,23,M_5699
pdnc,qID,Q584-1,her,342465,342468,15,908,23,M_5700
booknlp,COREF,94,I,342487,342488,0,908,23,M_5701
pdnc,qID,Q584-1,she,342523,342526,15,908,23,M_5702
pdnc,qID,Q584-1,you,342559,342562,1,908,23,M_5703
pdnc,qID,Q584-1,her,342595,342598,15,908,23,M_5704
pdnc,qID,Q584-1,you,342612,342615,1,908,23,M_5705
pdnc,qID,Q584-1,her,342631,342634,15,908,23,M_5706
pdnc,qID,Q585-2,Mrs. Weston,342767,342778,15,909,23,M_5707
exp,exp_name,emma,Emma,342882,342886,0,910,23,M_5708
booknlp,COREF,94,her,343017,343020,0,910,23,M_5709
booknlp,COREF,94,She,343148,343151,0,910,23,M_5710
booknlp,COREF,94,she,343208,343211,0,910,23,M_5711
booknlp,COREF,94,She,343244,343247,0,911,23,M_5712
exp,exp_name,mr. weston,Mr. Weston,343269,343279,9,911,23,M_5713
booknlp,COREF,94,she,343320,343323,0,911,23,M_5714
booknlp,COREF,94,she,343449,343452,0,911,23,M_5715
booknlp,COREF,94,Her,343497,343500,0,912,23,M_5716
booknlp,COREF,94,She,344016,344019,0,912,23,M_5717
exp,exp_name,mr. frank churchill,Mr. Frank Churchill,344265,344284,1,912,23,M_5718
exp,exp_name,mr. weston,Mr. Weston,344593,344603,9,913,23,M_5719
booknlp,COREF,86,He,344639,344641,9,913,23,M_5720
booknlp,COREF,86,his,344674,344677,9,913,23,M_5721
exp,exp_name,mrs. weston,Mrs. Weston,344712,344723,15,913,23,M_5722
exp,exp_name,ford,Ford,344727,344731,14,913,23,M_5723
booknlp,COREF,86,he,344739,344741,9,913,23,M_5724
booknlp,COREF,86,His,344773,344776,9,913,23,M_5725
pdnc,qID,Q586-0,you,344850,344853,9,914,23,M_5726
pdnc,qID,Q586-0,sir,344885,344888,9,914,23,M_5727
exp,exp_name,emma,Emma,345091,345095,0,914,23,M_5728
exp,exp_name,fairfax,Fairfax,345159,345166,4,914,23,M_5729
exp,exp_name,fairfax,Fairfax,345236,345243,4,914,23,M_5730
booknlp,COREF,86,you,345321,345324,9,914,23,M_5731
pdnc,qID,Q587-1,Mrs. Bates,345396,345406,11,915,23,M_5732
booknlp,COREF,111,her,345418,345421,11,915,23,M_5733
pdnc,qID,Q587-1,Miss Bates,345435,345445,7,915,23,M_5734
pdnc,qID,Q587-1,you,345473,345476,1,915,23,M_5735
pdnc,qID,Q587-1,Miss Fairfax,345497,345509,4,915,23,M_5736
pdnc,qID,Q587-1,you,345522,345525,1,915,23,M_5737
pdnc,qID,Q587-1,her,345531,345534,4,915,23,M_5738
pdnc,qID,Q587-1,she,345564,345567,4,915,23,M_5739
pdnc,qID,Q587-1,her,345582,345585,4,915,23,M_5740
pdnc,qID,Q589-0,you,345891,345894,1,917,23,M_5741
pdnc,qID,Q589-0,Frank,345903,345908,1,917,23,M_5742
pdnc,qID,Q589-0,her,345935,345938,4,917,23,M_5743
pdnc,qID,Q589-0,You,345975,345978,1,917,23,M_5744
pdnc,qID,Q589-0,her,345983,345986,4,917,23,M_5745
pdnc,qID,Q589-0,she,346012,346015,4,917,23,M_5746
pdnc,qID,Q589-0,she,346044,346047,4,917,23,M_5747
pdnc,qID,Q589-0,she,346069,346072,4,917,23,M_5748
pdnc,qID,Q589-0,a poor old grandmother,346081,346103,11,917,23,M_5749
pdnc,qID,Q589-0,you,346142,346145,1,917,23,M_5750
booknlp,COREF,94,I,346215,346216,0,919,23,M_5751
pdnc,qID,Q590-0,her,346228,346231,4,919,23,M_5752
exp,exp_name,emma,Emma,346265,346269,0,919,23,M_5753
pdnc,qID,Q590-1,she,346272,346275,4,919,23,M_5754
booknlp,COREF,94,her,346365,346368,0,920,23,M_5755
exp,exp_name,jane fairfax,Jane Fairfax,346492,346504,4,920,23,M_5756
pdnc,qID,Q592-0,you,346559,346562,1,921,23,M_5757
pdnc,qID,Q592-0,her,346597,346600,4,921,23,M_5758
booknlp,COREF,94,she,346623,346626,0,921,23,M_5759
booknlp,COREF,94,I,346629,346630,0,921,23,M_5760
pdnc,qID,Q592-1,you,346637,346640,1,921,23,M_5761
pdnc,qID,Q592-1,You,346654,346657,1,921,23,M_5762
pdnc,qID,Q592-1,her,346667,346670,4,921,23,M_5763
pdnc,qID,Q592-1,her,346689,346692,4,921,23,M_5764
pdnc,qID,Q592-1,her,346702,346705,4,921,23,M_5765
booknlp,COREF,94,I,346711,346712,0,921,23,M_5766
pdnc,qID,Q592-1,you,346723,346726,1,921,23,M_5767
pdnc,qID,Q592-1,her,346741,346744,4,921,23,M_5768
pdnc,qID,Q592-1,she,346757,346760,4,921,23,M_5769
pdnc,qID,Q592-1,an aunt,346765,346772,7,921,23,M_5770
pdnc,qID,Q592-1,her,346789,346792,7,921,23,M_5771
pdnc,qID,Q593-0,You,346804,346807,1,922,23,M_5772
pdnc,qID,Q593-0,Miss Jane Fairfax,346828,346845,4,922,23,M_5773
pdnc,qID,Q593-0,sir,346847,346850,1,922,23,M_5774
pdnc,qID,Q593-0,you,346856,346859,1,922,23,M_5775
exp,exp_name,mr. woodhouse,Mr. Woodhouse,346867,346880,10,922,23,M_5776
booknlp,COREF,85,his,346906,346909,10,922,23,M_5777
booknlp,COREF,85,me,346942,346944,10,922,23,M_5778
pdnc,qID,Q593-1,you,346961,346964,1,922,23,M_5779
pdnc,qID,Q593-1,you,346970,346973,1,922,23,M_5780
pdnc,qID,Q593-1,her,346984,346987,4,922,23,M_5781
pdnc,qID,Q593-1,She,347017,347020,4,922,23,M_5782
pdnc,qID,Q593-1,her grandmama,347051,347064,11,922,23,M_5783
pdnc,qID,Q593-1,aunt,347069,347073,7,922,23,M_5784
booknlp,COREF,85,I,347095,347096,10,922,23,M_5785
booknlp,COREF,85,my,347117,347119,10,922,23,M_5786
pdnc,qID,Q593-1,you,347161,347164,1,922,23,M_5787
booknlp,COREF,85,I,347166,347167,10,922,23,M_5788
booknlp,COREF,85,my,347188,347190,10,922,23,M_5789
pdnc,qID,Q593-1,you,347214,347217,1,922,23,M_5790
pdnc,qID,Q593-1,you,347226,347229,1,922,23,M_5791
pdnc,qID,Q594-0,My dear sir,347242,347253,10,923,23,M_5792
pdnc,qID,Q594-0,my father,347285,347294,9,923,23,M_5793
booknlp,COREF,103,me,347306,347308,1,923,23,M_5794
pdnc,qID,Q595-0,your father,347317,347328,9,924,23,M_5795
pdnc,qID,Q595-0,he,347350,347352,9,924,23,M_5796
pdnc,qID,Q595-0,you,347455,347458,1,924,23,M_5797
pdnc,qID,Q595-0,you,347525,347528,1,924,23,M_5798
booknlp,COREF,85,my,347555,347557,10,924,23,M_5799
pdnc,qID,Q595-0,you,347576,347579,1,924,23,M_5800
pdnc,qID,Q595-0,you,347586,347589,1,924,23,M_5801
exp,exp_name,mr. frank churchill,Mr. Frank Churchill,347619,347638,1,925,23,M_5802
booknlp,COREF,103,he,347680,347682,1,925,23,M_5803
booknlp,COREF,103,his,347694,347697,1,925,23,M_5804
pdnc,qID,Q596-0,My good friend,347746,347760,10,925,23,M_5805
pdnc,qID,Q596-0,Frank,347789,347794,1,925,23,M_5806
pdnc,qID,Q596-0,he,347824,347826,1,925,23,M_5807
pdnc,qID,Q596-0,Mrs. Bates,347846,347856,11,925,23,M_5808
pdnc,qID,Q596-0,he,347860,347862,1,925,23,M_5809
exp,exp_name,emma,Emma,348051,348055,0,926,23,M_5810
exp,exp_name,mr. frank churchill,Mr. Frank Churchill,348279,348298,1,928,24,M_5811
booknlp,COREF,103,He,348306,348308,1,928,24,M_5812
exp,exp_name,mrs. weston,Mrs. Weston,348319,348330,15,928,24,M_5813
booknlp,COREF,103,he,348356,348358,1,928,24,M_5814
booknlp,COREF,103,He,348390,348392,1,928,24,M_5815
booknlp,COREF,103,him,348653,348656,1,928,24,M_5816
booknlp,COREF,103,he,348658,348660,1,928,24,M_5817
booknlp,COREF,103,his,348755,348758,1,928,24,M_5818
exp,exp_name,mrs. weston,Mrs. Weston,348797,348808,15,928,24,M_5819
booknlp,COREF,103,him,348889,348892,1,928,24,M_5820
exp,exp_name,emma,Emma,348925,348929,0,929,24,M_5821
exp,exp_name,mr. weston,Mr. Weston,348960,348970,9,929,24,M_5822
booknlp,COREF,86,his,349031,349034,9,929,24,M_5823
booknlp,COREF,103,him,349225,349228,1,929,24,M_5824
booknlp,COREF,103,him,349258,349261,1,929,24,M_5825
exp,exp_name,mrs. weston,Mrs. Weston,349278,349289,15,929,24,M_5826
booknlp,COREF,103,his,349296,349299,1,929,24,M_5827
booknlp,COREF,103,him,349333,349336,1,929,24,M_5828
booknlp,COREF,103,he,349355,349357,1,929,24,M_5829
booknlp,COREF,103,he,349540,349542,1,929,24,M_5830
booknlp,COREF,103,his,349548,349551,1,929,24,M_5831
booknlp,COREF,103,his,349604,349607,1,929,24,M_5832
booknlp,COREF,103,his,349665,349668,1,929,24,M_5833
exp,exp_name,emma,Emma,349763,349767,0,929,24,M_5834
booknlp,COREF,103,He,349985,349987,1,929,24,M_5835
booknlp,COREF,93,Hartfield,350028,350037,0,929,24,M_5836
exp,exp_name,mr. woodhouse,Mr. Woodhouse,350055,350068,10,929,24,M_5837
booknlp,COREF,103,his,350132,350135,1,929,24,M_5838
exp,exp_name,emma,Emma,350251,350255,0,929,24,M_5839
booknlp,COREF,103,his,350301,350304,1,930,24,M_5840
booknlp,COREF,103,He,350344,350346,1,930,24,M_5841
booknlp,COREF,103,his,350382,350385,1,930,24,M_5842
booknlp,COREF,103,his,350446,350449,1,930,24,M_5843
booknlp,COREF,103,him,350520,350523,1,930,24,M_5844
booknlp,COREF,103,he,350802,350804,1,930,24,M_5845
exp,exp_name,emma,Emma,350816,350820,0,931,24,M_5846
booknlp,COREF,103,he,350922,350924,1,931,24,M_5847
booknlp,COREF,103,himself,350961,350968,1,931,24,M_5848
booknlp,COREF,103,he,350975,350977,1,931,24,M_5849
exp,exp_name,mr. knightley,Mr. Knightley,351060,351073,6,931,24,M_5850
booknlp,COREF,103,him,351097,351100,1,931,24,M_5851
booknlp,COREF,103,his,351344,351347,1,932,24,M_5852
booknlp,COREF,103,He,351862,351864,1,932,24,M_5853
booknlp,COREF,103,him,351929,351932,1,932,24,M_5854
booknlp,COREF,103,he,351961,351963,1,932,24,M_5855
booknlp,COREF,103,He,352144,352146,1,932,24,M_5856
booknlp,COREF,103,he,352173,352175,1,932,24,M_5857
exp,exp_name,miss woodhouse,Miss Woodhouse,352407,352421,0,932,24,M_5858
booknlp,COREF,103,he,352672,352674,1,932,24,M_5859
booknlp,COREF,103,He,352694,352696,1,932,24,M_5860
booknlp,COREF,103,he,352756,352758,1,932,24,M_5861
booknlp,COREF,103,him,352770,352773,1,932,24,M_5862
booknlp,COREF,103,he,352889,352891,1,932,24,M_5863
booknlp,COREF,103,He,353097,353099,1,932,24,M_5864
exp,exp_name,emma,Emma,353155,353159,0,932,24,M_5865
exp,exp_name,weston,Weston,353212,353218,9,932,24,M_5866
booknlp,COREF,103,He,353278,353280,1,932,24,M_5867
booknlp,COREF,103,his,353367,353370,1,932,24,M_5868
booknlp,COREF,103,his,353483,353486,1,932,24,M_5869
booknlp,COREF,103,He,353565,353567,1,932,24,M_5870
booknlp,COREF,103,he,353608,353610,1,932,24,M_5871
booknlp,COREF,103,he,353681,353683,1,933,24,M_5872
exp,exp_name,emma,Emma,353802,353806,0,933,24,M_5873
booknlp,COREF,103,his,353819,353822,1,933,24,M_5874
booknlp,COREF,103,him,353864,353867,1,933,24,M_5875
booknlp,COREF,103,he,353871,353873,1,933,24,M_5876
booknlp,COREF,103,I,353917,353918,1,934,24,M_5877
pdnc,qID,Q597-1,you,354033,354036,0,934,24,M_5878
booknlp,COREF,103,your,354041,354045,1,934,24,M_5879
pdnc,qID,Q597-1,the talking aunt,354067,354083,7,934,24,M_5880
booknlp,COREF,103,me,354094,354096,1,934,24,M_5881
booknlp,COREF,103,me,354147,354149,1,934,24,M_5882
booknlp,COREF,103,I,354162,354163,1,934,24,M_5883
booknlp,COREF,103,I,354306,354307,1,934,24,M_5884
pdnc,qID,Q597-1,my father,354317,354326,9,934,24,M_5885
booknlp,COREF,103,I,354327,354328,1,934,24,M_5886
pdnc,qID,Q597-1,him,354364,354367,9,934,24,M_5887
booknlp,COREF,103,my,354418,354420,1,934,24,M_5888
booknlp,COREF,103,I,354441,354442,1,934,24,M_5889
pdnc,qID,Q597-1,he,354455,354457,9,934,24,M_5890
booknlp,COREF,103,me,354467,354469,1,934,24,M_5891
booknlp,COREF,103,me,354491,354493,1,934,24,M_5892
booknlp,COREF,103,I,354514,354515,1,934,24,M_5893
pdnc,qID,Q597-1,The good lady,354591,354604,7,934,24,M_5894
booknlp,COREF,103,me,354619,354621,1,934,24,M_5895
pdnc,qID,Q598-0,you,354671,354674,1,935,24,M_5896
pdnc,qID,Q598-0,Miss Fairfax,354681,354693,4,935,24,M_5897
pdnc,qID,Q599-0,Mrs. Weston,354820,354831,15,936,24,M_5898
pdnc,qID,Q599-0,Miss Fairfax,354883,354895,4,936,24,M_5899
exp,exp_name,emma,Emma,355014,355018,0,937,24,M_5900
exp,exp_name,miss fairfax,Miss Fairfax,355072,355084,4,937,24,M_5901
pdnc,qID,Q600-0,she,355138,355141,4,937,24,M_5902
pdnc,qID,Q600-0,her,355235,355238,4,937,24,M_5903
pdnc,qID,Q600-0,her,355293,355296,4,937,24,M_5904
exp,exp_name,emma,Emma,355698,355702,0,938,24,M_5905
pdnc,qID,Q601-1,you,355750,355753,1,938,24,M_5906
pdnc,qID,Q601-1,her,355761,355764,4,938,24,M_5907
pdnc,qID,Q601-1,her,355772,355775,4,938,24,M_5908
pdnc,qID,Q602-0,Miss Fairfax,355841,355853,4,939,24,M_5909
pdnc,qID,Q602-0,her,355858,355861,4,939,24,M_5910
pdnc,qID,Q603-0,you,355881,355884,1,940,24,M_5911
pdnc,qID,Q603-0,her,355889,355892,4,940,24,M_5912
pdnc,qID,Q603-0,you,355917,355920,1,940,24,M_5913
exp,exp_name,ford,Ford,355987,355991,14,941,24,M_5914
pdnc,qID,Q604-0,my father,356106,356115,9,941,24,M_5915
pdnc,qID,Q604-0,He,356128,356130,9,941,24,M_5916
pdnc,qID,Q604-0,he,356158,356160,9,941,24,M_5917
exp,exp_name,ford,Ford,356221,356225,14,941,24,M_5918
exp,exp_name,ford,Ford,356388,356392,14,941,24,M_5919
pdnc,qID,Q605-0,You,356525,356528,1,942,24,M_5920
pdnc,qID,Q605-0,You,356557,356560,1,942,24,M_5921
pdnc,qID,Q605-0,you,356586,356589,1,942,24,M_5922
pdnc,qID,Q605-0,you,356604,356607,1,942,24,M_5923
exp,exp_name,mr. weston,Mr. Weston,356613,356623,9,942,24,M_5924
exp,exp_name,ford,Ford,356660,356664,14,942,24,M_5925
pdnc,qID,Q605-0,your,356672,356676,1,942,24,M_5926
pdnc,qID,Q605-0,your,356704,356708,1,942,24,M_5927
pdnc,qID,Q606-0,Miss Woodhouse,356895,356909,0,943,24,M_5928
pdnc,qID,Q606-0,you,356911,356914,0,943,24,M_5929
pdnc,qID,Q606-0,you,356936,356939,0,943,24,M_5930
pdnc,qID,Q606-0,you,357051,357054,0,943,24,M_5931
pdnc,qID,Q607-0,you,357188,357191,1,944,24,M_5932
pdnc,qID,Q607-0,Miss Fairfax,357210,357222,4,944,24,M_5933
pdnc,qID,Q607-0,her,357227,357230,4,944,24,M_5934
pdnc,qID,Q608-0,your,357279,357283,0,945,24,M_5935
pdnc,qID,Q608-0,Miss Fairfax,357410,357422,4,945,24,M_5936
pdnc,qID,Q608-0,her,357447,357450,4,945,24,M_5937
pdnc,qID,Q608-0,she,357509,357512,4,945,24,M_5938
pdnc,qID,Q609-0,you,357550,357553,1,946,24,M_5939
pdnc,qID,Q609-0,she,357578,357581,4,946,24,M_5940
booknlp,COREF,149,herself,357591,357598,4,946,24,M_5941
pdnc,qID,Q609-0,her,357604,357607,4,946,24,M_5942
pdnc,qID,Q609-0,she,357661,357664,4,946,24,M_5943
pdnc,qID,Q609-0,you,357770,357773,1,946,24,M_5944
pdnc,qID,Q609-0,you,357787,357790,1,946,24,M_5945
pdnc,qID,Q609-0,your,357799,357803,4,946,24,M_5946
pdnc,qID,Q609-0,her,357822,357825,4,946,24,M_5947
pdnc,qID,Q610-0,her,357911,357914,4,947,24,M_5948
pdnc,qID,Q611-0,You,358146,358149,1,948,24,M_5949
pdnc,qID,Q611-0,Miss Fairfax,358155,358167,4,948,24,M_5950
pdnc,qID,Q611-0,she,358206,358209,4,948,24,M_5951
pdnc,qID,Q614-0,You,358279,358282,0,950,24,M_5952
pdnc,qID,Q614-0,Emma,358311,358315,0,950,24,M_5953
exp,exp_name,mrs. weston,Mrs. Weston,358323,358334,15,950,24,M_5954
pdnc,qID,Q614-1,Mr. Frank Churchill,358371,358390,1,950,24,M_5955
pdnc,qID,Q614-1,you,358421,358424,0,950,24,M_5956
pdnc,qID,Q614-1,Miss Fairfax,358434,358446,4,950,24,M_5957
booknlp,COREF,94,I,358505,358506,0,951,24,M_5958
pdnc,qID,Q615-0,her,358540,358543,15,951,24,M_5959
exp,exp_name,emma,Emma,358552,358556,0,951,24,M_5960
pdnc,qID,Q615-1,my friend,358593,358602,15,951,24,M_5961
pdnc,qID,Q615-1,my dearest friend,358607,358624,15,951,24,M_5962
pdnc,qID,Q616-0,you,358767,358770,0,953,24,M_5963
pdnc,qID,Q616-0,the young lady,358781,358795,4,953,24,M_5964
exp,exp_name,frank churchill,Frank Churchill,358829,358844,1,953,24,M_5965
pdnc,qID,Q617-0,her,358858,358861,4,954,24,M_5966
exp,exp_name,emma,Emma,358873,358877,0,954,24,M_5967
pdnc,qID,Q617-1,You,358880,358883,1,954,24,M_5968
pdnc,qID,Q617-1,she,358900,358903,4,954,24,M_5969
booknlp,COREF,94,I,358925,358926,0,954,24,M_5970
pdnc,qID,Q617-1,her,358938,358941,4,954,24,M_5971
pdnc,qID,Q617-1,She,358987,358990,4,954,24,M_5972
pdnc,qID,Q618-0,You,359012,359015,0,955,24,M_5973
pdnc,qID,Q618-0,you,359029,359032,0,955,24,M_5974
pdnc,qID,Q618-0,She,359092,359095,4,955,24,M_5975
pdnc,qID,Q618-0,her,359337,359340,4,955,24,M_5976
pdnc,qID,Q618-0,her,359380,359383,4,955,24,M_5977
booknlp,COREF,149,her,359483,359486,4,955,24,M_5978
pdnc,qID,Q618-0,the lady in question,359585,359605,4,955,24,M_5979
exp,exp_name,emma,Emma,359781,359785,0,956,24,M_5980
pdnc,qID,Q619-1,you,359895,359898,1,956,24,M_5981
pdnc,qID,Q619-1,Miss Fairfax,359905,359917,4,956,24,M_5982
pdnc,qID,Q622-0,her very particular friend,360386,360412,4,959,24,M_5983
pdnc,qID,Q622-0,you,360414,360417,0,959,24,M_5984
exp,exp_name,emma,Emma,360447,360451,0,960,24,M_5985
booknlp,COREF,94,I,360722,360723,0,960,24,M_5986
pdnc,qID,Q624-0,You,360769,360772,0,961,24,M_5987
pdnc,qID,Q625-0,her,360978,360981,4,962,24,M_5988
booknlp,COREF,94,I,361053,361054,0,962,24,M_5989
pdnc,qID,Q625-0,Miss Fairfax,361085,361097,4,962,24,M_5990
booknlp,COREF,149,herself,361098,361105,4,962,24,M_5991
pdnc,qID,Q625-0,She,361107,361110,4,962,24,M_5992
booknlp,COREF,94,I,361219,361220,0,964,24,M_5993
pdnc,qID,Q627-0,Miss Fairfax,361242,361254,4,964,24,M_5994
pdnc,qID,Q627-0,you,361273,361276,1,964,24,M_5995
booknlp,COREF,94,I,361335,361336,0,964,24,M_5996
booknlp,COREF,149,herself,361348,361355,4,964,24,M_5997
pdnc,qID,Q627-0,she,361364,361367,4,964,24,M_5998
pdnc,qID,Q627-0,she,361395,361398,4,964,24,M_5999
pdnc,qID,Q628-0,them,361514,361518,4,965,24,M_6000
pdnc,qID,Q628-1,they,361636,361640,4,965,24,M_6001
booknlp,COREF,94,you,361749,361752,0,965,24,M_6002
pdnc,qID,Q628-1,Miss Fairfax,361769,361781,4,965,24,M_6003
pdnc,qID,Q628-1,her,361822,361825,4,965,24,M_6004
pdnc,qID,Q628-1,she,361848,361851,4,965,24,M_6005
booknlp,COREF,149,herself,361873,361880,4,965,24,M_6006
pdnc,qID,Q629-0,her,361936,361939,4,966,24,M_6007
pdnc,qID,Q629-0,she,362116,362119,4,966,24,M_6008
pdnc,qID,Q629-0,her,362128,362131,4,966,24,M_6009
pdnc,qID,Q629-0,she,362323,362326,4,966,24,M_6010
pdnc,qID,Q629-0,her aunt and grandmother,362342,362366,7,966,24,M_6011
pdnc,qID,Q629-0,her,362397,362400,4,966,24,M_6012
pdnc,qID,Q631-0,Miss Fairfax,362934,362946,4,968,24,M_6013
pdnc,qID,Q631-0,her,363017,363020,4,968,24,M_6014
exp,exp_name,emma,Emma,363326,363330,0,969,24,M_6015
booknlp,COREF,94,herself,363336,363343,0,969,24,M_6016
booknlp,COREF,94,she,363378,363381,0,969,24,M_6017
booknlp,COREF,94,she,363463,363466,0,969,24,M_6018
booknlp,COREF,94,she,363594,363597,0,969,24,M_6019
booknlp,COREF,94,She,363665,363668,0,969,24,M_6020
exp,exp_name,mr. elton,Mr. Elton,363722,363731,8,969,24,M_6021
exp,exp_name,mrs. weston,Mrs. Weston,364157,364168,15,970,24,M_6022
exp,exp_name,emma,Emma,364438,364442,0,970,24,M_6023
booknlp,COREF,94,her,364447,364450,0,970,24,M_6024
exp,exp_name,emma,Emma,364956,364960,0,972,25,M_6025
exp,exp_name,frank churchill,Frank Churchill,364984,364999,1,972,25,M_6026
booknlp,COREF,103,he,365055,365057,1,972,25,M_6027
booknlp,COREF,103,his,365097,365100,1,972,25,M_6028
booknlp,COREF,103,him,365148,365151,1,972,25,M_6029
booknlp,COREF,103,he,365170,365172,1,972,25,M_6030
booknlp,COREF,103,his,365297,365300,1,972,25,M_6031
booknlp,COREF,103,his,365342,365345,1,972,25,M_6032
booknlp,COREF,94,she,365458,365461,0,972,25,M_6033
booknlp,COREF,94,she,365601,365604,0,972,25,M_6034
booknlp,COREF,94,herself,365618,365625,0,972,25,M_6035
booknlp,COREF,103,him,365640,365643,1,972,25,M_6036
booknlp,COREF,103,his,365796,365799,1,972,25,M_6037
exp,exp_name,mrs. weston,Mrs. Weston,365811,365822,15,972,25,M_6038
booknlp,COREF,103,his,365846,365849,1,972,25,M_6039
booknlp,COREF,103,he,365883,365885,1,972,25,M_6040
booknlp,COREF,103,His,365922,365925,1,972,25,M_6041
booknlp,COREF,103,him,365945,365948,1,972,25,M_6042
exp,exp_name,mrs. weston,Mrs. Weston,366003,366014,15,972,25,M_6043
exp,exp_name,emma,Emma,366226,366230,0,973,25,M_6044
booknlp,COREF,103,his,366242,366245,1,973,25,M_6045
booknlp,COREF,94,her,366271,366274,0,973,25,M_6046
booknlp,COREF,103,him,366301,366304,1,973,25,M_6047
exp,exp_name,mrs. weston,Mrs. Weston,366306,366317,15,973,25,M_6048
booknlp,COREF,103,he,366379,366381,1,973,25,M_6049
booknlp,COREF,103,himself,366387,366394,1,973,25,M_6050
booknlp,COREF,103,his,366424,366427,1,973,25,M_6051
booknlp,COREF,103,He,366452,366454,1,973,25,M_6052
booknlp,COREF,103,his,366569,366572,1,973,25,M_6053
booknlp,COREF,103,he,366612,366614,1,973,25,M_6054
booknlp,COREF,103,his,366624,366627,1,973,25,M_6055
booknlp,COREF,103,he,366803,366805,1,973,25,M_6056
booknlp,COREF,103,his,366983,366986,1,973,25,M_6057
booknlp,COREF,103,him,367025,367028,1,973,25,M_6058
booknlp,COREF,103,him,367098,367101,1,973,25,M_6059
exp,exp_name,mr. weston,Mr. Weston,367363,367373,9,974,25,M_6060
booknlp,COREF,86,his,367378,367381,9,974,25,M_6061
booknlp,COREF,86,He,367447,367449,9,974,25,M_6062
exp,exp_name,frank,Frank,367478,367483,1,974,25,M_6063
booknlp,COREF,103,him,367585,367588,1,974,25,M_6064
booknlp,COREF,103,him,367630,367633,1,974,25,M_6065
exp,exp_name,mrs. weston,Mrs. Weston,367646,367657,15,974,25,M_6066
booknlp,COREF,86,his,367746,367749,9,975,25,M_6067
booknlp,COREF,103,he,367815,367817,1,975,25,M_6068
exp,exp_name,mr. knightley,Mr. Knightley,368127,368140,6,975,25,M_6069
booknlp,COREF,103,him,368168,368171,1,975,25,M_6070
booknlp,COREF,103,he,368202,368204,1,975,25,M_6071
exp,exp_name,emma,Emma,368221,368225,0,975,25,M_6072
booknlp,COREF,103,him,368232,368235,1,975,25,M_6073
booknlp,COREF,103,himself,368273,368280,1,975,25,M_6074
booknlp,COREF,103,he,368299,368301,1,975,25,M_6075
booknlp,COREF,103,his,368310,368313,1,975,25,M_6076
booknlp,COREF,103,I,368358,368359,1,975,25,M_6077
pdnc,qID,Q634-0,him,368365,368368,1,975,25,M_6078
booknlp,COREF,94,She,368375,368378,0,975,25,M_6079
booknlp,COREF,94,her,368445,368448,0,975,25,M_6080
booknlp,COREF,103,his,368489,368492,1,975,25,M_6081
booknlp,COREF,94,she,368547,368550,0,975,25,M_6082
exp,exp_name,mrs. weston,Mrs. Weston,368631,368642,15,976,25,M_6083
exp,exp_name,emma,Emma,368768,368772,0,976,25,M_6084
booknlp,COREF,94,she,368825,368828,0,976,25,M_6085
exp,exp_name,emma,Emma,369920,369924,0,977,25,M_6086
booknlp,COREF,94,her,370044,370047,0,977,25,M_6087
booknlp,COREF,94,she,370073,370076,0,977,25,M_6088
booknlp,COREF,94,her,370092,370095,0,977,25,M_6089
booknlp,COREF,94,her,370134,370137,0,977,25,M_6090
booknlp,COREF,94,she,370164,370167,0,977,25,M_6091
booknlp,COREF,94,she,370362,370365,0,977,25,M_6092
booknlp,COREF,94,herself,370413,370420,0,977,25,M_6093
booknlp,COREF,94,she,370422,370425,0,977,25,M_6094
exp,exp_name,mr. knightley,Mr. Knightley,370445,370458,6,977,25,M_6095
exp,exp_name,mr. weston,Mr. Weston,370468,370478,9,977,25,M_6096
booknlp,COREF,94,she,370485,370488,0,978,25,M_6097
booknlp,COREF,94,her,370501,370504,0,978,25,M_6098
booknlp,COREF,94,her,370617,370620,0,978,25,M_6099
booknlp,COREF,94,her,370722,370725,0,978,25,M_6100
booknlp,COREF,94,herself,370737,370744,0,978,25,M_6101
exp,exp_name,mrs. weston,Mrs. Weston,370750,370761,15,978,25,M_6102
pdnc,qID,Q635-0,they,370798,370802,12,978,25,M_6103
booknlp,COREF,94,you,370834,370837,0,978,25,M_6104
pdnc,qID,Q635-0,they,370839,370843,12,978,25,M_6105
booknlp,COREF,94,you,370849,370852,0,978,25,M_6106
booknlp,COREF,94,She,370897,370900,0,978,25,M_6107
booknlp,COREF,94,she,370911,370914,0,978,25,M_6108
booknlp,COREF,94,her,371084,371087,0,978,25,M_6109
booknlp,COREF,94,she,371115,371118,0,978,25,M_6110
booknlp,COREF,94,she,371137,371140,0,978,25,M_6111
exp,exp_name,harriet,Harriet,371180,371187,2,978,25,M_6112
exp,exp_name,frank churchill,Frank Churchill,371316,371331,1,978,25,M_6113
booknlp,COREF,112,her,371360,371363,2,978,25,M_6114
booknlp,COREF,103,his,371434,371437,1,978,25,M_6115
booknlp,COREF,94,her,371499,371502,0,978,25,M_6116
booknlp,COREF,94,her,371516,371519,0,978,25,M_6117
booknlp,COREF,94,her,371768,371771,0,979,25,M_6118
booknlp,COREF,94,she,371843,371846,0,979,25,M_6119
booknlp,COREF,94,her,371900,371903,0,979,25,M_6120
booknlp,COREF,94,her,371933,371936,0,979,25,M_6121
booknlp,COREF,94,She,371976,371979,0,980,25,M_6122
booknlp,COREF,94,she,372017,372020,0,980,25,M_6123
booknlp,COREF,94,her,372199,372202,0,980,25,M_6124
exp,exp_name,mr. woodhouse,Mr. Woodhouse,372352,372365,10,980,25,M_6125
booknlp,COREF,94,she,372490,372493,0,980,25,M_6126
exp,exp_name,mrs. bates,Mrs. Bates,372650,372660,11,980,25,M_6127
exp,exp_name,mr. woodhouse,Mr. Woodhouse,372708,372721,10,980,25,M_6128
booknlp,COREF,85,his,372763,372766,10,980,25,M_6129
exp,exp_name,emma,Emma,372891,372895,0,980,25,M_6130
pdnc,qID,Q637-1,Emma,373097,373101,0,981,25,M_6131
pdnc,qID,Q637-1,Mrs. Cole,373155,373164,12,981,25,M_6132
pdnc,qID,Q637-1,they,373221,373225,12,981,25,M_6133
pdnc,qID,Q637-1,their,373276,373281,12,981,25,M_6134
pdnc,qID,Q637-1,their,373306,373311,12,981,25,M_6135
pdnc,qID,Q637-1,they,373334,373338,12,981,25,M_6136
pdnc,qID,Q637-1,they,373526,373530,12,981,25,M_6137
pdnc,qID,Q637-1,dear Emma,373560,373569,0,981,25,M_6138
pdnc,qID,Q637-1,them,373580,373584,12,981,25,M_6139
pdnc,qID,Q637-1,Mr. Knightley,373621,373634,6,981,25,M_6140
pdnc,qID,Q637-1,her,373656,373659,0,981,25,M_6141
exp,exp_name,mrs. weston,Mrs. Weston,373781,373792,15,981,25,M_6142
pdnc,qID,Q637-2,Miss Taylor,373831,373842,15,981,25,M_6143
pdnc,qID,Q637-2,you,373847,373850,15,981,25,M_6144
pdnc,qID,Q637-2,you,373868,373871,15,981,25,M_6145
pdnc,qID,Q638-0,sir,373915,373918,10,982,25,M_6146
exp,exp_name,mr. weston,Mr. Weston,373927,373937,9,982,25,M_6147
booknlp,COREF,86,I,373943,373944,9,982,25,M_6148
pdnc,qID,Q638-1,Miss Taylor,373950,373961,15,982,25,M_6149
booknlp,COREF,86,me,373987,373989,9,982,25,M_6150
pdnc,qID,Q638-1,her,374000,374003,15,982,25,M_6151
booknlp,COREF,86,I,374014,374015,9,982,25,M_6152
booknlp,COREF,86,I,374025,374026,9,982,25,M_6153
pdnc,qID,Q638-1,you,374069,374072,10,982,25,M_6154
exp,exp_name,mr. woodhouse,Mr. Woodhouse,374167,374180,10,983,25,M_6155
exp,exp_name,mr. weston,Mr. Weston,374234,374244,9,983,25,M_6156
exp,exp_name,mr. woodhouse,Mr. Woodhouse,374321,374334,10,984,25,M_6157
booknlp,COREF,85,He,374383,374385,10,984,25,M_6158
booknlp,COREF,85,He,374423,374425,10,984,25,M_6159
exp,exp_name,emma,Emma,374467,374471,0,984,25,M_6160
exp,exp_name,mrs. cole,Mrs. Cole,374589,374598,12,984,25,M_6161
pdnc,qID,Q639-0,You,374603,374606,0,985,25,M_6162
pdnc,qID,Q639-0,my dear,374629,374636,0,985,25,M_6163
pdnc,qID,Q639-0,You,374662,374665,0,985,25,M_6164
pdnc,qID,Q639-0,you,374822,374825,0,985,25,M_6165
pdnc,qID,Q639-0,you,374869,374872,0,985,25,M_6166
pdnc,qID,Q639-0,you,374999,375002,0,985,25,M_6167
pdnc,qID,Q639-0,you,375129,375132,0,985,25,M_6168
pdnc,qID,Q639-0,you,375155,375158,0,985,25,M_6169
pdnc,qID,Q639-0,you,375170,375173,0,985,25,M_6170
pdnc,qID,Q639-0,you,375201,375204,0,985,25,M_6171
pdnc,qID,Q639-0,you,375229,375232,0,985,25,M_6172
pdnc,qID,Q639-0,you,375244,375247,0,985,25,M_6173
pdnc,qID,Q639-0,You,375279,375282,0,985,25,M_6174
pdnc,qID,Q639-0,You,375311,375314,0,985,25,M_6175
pdnc,qID,Q640-0,you,375360,375363,10,986,25,M_6176
booknlp,COREF,85,me,375379,375381,10,986,25,M_6177
booknlp,COREF,85,I,375402,375403,10,986,25,M_6178
pdnc,qID,Q640-0,papa,375414,375418,10,986,25,M_6179
pdnc,qID,Q641-0,my love,375431,375438,0,987,25,M_6180
pdnc,qID,Q641-0,you,375444,375447,0,987,25,M_6181
pdnc,qID,Q641-0,You,375519,375522,0,987,25,M_6182
pdnc,qID,Q642-0,my dear sir,375556,375567,10,988,25,M_6183
exp,exp_name,mr. weston,Mr. Weston,375576,375586,9,988,25,M_6184
pdnc,qID,Q642-1,Emma,375592,375596,0,988,25,M_6185
exp,exp_name,mr. woodhouse,Mr. Woodhouse,375688,375701,10,989,25,M_6186
pdnc,qID,Q644-0,you,375757,375760,10,990,25,M_6187
pdnc,qID,Q644-0,the Coles,375798,375807,12,990,25,M_6188
pdnc,qID,Q644-0,Emma,375809,375813,0,990,25,M_6189
pdnc,qID,Q644-0,They,375871,375875,12,990,25,M_6190
pdnc,qID,Q644-0,their,375921,375926,12,990,25,M_6191
pdnc,qID,Q644-0,they,375949,375953,12,990,25,M_6192
pdnc,qID,Q644-0,Miss Woodhouse,376022,376036,0,990,25,M_6193
pdnc,qID,Q644-0,You,376110,376113,10,990,25,M_6194
pdnc,qID,Q644-0,the Coles,376155,376164,12,990,25,M_6195
pdnc,qID,Q644-0,sir,376177,376180,10,990,25,M_6196
pdnc,qID,Q644-0,your,376245,376249,10,990,25,M_6197
pdnc,qID,Q645-0,Mr. Weston,376317,376327,9,991,25,M_6198
booknlp,COREF,85,I,376329,376330,10,991,25,M_6199
pdnc,qID,Q645-0,you,376350,376353,9,991,25,M_6200
booknlp,COREF,85,me,376368,376370,10,991,25,M_6201
booknlp,COREF,85,I,376372,376373,10,991,25,M_6202
pdnc,qID,Q645-0,them,376413,376417,12,991,25,M_6203
booknlp,COREF,85,I,376428,376429,10,991,25,M_6204
pdnc,qID,Q645-0,they,376454,376458,12,991,25,M_6205
booknlp,COREF,85,me,376476,376478,10,991,25,M_6206
exp,exp_name,cole,Cole,376488,376492,12,991,25,M_6207
pdnc,qID,Q645-0,You,376520,376523,0,991,25,M_6208
booknlp,COREF,143,him,376554,376557,12,991,25,M_6209
booknlp,COREF,143,he,376563,376565,12,991,25,M_6210
exp,exp_name,cole,Cole,376582,376586,12,991,25,M_6211
booknlp,COREF,85,I,376608,376609,10,991,25,M_6212
pdnc,qID,Q645-0,them,376643,376647,12,991,25,M_6213
pdnc,qID,Q645-0,My dear Emma,376658,376670,0,991,25,M_6214
booknlp,COREF,85,I,376695,376696,10,991,25,M_6215
pdnc,qID,Q645-0,Mrs. Cole,376750,376759,12,991,25,M_6216
pdnc,qID,Q645-0,you,376761,376764,0,991,25,M_6217
pdnc,qID,Q645-0,you,376797,376800,0,991,25,M_6218
pdnc,qID,Q645-0,You,376813,376816,0,991,25,M_6219
booknlp,COREF,94,You,376846,376849,0,991,25,M_6220
pdnc,qID,Q645-0,you,376874,376877,0,991,25,M_6221
pdnc,qID,Q645-0,your,376890,376894,0,991,25,M_6222
pdnc,qID,Q646-0,papa,376915,376919,10,992,25,M_6223
pdnc,qID,Q646-0,Mrs. Weston,377008,377019,15,992,25,M_6224
pdnc,qID,Q646-0,your,377028,377032,10,992,25,M_6225
pdnc,qID,Q646-0,your,377062,377066,10,992,25,M_6226
pdnc,qID,Q646-0,your,377105,377109,10,992,25,M_6227
pdnc,qID,Q646-0,you,377181,377184,10,992,25,M_6228
pdnc,qID,Q646-0,you,377230,377233,10,992,25,M_6229
pdnc,qID,Q646-0,You,377366,377369,10,992,25,M_6230
exp,exp_name,frank churchill,Frank Churchill,377741,377756,1,995,26,M_6231
booknlp,COREF,103,he,377781,377783,1,995,26,M_6232
booknlp,COREF,103,his,377789,377792,1,995,26,M_6233
exp,exp_name,mrs. weston,Mrs. Weston,377853,377864,15,995,26,M_6234
booknlp,COREF,103,his,377885,377888,1,995,26,M_6235
exp,exp_name,mr. woodhouse,Mr. Woodhouse,377912,377925,10,995,26,M_6236
booknlp,COREF,103,He,377981,377983,1,996,26,M_6237
booknlp,COREF,103,his,378003,378006,1,996,26,M_6238
booknlp,COREF,103,himself,378032,378039,1,996,26,M_6239
booknlp,COREF,103,he,378114,378116,1,996,26,M_6240
booknlp,COREF,103,He,378127,378129,1,996,26,M_6241
booknlp,COREF,103,his,378152,378155,1,996,26,M_6242
booknlp,COREF,103,his,378251,378254,1,996,26,M_6243
booknlp,COREF,103,He,378264,378266,1,996,26,M_6244
booknlp,COREF,103,him,378331,378334,1,996,26,M_6245
exp,exp_name,emma,Emma,378336,378340,0,996,26,M_6246
pdnc,qID,Q647-0,Mr. Knightley,378636,378649,6,997,26,M_6247
booknlp,COREF,103,he,378651,378653,1,997,26,M_6248
pdnc,qID,Q647-0,he,378695,378697,1,997,26,M_6249
pdnc,qID,Q647-0,he,378704,378706,1,997,26,M_6250
booknlp,COREF,103,He,378741,378743,1,997,26,M_6251
pdnc,qID,Q647-0,he,378965,378967,1,997,26,M_6252
booknlp,COREF,103,him,379047,379050,1,998,26,M_6253
booknlp,COREF,103,his,379109,379112,1,998,26,M_6254
booknlp,COREF,103,his,379166,379169,1,998,26,M_6255
booknlp,COREF,94,herself,379186,379193,0,998,26,M_6256
booknlp,COREF,94,her,379242,379245,0,998,26,M_6257
booknlp,COREF,94,her,379269,379272,0,998,26,M_6258
booknlp,COREF,94,She,379394,379397,0,999,26,M_6259
exp,exp_name,cole,Cole,379462,379466,12,999,26,M_6260
exp,exp_name,mr. elton,Mr. Elton,379530,379539,8,999,26,M_6261
booknlp,COREF,150,his,379561,379564,8,999,26,M_6262
booknlp,COREF,94,her,379592,379595,0,999,26,M_6263
booknlp,COREF,150,his,379606,379609,8,999,26,M_6264
exp,exp_name,cole,Cole,379638,379642,12,999,26,M_6265
booknlp,COREF,94,Her,379645,379648,0,1000,26,M_6266
exp,exp_name,mrs. bates,Mrs. Bates,379685,379695,11,1000,26,M_6267
booknlp,COREF,94,her,379744,379747,0,1000,26,M_6268
booknlp,COREF,94,she,379775,379778,0,1000,26,M_6269
booknlp,COREF,94,her,379806,379809,0,1000,26,M_6270
booknlp,COREF,94,her,379872,379875,0,1000,26,M_6271
booknlp,COREF,94,her,379917,379920,0,1000,26,M_6272
booknlp,COREF,94,her,379969,379972,0,1000,26,M_6273
booknlp,COREF,94,she,380212,380215,0,1000,26,M_6274
booknlp,COREF,94,she,380223,380226,0,1000,26,M_6275
booknlp,COREF,94,She,380277,380280,0,1001,26,M_6276
exp,exp_name,cole,Cole,380314,380318,12,1001,26,M_6277
exp,exp_name,mr. knightley,Mr. Knightley,380362,380375,6,1001,26,M_6278
exp,exp_name,mr. knightley,Mr. Knightley,380383,380396,6,1001,26,M_6279
exp,exp_name,emma,Emma,380514,380518,0,1001,26,M_6280
booknlp,COREF,94,She,380628,380631,0,1001,26,M_6281
booknlp,COREF,94,her,380667,380670,0,1001,26,M_6282
booknlp,COREF,94,her,380699,380702,0,1001,26,M_6283
booknlp,COREF,94,her,380733,380736,0,1001,26,M_6284
pdnc,qID,Q648-0,you,380762,380765,6,1002,26,M_6285
booknlp,COREF,94,she,380783,380786,0,1002,26,M_6286
pdnc,qID,Q648-1,you,380831,380834,6,1002,26,M_6287
booknlp,COREF,94,her,380849,380852,0,1003,26,M_6288
pdnc,qID,Q649-0,you,380980,380983,0,1003,26,M_6289
pdnc,qID,Q649-0,You,381047,381050,0,1003,26,M_6290
booknlp,COREF,94,I,381121,381122,0,1004,26,M_6291
booknlp,COREF,94,I,381131,381132,0,1004,26,M_6292
booknlp,COREF,94,I,381141,381142,0,1004,26,M_6293
pdnc,qID,Q650-0,You,381263,381266,6,1004,26,M_6294
pdnc,qID,Q650-0,you,381273,381276,6,1004,26,M_6295
booknlp,COREF,94,I,381301,381302,0,1004,26,M_6296
pdnc,qID,Q650-0,you,381322,381325,6,1004,26,M_6297
booknlp,COREF,94,I,381381,381382,0,1004,26,M_6298
booknlp,COREF,94,I,381410,381411,0,1004,26,M_6299
pdnc,qID,Q650-0,you,381417,381420,6,1004,26,M_6300
pdnc,qID,Q650-0,you,381454,381457,6,1004,26,M_6301
pdnc,qID,Q650-0,You,381483,381486,6,1004,26,M_6302
pdnc,qID,Q650-0,You,381529,381532,6,1004,26,M_6303
booknlp,COREF,94,I,381591,381592,0,1004,26,M_6304
pdnc,qID,Q650-0,you,381652,381655,6,1004,26,M_6305
pdnc,qID,Q651-0,Nonsensical girl,381660,381676,0,1005,26,M_6306
exp,exp_name,emma,Emma,381720,381724,0,1006,26,M_6307
exp,exp_name,mr. knightley,Mr. Knightley,381795,381808,6,1006,26,M_6308
booknlp,COREF,94,She,381810,381813,0,1006,26,M_6309
booknlp,COREF,94,she,381908,381911,0,1006,26,M_6310
booknlp,COREF,94,her,382018,382021,0,1006,26,M_6311
booknlp,COREF,94,her,382070,382073,0,1006,26,M_6312
booknlp,COREF,94,her,382113,382116,0,1006,26,M_6313
booknlp,COREF,94,she,382155,382158,0,1006,26,M_6314
booknlp,COREF,94,her,382179,382182,0,1006,26,M_6315
booknlp,COREF,94,she,382192,382195,0,1006,26,M_6316
exp,exp_name,miss bates,Miss Bates,382546,382556,7,1007,26,M_6317
exp,exp_name,miss fairfax,Miss Fairfax,382558,382570,4,1007,26,M_6318
exp,exp_name,miss smith,Miss Smith,382576,382586,2,1007,26,M_6319
exp,exp_name,mr. elton,Mr. Elton,382706,382715,8,1007,26,M_6320
exp,exp_name,emma,Emma,382734,382738,0,1007,26,M_6321
booknlp,COREF,94,her,382766,382769,0,1007,26,M_6322
booknlp,COREF,94,her,382803,382806,0,1007,26,M_6323
booknlp,COREF,94,she,382850,382853,0,1007,26,M_6324
booknlp,COREF,94,herself,382859,382866,0,1007,26,M_6325
exp,exp_name,jane fairfax,Jane Fairfax,382902,382914,4,1007,26,M_6326
exp,exp_name,mrs. cole,Mrs. Cole,382916,382925,12,1007,26,M_6327
booknlp,COREF,94,her,382961,382964,0,1007,26,M_6328
booknlp,COREF,94,She,383007,383010,0,1007,26,M_6329
exp,exp_name,emma,Emma,383082,383086,0,1007,26,M_6330
booknlp,COREF,94,her,383088,383091,0,1007,26,M_6331
exp,exp_name,mrs. cole,Mrs. Cole,383127,383136,12,1007,26,M_6332
booknlp,COREF,182,she,383154,383157,12,1007,26,M_6333
exp,exp_name,miss bates,Miss Bates,383178,383188,7,1007,26,M_6334
booknlp,COREF,182,she,383205,383208,12,1007,26,M_6335
booknlp,COREF,182,her,383479,383482,12,1007,26,M_6336
exp,exp_name,miss bates,Miss Bates,383509,383519,7,1007,26,M_6337
exp,exp_name,miss bates,Miss Bates,383683,383693,7,1007,26,M_6338
exp,exp_name,jane,Jane,383705,383709,4,1007,26,M_6339
exp,exp_name,mrs. cole,Mrs. Cole,383969,383978,12,1008,26,M_6340
booknlp,COREF,182,I,383985,383986,12,1008,26,M_6341
pdnc,qID,Q652-1,Jane,384051,384055,4,1008,26,M_6342
pdnc,qID,Q652-1,She,384137,384140,4,1008,26,M_6343
booknlp,COREF,182,I,384168,384169,12,1008,26,M_6344
pdnc,qID,Q652-1,her,384290,384293,4,1008,26,M_6345
exp,exp_name,mrs. cole,Mrs. Cole,384297,384306,12,1009,26,M_6346
booknlp,COREF,182,her,384330,384333,12,1009,26,M_6347
exp,exp_name,emma,Emma,384536,384540,0,1009,26,M_6348
booknlp,COREF,94,her,384550,384553,0,1009,26,M_6349
exp,exp_name,mrs. cole,Mrs. Cole,384583,384592,12,1009,26,M_6350
booknlp,COREF,94,I,384596,384597,0,1010,26,M_6351
booknlp,COREF,94,I,384607,384608,0,1010,26,M_6352
booknlp,COREF,94,I,384626,384627,0,1010,26,M_6353
booknlp,COREF,94,me,384664,384666,0,1010,26,M_6354
booknlp,COREF,94,me,384712,384714,0,1010,26,M_6355
pdnc,qID,Q653-0,Jane Fairfax,384720,384732,4,1010,26,M_6356
booknlp,COREF,94,I,384992,384993,0,1010,26,M_6357
exp,exp_name,cole,Cole,385010,385014,12,1010,26,M_6358
booknlp,COREF,94,I,385016,385017,0,1010,26,M_6359
booknlp,COREF,94,I,385100,385101,0,1010,26,M_6360
pdnc,qID,Q653-0,poor Jane Fairfax,385240,385257,4,1010,26,M_6361
booknlp,COREF,149,herself,385394,385401,4,1010,26,M_6362
exp,exp_name,cole,Cole,385434,385438,12,1010,26,M_6363
booknlp,COREF,143,he,385458,385460,12,1010,26,M_6364
booknlp,COREF,94,me,385479,385481,0,1010,26,M_6365
booknlp,COREF,143,he,385488,385490,12,1010,26,M_6366
booknlp,COREF,143,he,385529,385531,12,1010,26,M_6367
booknlp,COREF,143,himself,385557,385564,12,1010,26,M_6368
booknlp,COREF,94,I,385764,385765,0,1010,26,M_6369
pdnc,qID,Q653-0,Miss Woodhouse,385832,385846,0,1010,26,M_6370
exp,exp_name,miss woodhouse,Miss Woodhouse,385895,385909,0,1011,26,M_6371
exp,exp_name,mrs. cole,Mrs. Cole,386016,386025,12,1011,26,M_6372
exp,exp_name,frank churchill,Frank Churchill,386039,386054,1,1011,26,M_6373
pdnc,qID,Q654-0,you,386065,386068,1,1012,26,M_6374
booknlp,COREF,182,she,386082,386085,12,1012,26,M_6375
pdnc,qID,Q655-0,you,386101,386104,0,1013,26,M_6376
booknlp,COREF,94,Me!--I,386109,386115,0,1014,26,M_6377
booknlp,COREF,94,I,386124,386125,0,1014,26,M_6378
booknlp,COREF,94,I,386236,386237,0,1016,26,M_6379
pdnc,qID,Q659-0,Miss Fairfax,386294,386306,4,1017,26,M_6380
booknlp,COREF,103,he,386362,386364,1,1018,26,M_6381
pdnc,qID,Q660-0,her,386378,386381,4,1018,26,M_6382
booknlp,COREF,103,he,386510,386512,1,1019,26,M_6383
pdnc,qID,Q661-0,Mrs. Bates,386542,386552,11,1019,26,M_6384
pdnc,qID,Q662-0,You,386565,386568,1,1020,26,M_6385
pdnc,qID,Q662-0,you,386584,386587,1,1020,26,M_6386
pdnc,qID,Q662-0,your,386599,386603,1,1020,26,M_6387
pdnc,qID,Q662-0,your,386631,386635,1,1020,26,M_6388
booknlp,COREF,94,I,386691,386692,0,1021,26,M_6389
booknlp,COREF,94,I,386706,386707,0,1021,26,M_6390
pdnc,qID,Q663-0,you,386723,386726,0,1021,26,M_6391
booknlp,COREF,94,me,386738,386740,0,1021,26,M_6392
booknlp,COREF,94,I,386772,386773,0,1021,26,M_6393
booknlp,COREF,94,I,386783,386784,0,1021,26,M_6394
pdnc,qID,Q663-0,you,386799,386802,0,1021,26,M_6395
booknlp,COREF,94,I,386846,386847,0,1021,26,M_6396
pdnc,qID,Q663-0,you,386853,386856,0,1021,26,M_6397
booknlp,COREF,94,I,386881,386882,0,1021,26,M_6398
pdnc,qID,Q664-0,you,386983,386986,1,1022,26,M_6399
booknlp,COREF,94,I,387039,387040,0,1023,26,M_6400
booknlp,COREF,94,I,387280,387281,0,1023,26,M_6401
booknlp,COREF,94,I,387292,387293,0,1023,26,M_6402
pdnc,qID,Q665-0,you,387299,387302,0,1023,26,M_6403
pdnc,qID,Q665-0,your,387308,387312,0,1023,26,M_6404
booknlp,COREF,94,mine,387336,387340,0,1023,26,M_6405
pdnc,qID,Q666-0,you,387352,387355,1,1024,26,M_6406
pdnc,qID,Q666-0,your,387368,387372,1,1024,26,M_6407
booknlp,COREF,94,I,387451,387452,0,1025,26,M_6408
pdnc,qID,Q667-0,you,387563,387566,0,1025,26,M_6409
pdnc,qID,Q668-0,you,387642,387645,1,1026,26,M_6410
booknlp,COREF,94,me,387651,387653,0,1026,26,M_6411
booknlp,COREF,94,I,387692,387693,0,1026,26,M_6412
pdnc,qID,Q668-0,Miss Fairfax,387792,387804,4,1026,26,M_6413
booknlp,COREF,94,I,387810,387811,0,1026,26,M_6414
pdnc,qID,Q668-0,her,387878,387881,4,1026,26,M_6415
pdnc,qID,Q668-0,her,387934,387937,4,1026,26,M_6416
pdnc,qID,Q668-0,her,387994,387997,4,1026,26,M_6417
booknlp,COREF,94,I,388074,388075,0,1026,26,M_6418
pdnc,qID,Q668-0,her,388121,388124,4,1026,26,M_6419
pdnc,qID,Q668-0,she,388207,388210,4,1026,26,M_6420
pdnc,qID,Q668-0,her,388329,388332,4,1026,26,M_6421
booknlp,COREF,94,I,388345,388346,0,1026,26,M_6422
booknlp,COREF,94,I,388608,388609,0,1026,26,M_6423
pdnc,qID,Q668-0,her,388622,388625,4,1026,26,M_6424
booknlp,COREF,94,I,388629,388630,0,1026,26,M_6425
pdnc,qID,Q668-0,you,388646,388649,1,1026,26,M_6426
booknlp,COREF,94,my,388663,388665,0,1026,26,M_6427
pdnc,qID,Q668-0,you,388685,388688,1,1026,26,M_6428
booknlp,COREF,94,I,388733,388734,0,1026,26,M_6429
pdnc,qID,Q668-0,you,388749,388752,1,1026,26,M_6430
booknlp,COREF,94,my,388781,388783,0,1027,26,M_6431
pdnc,qID,Q669-0,her,388855,388858,4,1027,26,M_6432
pdnc,qID,Q669-0,her,388868,388871,4,1027,26,M_6433
booknlp,COREF,94,I,388882,388883,0,1027,26,M_6434
pdnc,qID,Q670-0,her,388941,388944,4,1028,26,M_6435
pdnc,qID,Q670-0,you,388955,388958,1,1028,26,M_6436
pdnc,qID,Q670-0,she,389015,389018,4,1028,26,M_6437
pdnc,qID,Q670-0,her,389052,389055,4,1028,26,M_6438
booknlp,COREF,94,I,389068,389069,0,1029,26,M_6439
pdnc,qID,Q672-0,you,389107,389110,1,1030,26,M_6440
pdnc,qID,Q672-0,you,389131,389134,1,1030,26,M_6441
pdnc,qID,Q672-0,you,389196,389199,1,1030,26,M_6442
booknlp,COREF,94,I,389205,389206,0,1030,26,M_6443
booknlp,COREF,94,I,389223,389224,0,1030,26,M_6444
booknlp,COREF,94,I,389231,389232,0,1030,26,M_6445
booknlp,COREF,94,I,389271,389272,0,1031,26,M_6446
booknlp,COREF,94,I,389297,389298,0,1031,26,M_6447
booknlp,COREF,94,I,389307,389308,0,1031,26,M_6448
pdnc,qID,Q673-0,Miss Fairfax,389341,389353,4,1031,26,M_6449
pdnc,qID,Q673-0,her,389414,389417,4,1031,26,M_6450
booknlp,COREF,94,I,389536,389537,0,1031,26,M_6451
booknlp,COREF,94,I,389696,389697,0,1031,26,M_6452
exp,exp_name,emma,Emma,390106,390110,0,1032,26,M_6453
booknlp,COREF,94,me,390167,390169,0,1033,26,M_6454
booknlp,COREF,94,I,390171,390172,0,1033,26,M_6455
booknlp,COREF,94,me,390218,390220,0,1033,26,M_6456
booknlp,COREF,94,I,390435,390436,0,1035,26,M_6457
pdnc,qID,Q676-0,Miss Fairfax,390475,390487,4,1035,26,M_6458
pdnc,qID,Q676-0,She,390566,390569,4,1035,26,M_6459
pdnc,qID,Q676-0,she,390603,390606,4,1035,26,M_6460
booknlp,COREF,94,I,390626,390627,0,1035,26,M_6461
pdnc,qID,Q676-0,you,390651,390654,1,1035,26,M_6462
booknlp,COREF,94,I,390668,390669,0,1035,26,M_6463
booknlp,COREF,94,myself,390693,390699,0,1035,26,M_6464
pdnc,qID,Q677-0,you,390757,390760,0,1036,26,M_6465
pdnc,qID,Q677-0,you,390774,390777,0,1036,26,M_6466
pdnc,qID,Q677-0,Your,390802,390806,0,1036,26,M_6467
pdnc,qID,Q677-0,you,391037,391040,0,1036,26,M_6468
exp,exp_name,emma,Emma,391841,391845,0,1038,26,M_6469
booknlp,COREF,94,her,391868,391871,0,1038,26,M_6470
booknlp,COREF,94,she,391909,391912,0,1038,26,M_6471
booknlp,COREF,94,her,391932,391935,0,1038,26,M_6472
booknlp,COREF,94,she,391955,391958,0,1038,26,M_6473
booknlp,COREF,94,her,392123,392126,0,1038,26,M_6474
booknlp,COREF,94,she,392220,392223,0,1038,26,M_6475
booknlp,COREF,94,she,392271,392274,0,1038,26,M_6476
booknlp,COREF,94,herself,392334,392341,0,1038,26,M_6477
exp,exp_name,jane fairfax,Jane Fairfax,392477,392489,4,1038,26,M_6478
exp,exp_name,emma,Emma,392522,392526,0,1038,26,M_6479
booknlp,COREF,94,she,392537,392540,0,1038,26,M_6480
exp,exp_name,harriet,Harriet,392586,392593,2,1038,26,M_6481
exp,exp_name,mr. elton,Mr. Elton,392684,392693,8,1038,26,M_6482
booknlp,COREF,94,herself,392761,392768,0,1038,26,M_6483
booknlp,COREF,94,her,392795,392798,0,1038,26,M_6484
exp,exp_name,emma,Emma,392854,392858,0,1039,26,M_6485
booknlp,COREF,112,her,392875,392878,2,1039,26,M_6486
booknlp,COREF,94,She,392880,392883,0,1039,26,M_6487
booknlp,COREF,94,she,392925,392928,0,1039,26,M_6488
booknlp,COREF,94,herself,392957,392964,0,1039,26,M_6489
booknlp,COREF,94,she,393135,393138,0,1039,26,M_6490
exp,exp_name,mrs. weston,Mrs. Weston,393302,393313,15,1040,26,M_6491
exp,exp_name,emma,Emma,393394,393398,0,1040,26,M_6492
exp,exp_name,frank churchill,Frank Churchill,393761,393776,1,1041,26,M_6493
booknlp,COREF,103,he,393781,393783,1,1041,26,M_6494
booknlp,COREF,103,his,393839,393842,1,1041,26,M_6495
exp,exp_name,e.,en,393855,393857,8,1041,26,M_6496
exp,exp_name,miss bates,Miss Bates,393869,393879,7,1041,26,M_6497
booknlp,COREF,103,his,393900,393903,1,1041,26,M_6498
exp,exp_name,miss woodhouse,Miss Woodhouse,393963,393977,0,1041,26,M_6499
booknlp,COREF,103,he,393988,393990,1,1041,26,M_6500
exp,exp_name,emma,Emma,394039,394043,0,1041,26,M_6501
booknlp,COREF,94,She,394094,394097,0,1041,26,M_6502
booknlp,COREF,103,his,394102,394105,1,1041,26,M_6503
booknlp,COREF,94,She,394147,394150,0,1041,26,M_6504
booknlp,COREF,103,him,394162,394165,1,1041,26,M_6505
booknlp,COREF,94,her,394169,394172,0,1041,26,M_6506
exp,exp_name,miss smith,Miss Smith,394181,394191,2,1041,26,M_6507
booknlp,COREF,103,He,394271,394273,1,1041,26,M_6508
booknlp,COREF,94,her,394330,394333,0,1041,26,M_6509
booknlp,COREF,94,she,394348,394351,0,1041,26,M_6510
booknlp,COREF,103,him,394384,394387,1,1041,26,M_6511
booknlp,COREF,94,she,394416,394419,0,1041,26,M_6512
exp,exp_name,mr. elton,Mr. Elton,394466,394475,8,1041,26,M_6513
exp,exp_name,emma,Emma,394478,394482,0,1041,26,M_6514
booknlp,COREF,94,her,394494,394497,0,1041,26,M_6515
booknlp,COREF,94,her,394532,394535,0,1041,26,M_6516
booknlp,COREF,94,her,394587,394590,0,1042,26,M_6517
exp,exp_name,miss fairfax,Miss Fairfax,394635,394647,4,1042,26,M_6518
booknlp,COREF,103,He,394690,394692,1,1042,26,M_6519
booknlp,COREF,94,her,394698,394701,0,1042,26,M_6520
booknlp,COREF,103,he,394707,394709,1,1042,26,M_6521
booknlp,COREF,103,he,394809,394811,1,1042,26,M_6522
booknlp,COREF,103,his,394824,394827,1,1042,26,M_6523
exp,exp_name,mr. knightley,Mr. Knightley,394836,394849,6,1042,26,M_6524
exp,exp_name,cole,Cole,394868,394872,12,1042,26,M_6525
booknlp,COREF,103,he,394932,394934,1,1042,26,M_6526
booknlp,COREF,103,he,394987,394989,1,1042,26,M_6527
exp,exp_name,emma,Emma,395153,395157,0,1042,26,M_6528
booknlp,COREF,94,she,395172,395175,0,1042,26,M_6529
booknlp,COREF,94,She,395228,395231,0,1042,26,M_6530
booknlp,COREF,103,him,395243,395246,1,1042,26,M_6531
booknlp,COREF,103,his,395365,395368,1,1042,26,M_6532
exp,exp_name,churchill,Churchill,395618,395627,1,1042,26,M_6533
booknlp,COREF,103,he,395739,395741,1,1042,26,M_6534
booknlp,COREF,103,his,395746,395749,1,1042,26,M_6535
booknlp,COREF,103,he,395851,395853,1,1042,26,M_6536
booknlp,COREF,94,She,395913,395916,0,1043,26,M_6537
booknlp,COREF,103,he,396065,396067,1,1043,26,M_6538
booknlp,COREF,103,His,396075,396078,1,1043,26,M_6539
booknlp,COREF,103,He,396120,396122,1,1043,26,M_6540
booknlp,COREF,103,he,396177,396179,1,1043,26,M_6541
booknlp,COREF,103,his,396194,396197,1,1043,26,M_6542
booknlp,COREF,103,his,396209,396212,1,1043,26,M_6543
booknlp,COREF,103,he,396274,396276,1,1043,26,M_6544
booknlp,COREF,103,he,396288,396290,1,1043,26,M_6545
booknlp,COREF,103,he,396330,396332,1,1043,26,M_6546
booknlp,COREF,103,his,396409,396412,1,1043,26,M_6547
booknlp,COREF,103,he,396431,396433,1,1043,26,M_6548
booknlp,COREF,103,He,396450,396452,1,1043,26,M_6549
booknlp,COREF,103,he,396612,396614,1,1043,26,M_6550
booknlp,COREF,103,he,396621,396623,1,1043,26,M_6551
booknlp,COREF,103,he,396703,396705,1,1044,26,M_6552
exp,exp_name,emma,Emma,396723,396727,0,1044,26,M_6553
booknlp,COREF,103,his,396760,396763,1,1044,26,M_6554
booknlp,COREF,103,I,396774,396775,1,1045,26,M_6555
booknlp,COREF,103,he,396819,396821,1,1045,26,M_6556
booknlp,COREF,103,I,396847,396848,1,1045,26,M_6557
booknlp,COREF,103,my,396887,396889,1,1045,26,M_6558
booknlp,COREF,103,I,396896,396897,1,1045,26,M_6559
booknlp,COREF,103,I,396950,396951,1,1045,26,M_6560
booknlp,COREF,103,myself,396979,396985,1,1045,26,M_6561
pdnc,qID,Q678-1,Mrs. Weston,397016,397027,15,1045,26,M_6562
pdnc,qID,Q679-0,you,397078,397081,1,1046,26,M_6563
pdnc,qID,Q679-0,you,397111,397114,1,1046,26,M_6564
booknlp,COREF,103,your,397161,397165,1,1046,26,M_6565
booknlp,COREF,103,he,397189,397191,1,1047,26,M_6566
booknlp,COREF,103,I,397240,397241,1,1047,26,M_6567
booknlp,COREF,103,my,397269,397271,1,1047,26,M_6568
booknlp,COREF,103,I,397288,397289,1,1047,26,M_6569
booknlp,COREF,103,myself,397302,397308,1,1047,26,M_6570
exp,exp_name,emma,Emma,397376,397380,0,1048,26,M_6571
booknlp,COREF,94,herself,397387,397394,0,1048,26,M_6572
booknlp,COREF,103,him,397416,397419,1,1048,26,M_6573
exp,exp_name,cole,Cole,397457,397461,12,1048,26,M_6574
exp,exp_name,cole,Cole,397472,397476,12,1048,26,M_6575
booknlp,COREF,94,her,397497,397500,0,1048,26,M_6576
booknlp,COREF,94,she,397540,397543,0,1048,26,M_6577
exp,exp_name,frank churchill,Frank Churchill,397548,397563,1,1048,26,M_6578
exp,exp_name,miss fairfax,Miss Fairfax,397600,397612,4,1048,26,M_6579
booknlp,COREF,94,she,397676,397679,0,1049,26,M_6580
booknlp,COREF,103,He,397682,397684,1,1050,26,M_6581
pdnc,qID,Q682-0,you,397701,397704,0,1050,26,M_6582
booknlp,COREF,103,me,397717,397719,1,1050,26,M_6583
booknlp,COREF,103,he,397722,397724,1,1050,26,M_6584
booknlp,COREF,103,I,397735,397736,1,1050,26,M_6585
booknlp,COREF,103,I,397745,397746,1,1050,26,M_6586
pdnc,qID,Q682-1,Miss Fairfax,397779,397791,4,1050,26,M_6587
pdnc,qID,Q682-1,her,397801,397804,4,1050,26,M_6588
booknlp,COREF,103,I,397851,397852,1,1050,26,M_6589
booknlp,COREF,103,my,397865,397867,1,1050,26,M_6590
pdnc,qID,Q682-1,her,397878,397881,4,1050,26,M_6591
booknlp,COREF,103,I,397883,397884,1,1050,26,M_6592
pdnc,qID,Q682-1,her,397955,397958,4,1050,26,M_6593
booknlp,COREF,103,I,397964,397965,1,1050,26,M_6594
pdnc,qID,Q682-1,her,397995,397998,4,1050,26,M_6595
pdnc,qID,Q682-1,her,398019,398022,4,1050,26,M_6596
booknlp,COREF,103,I,398070,398071,1,1050,26,M_6597
booknlp,COREF,103,I,398078,398079,1,1050,26,M_6598
booknlp,COREF,103,I,398088,398089,1,1050,26,M_6599
pdnc,qID,Q682-1,you,398100,398103,0,1050,26,M_6600
pdnc,qID,Q682-1,she,398118,398121,4,1050,26,M_6601
pdnc,qID,Q682-1,she,398141,398144,4,1050,26,M_6602
booknlp,COREF,103,He,398156,398158,1,1051,26,M_6603
exp,exp_name,emma,Emma,398185,398189,0,1051,26,M_6604
booknlp,COREF,103,him,398199,398202,1,1051,26,M_6605
exp,exp_name,miss fairfax,Miss Fairfax,398219,398231,4,1051,26,M_6606
booknlp,COREF,149,her,398248,398251,4,1051,26,M_6607
booknlp,COREF,103,he,398296,398298,1,1051,26,M_6608
booknlp,COREF,103,himself,398324,398331,1,1051,26,M_6609
exp,exp_name,miss fairfax,Miss Fairfax,398374,398386,4,1051,26,M_6610
booknlp,COREF,94,she,398388,398391,0,1051,26,M_6611
booknlp,COREF,103,he,398438,398440,1,1052,26,M_6612
booknlp,COREF,103,his,398457,398460,1,1052,26,M_6613
exp,exp_name,mrs. weston,Mrs. Weston,398484,398495,15,1052,26,M_6614
pdnc,qID,Q683-1,My dear Emma,398599,398611,0,1053,26,M_6615
pdnc,qID,Q683-1,you,398637,398640,0,1053,26,M_6616
booknlp,COREF,94,yourself,398702,398710,0,1053,26,M_6617
pdnc,qID,Q683-1,you,398761,398764,0,1053,26,M_6618
pdnc,qID,Q683-1,Miss Bates,398774,398784,7,1053,26,M_6619
pdnc,qID,Q683-1,her niece,398789,398798,4,1053,26,M_6620
booknlp,COREF,103,I,398945,398946,1,1056,26,M_6621
pdnc,qID,Q687-0,Jane Fairfax,399074,399086,4,1057,26,M_6622
pdnc,qID,Q687-0,her,399173,399176,4,1057,26,M_6623
pdnc,qID,Q687-0,her,399197,399200,4,1057,26,M_6624
pdnc,qID,Q687-0,she,399245,399248,4,1057,26,M_6625
pdnc,qID,Q687-0,Poor girl,399318,399327,4,1057,26,M_6626
pdnc,qID,Q687-0,Mr. Weston,399377,399387,9,1057,26,M_6627
pdnc,qID,Q687-0,him,399427,399430,9,1057,26,M_6628
pdnc,qID,Q687-0,him,399443,399446,9,1057,26,M_6629
pdnc,qID,Q687-0,he,399493,399495,9,1057,26,M_6630
pdnc,qID,Q687-0,his,399528,399531,9,1057,26,M_6631
pdnc,qID,Q687-0,Miss Bates,399571,399581,7,1057,26,M_6632
pdnc,qID,Q687-0,her,399593,399596,7,1057,26,M_6633
pdnc,qID,Q687-0,her,399627,399630,7,1057,26,M_6634
pdnc,qID,Q687-0,she,399732,399735,7,1057,26,M_6635
pdnc,qID,Q687-0,Mr. Knightley,399896,399909,6,1057,26,M_6636
pdnc,qID,Q687-0,he,400309,400311,6,1057,26,M_6637
exp,exp_name,emma,Emma,400437,400441,0,1058,26,M_6638
pdnc,qID,Q688-1,Mr. Knightley,400496,400509,6,1058,26,M_6639
pdnc,qID,Q688-1,He,400608,400610,6,1058,26,M_6640
pdnc,qID,Q688-1,he,400637,400639,6,1058,26,M_6641
pdnc,qID,Q688-1,Jane Fairfax,400684,400696,4,1058,26,M_6642
pdnc,qID,Q688-1,him,400746,400749,6,1058,26,M_6643
pdnc,qID,Q688-1,Mr. Knightley,400844,400857,6,1058,26,M_6644
pdnc,qID,Q688-1,he,400866,400868,6,1058,26,M_6645
pdnc,qID,Q688-1,him,400930,400933,6,1058,26,M_6646
pdnc,qID,Q688-1,he,400948,400950,6,1058,26,M_6647
exp,exp_name,mrs. weston,Mrs. Weston,401001,401012,15,1059,26,M_6648
pdnc,qID,Q689-1,you,401024,401027,0,1059,26,M_6649
pdnc,qID,Q689-1,him,401033,401036,6,1059,26,M_6650
pdnc,qID,Q689-1,Miss Bates,401125,401135,7,1059,26,M_6651
pdnc,qID,Q689-1,Mr. Knightley,401323,401336,6,1059,26,M_6652
pdnc,qID,Q689-1,Jane Fairfax,401341,401353,4,1059,26,M_6653
pdnc,qID,Q689-1,you,401386,401389,0,1059,26,M_6654
pdnc,qID,Q689-1,you,401408,401411,0,1059,26,M_6655
pdnc,qID,Q690-0,Mr. Knightley,401426,401439,6,1060,26,M_6656
pdnc,qID,Q690-0,Jane Fairfax,401444,401456,4,1060,26,M_6657
exp,exp_name,emma,Emma,401469,401473,0,1060,26,M_6658
pdnc,qID,Q690-1,Dear Mrs. Weston,401476,401492,15,1060,26,M_6659
pdnc,qID,Q690-1,you,401504,401507,15,1060,26,M_6660
pdnc,qID,Q690-1,Mr. Knightley,401532,401545,6,1060,26,M_6661
pdnc,qID,Q690-1,Mr. Knightley,401548,401561,6,1060,26,M_6662
pdnc,qID,Q690-1,You,401579,401582,15,1060,26,M_6663
booknlp,COREF,94,I,401671,401672,0,1060,26,M_6664
pdnc,qID,Q690-1,Mr. Knightley,401698,401711,6,1060,26,M_6665
booknlp,COREF,94,I,401728,401729,0,1060,26,M_6666
booknlp,COREF,94,I,401763,401764,0,1060,26,M_6667
pdnc,qID,Q691-0,My dear Emma,401817,401829,0,1061,26,M_6668
pdnc,qID,Q691-0,you,401843,401846,0,1061,26,M_6669
pdnc,qID,Q691-0,Mr. Knightley,401999,402012,6,1061,26,M_6670
pdnc,qID,Q691-0,you,402037,402040,0,1061,26,M_6671
pdnc,qID,Q691-0,him,402056,402059,6,1061,26,M_6672
booknlp,COREF,94,I,402153,402154,0,1062,26,M_6673
booknlp,COREF,94,I,402162,402163,0,1062,26,M_6674
pdnc,qID,Q692-0,Mr. Knightley,402206,402219,6,1062,26,M_6675
booknlp,COREF,94,I,402232,402233,0,1062,26,M_6676
booknlp,COREF,94,I,402267,402268,0,1062,26,M_6677
pdnc,qID,Q692-0,Jane Fairfax,402294,402306,4,1062,26,M_6678
pdnc,qID,Q693-0,she,402335,402338,4,1063,26,M_6679
pdnc,qID,Q693-0,him,402378,402381,6,1063,26,M_6680
pdnc,qID,Q693-0,you,402386,402389,0,1063,26,M_6681
booknlp,COREF,94,I,402510,402511,0,1066,26,M_6682
pdnc,qID,Q696-0,you,402545,402548,15,1066,26,M_6683
pdnc,qID,Q696-0,you,402586,402589,15,1066,26,M_6684
pdnc,qID,Q696-0,His,402599,402602,6,1066,26,M_6685
pdnc,qID,Q696-0,his,402616,402619,6,1066,26,M_6686
booknlp,COREF,94,I,402633,402634,0,1066,26,M_6687
pdnc,qID,Q696-0,you,402640,402643,15,1066,26,M_6688
pdnc,qID,Q696-0,He,402694,402696,6,1066,26,M_6689
pdnc,qID,Q696-0,you,402733,402736,15,1066,26,M_6690
pdnc,qID,Q696-0,Jane Fairfax,402758,402770,4,1066,26,M_6691
pdnc,qID,Q696-0,My dear Mrs. Weston,402815,402834,15,1066,26,M_6692
pdnc,qID,Q696-0,Jane Fairfax,402885,402897,4,1066,26,M_6693
pdnc,qID,Q696-0,his,402962,402965,6,1066,26,M_6694
booknlp,COREF,94,I,402976,402977,0,1066,26,M_6695
pdnc,qID,Q696-0,him,402993,402996,6,1066,26,M_6696
pdnc,qID,Q697-0,you,403033,403036,0,1067,26,M_6697
pdnc,qID,Q698-0,Mr. Knightley,403167,403180,6,1068,26,M_6698
booknlp,COREF,94,I,403205,403206,0,1068,26,M_6699
pdnc,qID,Q698-0,he,403215,403217,6,1068,26,M_6700
pdnc,qID,Q698-0,his,403267,403270,6,1068,26,M_6701
pdnc,qID,Q698-0,he,403288,403290,6,1068,26,M_6702
pdnc,qID,Q698-0,He,403299,403301,6,1068,26,M_6703
pdnc,qID,Q698-0,his,403343,403346,6,1068,26,M_6704
pdnc,qID,Q698-0,his,403357,403360,6,1068,26,M_6705
pdnc,qID,Q698-0,his,403372,403375,6,1068,26,M_6706
pdnc,qID,Q698-0,he,403419,403421,6,1068,26,M_6707
pdnc,qID,Q698-0,his brother,403443,403454,5,1068,26,M_6708
pdnc,qID,Q698-0,He,403467,403469,6,1068,26,M_6709
pdnc,qID,Q698-0,his,403526,403529,6,1068,26,M_6710
pdnc,qID,Q699-0,My dear Emma,403540,403552,0,1069,26,M_6711
pdnc,qID,Q699-0,he,403565,403567,6,1069,26,M_6712
pdnc,qID,Q699-0,he,403596,403598,6,1069,26,M_6713
pdnc,qID,Q699-0,Jane Fairfax,403612,403624,4,1069,26,M_6714
pdnc,qID,Q700-0,He,403640,403642,6,1070,26,M_6715
pdnc,qID,Q700-0,Jane Fairfax,403663,403675,4,1070,26,M_6716
booknlp,COREF,94,I,403697,403698,0,1070,26,M_6717
pdnc,qID,Q700-0,he,403707,403709,6,1070,26,M_6718
pdnc,qID,Q700-0,He,403720,403722,6,1070,26,M_6719
booknlp,COREF,149,her,403744,403747,4,1070,26,M_6720
booknlp,COREF,149,her,403752,403755,4,1070,26,M_6721
exp,exp_name,mrs. weston,Mrs. Weston,403785,403796,15,1071,26,M_6722
pdnc,qID,Q701-1,he,403835,403837,6,1071,26,M_6723
pdnc,qID,Q701-1,Jane,403870,403874,4,1071,26,M_6724
pdnc,qID,Q702-0,her,403926,403929,4,1072,26,M_6725
booknlp,COREF,94,I,403931,403932,0,1072,26,M_6726
pdnc,qID,Q702-0,he,404021,404023,6,1072,26,M_6727
pdnc,qID,Q702-0,Miss Bates,404037,404047,7,1072,26,M_6728
pdnc,qID,Q702-0,him,404061,404064,6,1072,26,M_6729
pdnc,qID,Q702-0,her,404075,404078,7,1072,26,M_6730
pdnc,qID,Q702-0,his,404133,404136,6,1072,26,M_6731
pdnc,qID,Q702-0,Jane,404164,404168,4,1072,26,M_6732
pdnc,qID,Q702-0,he,404204,404206,6,1072,26,M_6733
pdnc,qID,Q702-0,her mother,404298,404308,11,1072,26,M_6734
pdnc,qID,Q702-0,she,404429,404432,11,1072,26,M_6735
pdnc,qID,Q703-0,Emma,404512,404516,0,1073,26,M_6736
pdnc,qID,Q703-0,her,404531,404534,7,1073,26,M_6737
pdnc,qID,Q703-0,You,404536,404539,0,1073,26,M_6738
pdnc,qID,Q703-0,Mr. Knightley,404607,404620,6,1073,26,M_6739
pdnc,qID,Q703-0,Miss Bates,404648,404658,7,1073,26,M_6740
pdnc,qID,Q703-0,him,404690,404693,6,1073,26,M_6741
pdnc,qID,Q703-0,She,404695,404698,7,1073,26,M_6742
pdnc,qID,Q703-0,he,404721,404723,6,1073,26,M_6743
pdnc,qID,Q703-0,he,404757,404759,6,1073,26,M_6744
pdnc,qID,Q703-0,her,404794,404797,7,1073,26,M_6745
pdnc,qID,Q703-0,him,404870,404873,6,1073,26,M_6746
pdnc,qID,Q703-0,he,404887,404889,6,1073,26,M_6747
pdnc,qID,Q703-0,he,404913,404915,6,1073,26,M_6748
pdnc,qID,Q703-0,him,404935,404938,6,1073,26,M_6749
pdnc,qID,Q703-0,you,404958,404961,0,1073,26,M_6750
pdnc,qID,Q703-0,Jane Fairfax,404981,404993,4,1073,26,M_6751
pdnc,qID,Q703-0,he,405008,405010,6,1073,26,M_6752
pdnc,qID,Q703-0,her,405020,405023,4,1073,26,M_6753
pdnc,qID,Q703-0,his,405025,405028,6,1073,26,M_6754
booknlp,COREF,149,her,405043,405046,4,1073,26,M_6755
pdnc,qID,Q703-0,his,405055,405058,6,1073,26,M_6756
booknlp,COREF,149,she,405072,405075,4,1073,26,M_6757
pdnc,qID,Q703-0,him,405122,405125,6,1073,26,M_6758
pdnc,qID,Q703-0,her,405189,405192,4,1073,26,M_6759
pdnc,qID,Q703-0,her,405231,405234,4,1073,26,M_6760
pdnc,qID,Q703-0,him,405255,405258,6,1073,26,M_6761
pdnc,qID,Q703-0,he,405268,405270,6,1073,26,M_6762
pdnc,qID,Q703-0,her,405287,405290,4,1073,26,M_6763
pdnc,qID,Q703-0,Mr. Knightley,405521,405534,6,1073,26,M_6764
pdnc,qID,Q703-0,he,405574,405576,6,1073,26,M_6765
pdnc,qID,Q704-0,he,405678,405680,6,1074,26,M_6766
booknlp,COREF,94,I,405697,405698,0,1074,26,M_6767
pdnc,qID,Q704-0,him,405744,405747,6,1074,26,M_6768
pdnc,qID,Q704-0,Mr. Knightley,405755,405768,6,1074,26,M_6769
pdnc,qID,Q705-0,him,405812,405815,6,1075,26,M_6770
pdnc,qID,Q705-0,her,405826,405829,4,1075,26,M_6771
pdnc,qID,Q705-0,him,405961,405964,6,1075,26,M_6772
pdnc,qID,Q706-0,he,405987,405989,6,1076,26,M_6773
pdnc,qID,Q706-0,her,406011,406014,4,1076,26,M_6774
pdnc,qID,Q706-0,he,406020,406022,6,1076,26,M_6775
booknlp,COREF,149,her,406039,406042,4,1076,26,M_6776
pdnc,qID,Q707-0,my dear Emma,406087,406099,0,1077,26,M_6777
pdnc,qID,Q707-0,him,406148,406151,6,1077,26,M_6778
pdnc,qID,Q707-0,he,406163,406165,6,1077,26,M_6779
pdnc,qID,Q707-0,Mrs. Cole,406195,406204,12,1077,26,M_6780
pdnc,qID,Q708-0,You,406233,406236,15,1078,26,M_6781
pdnc,qID,Q708-0,Mrs. Weston,406254,406265,15,1078,26,M_6782
pdnc,qID,Q708-0,you,406292,406295,15,1078,26,M_6783
booknlp,COREF,94,me,406324,406326,0,1078,26,M_6784
booknlp,COREF,94,I,406339,406340,0,1078,26,M_6785
booknlp,COREF,94,I,406368,406369,0,1078,26,M_6786
booknlp,COREF,94,me,406435,406437,0,1078,26,M_6787
pdnc,qID,Q708-0,Mr. Knightley,406443,406456,6,1078,26,M_6788
pdnc,qID,Q708-0,Jane Fairfax,406485,406497,4,1078,26,M_6789
exp,exp_name,emma,Emma,406559,406563,0,1079,26,M_6790
booknlp,COREF,94,her,406603,406606,0,1079,26,M_6791
exp,exp_name,mrs. weston,Mrs. Weston,406619,406630,15,1079,26,M_6792
exp,exp_name,cole,Cole,406797,406801,12,1079,26,M_6793
exp,exp_name,miss woodhouse,Miss Woodhouse,406825,406839,0,1079,26,M_6794
exp,exp_name,frank churchill,Frank Churchill,406879,406894,1,1079,26,M_6795
booknlp,COREF,94,her,406925,406928,0,1079,26,M_6796
exp,exp_name,mrs. weston,Mrs. Weston,406947,406958,15,1079,26,M_6797
booknlp,COREF,94,she,406960,406963,0,1079,26,M_6798
booknlp,COREF,103,he,407001,407003,1,1079,26,M_6799
exp,exp_name,miss fairfax,Miss Fairfax,407024,407036,4,1079,26,M_6800
exp,exp_name,cole,Cole,407051,407055,12,1079,26,M_6801
booknlp,COREF,103,his,407064,407067,1,1079,26,M_6802
exp,exp_name,emma,Emma,407130,407134,0,1079,26,M_6803
booknlp,COREF,94,she,407149,407152,0,1079,26,M_6804
booknlp,COREF,94,She,407185,407188,0,1080,26,M_6805
booknlp,COREF,94,her,407213,407216,0,1080,26,M_6806
booknlp,COREF,94,she,407258,407261,0,1080,26,M_6807
booknlp,COREF,94,she,407289,407292,0,1080,26,M_6808
booknlp,COREF,94,her,407398,407401,0,1080,26,M_6809
booknlp,COREF,94,her,407439,407442,0,1080,26,M_6810
booknlp,COREF,94,her,407453,407456,0,1080,26,M_6811
exp,exp_name,frank churchill,Frank Churchill,407522,407537,1,1080,26,M_6812
booknlp,COREF,94,Her,407539,407542,0,1080,26,M_6813
booknlp,COREF,103,He,407624,407626,1,1080,26,M_6814
booknlp,COREF,103,he,407739,407741,1,1080,26,M_6815
exp,exp_name,emma,Emma,407847,407851,0,1080,26,M_6816
booknlp,COREF,94,her,407870,407873,0,1080,26,M_6817
exp,exp_name,miss fairfax,Miss Fairfax,407883,407895,4,1080,26,M_6818
booknlp,COREF,149,she,407945,407948,4,1080,26,M_6819
booknlp,COREF,149,herself,407985,407992,4,1080,26,M_6820
booknlp,COREF,149,her,408021,408024,4,1080,26,M_6821
booknlp,COREF,149,she,408052,408055,4,1081,26,M_6822
booknlp,COREF,149,herself,408063,408070,4,1081,26,M_6823
exp,exp_name,frank churchill,Frank Churchill,408142,408157,1,1081,26,M_6824
exp,exp_name,mr. knightley,Mr. Knightley,408251,408264,6,1081,26,M_6825
exp,exp_name,emma,Emma,408311,408315,0,1081,26,M_6826
booknlp,COREF,94,she,408328,408331,0,1081,26,M_6827
exp,exp_name,mrs. weston,Mrs. Weston,408380,408391,15,1081,26,M_6828
booknlp,COREF,94,Her,408488,408491,0,1081,26,M_6829
exp,exp_name,mr. knightley,Mr. Knightley,408506,408519,6,1081,26,M_6830
booknlp,COREF,94,She,408561,408564,0,1081,26,M_6831
exp,exp_name,mr. john knightley,Mr. John Knightley,408637,408655,5,1081,26,M_6832
exp,exp_name,isabella,Isabella,408673,408681,3,1081,26,M_6833
booknlp,COREF,94,her,408800,408803,0,1081,26,M_6834
booknlp,COREF,94,herself,408839,408846,0,1081,26,M_6835
booknlp,COREF,94,she,408848,408851,0,1081,26,M_6836
exp,exp_name,jane fairfax,Jane Fairfax,408888,408900,4,1081,26,M_6837
exp,exp_name,knightley,Knightley,408926,408935,6,1081,26,M_6838
exp,exp_name,mr. knightley,Mr. Knightley,408970,408983,6,1081,26,M_6839
exp,exp_name,mr. knightley,Mr. Knightley,409059,409072,6,1082,26,M_6840
booknlp,COREF,94,her,409111,409114,0,1082,26,M_6841
booknlp,COREF,94,she,409206,409209,0,1082,26,M_6842
exp,exp_name,mrs. weston,Mrs. Weston,409227,409238,15,1082,26,M_6843
booknlp,COREF,94,her,409265,409268,0,1082,26,M_6844
booknlp,COREF,94,she,409304,409307,0,1082,26,M_6845
booknlp,COREF,94,she,409441,409444,0,1082,26,M_6846
booknlp,COREF,94,I,409532,409533,0,1083,26,M_6847
booknlp,COREF,94,she,409560,409563,0,1083,26,M_6848
booknlp,COREF,94,I,409571,409572,0,1083,26,M_6849
booknlp,COREF,94,I,409646,409647,0,1083,26,M_6850
pdnc,qID,Q709-1,you,409673,409676,6,1083,26,M_6851
pdnc,qID,Q709-1,my father,409697,409706,10,1083,26,M_6852
pdnc,qID,Q710-1,you,409842,409845,0,1084,26,M_6853
booknlp,COREF,94,I,409866,409867,0,1084,26,M_6854
booknlp,COREF,94,she,409943,409946,0,1084,26,M_6855
booknlp,COREF,94,"she--""this",410015,410025,0,1085,26,M_6856
booknlp,COREF,149,her,410178,410181,4,1086,26,M_6857
exp,exp_name,emma,Emma,410381,410385,0,1087,26,M_6858
booknlp,COREF,94,her,410403,410406,0,1087,26,M_6859
exp,exp_name,mr. knightley,Mr. Knightley,410417,410430,6,1087,26,M_6860
exp,exp_name,jane,Jane,410631,410635,4,1087,26,M_6861
booknlp,COREF,149,her,410651,410654,4,1087,26,M_6862
pdnc,qID,Q713-1,you,410738,410741,4,1088,26,M_6863
exp,exp_name,miss fairfax,Miss Fairfax,410877,410889,4,1089,26,M_6864
exp,exp_name,frank churchill,Frank Churchill,410945,410960,1,1089,26,M_6865
booknlp,COREF,103,I,410980,410981,1,1089,26,M_6866
pdnc,qID,Q714-0,you,410988,410991,4,1089,26,M_6867
exp,exp_name,mr. knightley,Mr. Knightley,411110,411123,6,1090,26,M_6868
pdnc,qID,Q715-0,That fellow,411138,411149,1,1091,26,M_6869
pdnc,qID,Q715-1,his,411209,411212,1,1091,26,M_6870
exp,exp_name,miss bates,Miss Bates,411256,411266,7,1091,26,M_6871
pdnc,qID,Q716-0,Miss Bates,411301,411311,7,1091,26,M_6872
pdnc,qID,Q716-0,you,411317,411320,7,1091,26,M_6873
pdnc,qID,Q716-0,your niece,411333,411343,4,1091,26,M_6874
pdnc,qID,Q716-0,They,411399,411403,1,1091,26,M_6875
pdnc,qID,Q716-0,her,411421,411424,4,1091,26,M_6876
exp,exp_name,miss bates,Miss Bates,411428,411438,7,1092,26,M_6877
exp,exp_name,jane,Jane,411464,411468,4,1092,26,M_6878
exp,exp_name,miss woodhouse,Miss Woodhouse,411622,411636,0,1092,26,M_6879
exp,exp_name,miss fairfax,Miss Fairfax,411641,411653,4,1092,26,M_6880
exp,exp_name,mrs. cole,Mrs. Cole,411825,411834,12,1092,26,M_6881
exp,exp_name,mrs. weston,Mrs. Weston,411902,411913,15,1092,26,M_6882
exp,exp_name,frank churchill,Frank Churchill,411999,412014,1,1092,26,M_6883
exp,exp_name,emma,Emma,412058,412062,0,1092,26,M_6884
booknlp,COREF,94,her,412076,412079,0,1092,26,M_6885
booknlp,COREF,94,her,412094,412097,0,1092,26,M_6886
exp,exp_name,emma,Emma,412183,412187,0,1093,26,M_6887
booknlp,COREF,94,she,412228,412231,0,1093,26,M_6888
booknlp,COREF,94,her,412249,412252,0,1093,26,M_6889
booknlp,COREF,94,her,412263,412266,0,1093,26,M_6890
exp,exp_name,mr. knightley,Mr. Knightley,412312,412325,6,1093,26,M_6891
exp,exp_name,jane fairfax,Jane Fairfax,412419,412431,4,1093,26,M_6892
exp,exp_name,mrs. cole,Mrs. Cole,412520,412529,12,1093,26,M_6893
exp,exp_name,jane,Jane,412562,412566,4,1093,26,M_6894
exp,exp_name,mrs. cole,Mrs. Cole,412623,412632,12,1093,26,M_6895
exp,exp_name,emma,Emma,412635,412639,0,1094,26,M_6896
booknlp,COREF,94,she,412705,412708,0,1094,26,M_6897
booknlp,COREF,94,she,412876,412879,0,1094,26,M_6898
booknlp,COREF,94,herself,412886,412893,0,1094,26,M_6899
exp,exp_name,miss bates,Miss Bates,413043,413053,7,1095,26,M_6900
exp,exp_name,mrs. weston,Mrs. Weston,413198,413209,15,1095,26,M_6901
exp,exp_name,frank churchill,Frank Churchill,413273,413288,1,1096,26,M_6902
booknlp,COREF,103,he,413293,413295,1,1096,26,M_6903
exp,exp_name,emma,Emma,413305,413309,0,1096,26,M_6904
booknlp,COREF,94,her,413313,413316,0,1096,26,M_6905
booknlp,COREF,103,I,413328,413329,1,1096,26,M_6906
pdnc,qID,Q717-1,Miss Fairfax,413346,413358,4,1096,26,M_6907
pdnc,qID,Q717-1,her,413364,413367,4,1096,26,M_6908
booknlp,COREF,103,me,413411,413413,1,1096,26,M_6909
pdnc,qID,Q717-1,yours,413421,413426,0,1096,26,M_6910
exp,exp_name,emma,Emma,413445,413449,0,1098,27,M_6911
booknlp,COREF,94,her,413465,413468,0,1098,27,M_6912
booknlp,COREF,94,her,413525,413528,0,1098,27,M_6913
booknlp,COREF,94,she,413584,413587,0,1098,27,M_6914
booknlp,COREF,94,She,413708,413711,0,1098,27,M_6915
booknlp,COREF,94,her,413813,413816,0,1098,27,M_6916
booknlp,COREF,94,she,413933,413936,0,1099,27,M_6917
booknlp,COREF,94,She,413957,413960,0,1099,27,M_6918
booknlp,COREF,94,she,413977,413980,0,1099,27,M_6919
booknlp,COREF,94,her,414043,414046,0,1099,27,M_6920
exp,exp_name,jane fairfax,Jane Fairfax,414061,414073,4,1099,27,M_6921
exp,exp_name,frank churchill,Frank Churchill,414088,414103,1,1099,27,M_6922
booknlp,COREF,94,her,414182,414185,0,1099,27,M_6923
booknlp,COREF,103,his,414191,414194,1,1099,27,M_6924
booknlp,COREF,94,she,414218,414221,0,1099,27,M_6925
booknlp,COREF,94,her,414248,414251,0,1099,27,M_6926
booknlp,COREF,94,her,414293,414296,0,1099,27,M_6927
booknlp,COREF,94,she,414322,414325,0,1099,27,M_6928
booknlp,COREF,94,her,414345,414348,0,1099,27,M_6929
exp,exp_name,jane fairfax,Jane Fairfax,414407,414419,4,1100,27,M_6930
booknlp,COREF,94,she,414431,414434,0,1100,27,M_6931
booknlp,COREF,94,She,414449,414452,0,1100,27,M_6932
booknlp,COREF,94,her,414513,414516,0,1100,27,M_6933
booknlp,COREF,94,She,414542,414545,0,1100,27,M_6934
booknlp,COREF,94,her,414592,414595,0,1100,27,M_6935
booknlp,COREF,94,She,414666,414669,0,1101,27,M_6936
exp,exp_name,harriet,Harriet,414694,414701,2,1101,27,M_6937
exp,exp_name,harriet,Harriet,414722,414729,2,1101,27,M_6938
booknlp,COREF,94,her,414760,414763,0,1101,27,M_6939
booknlp,COREF,94,she,414765,414768,0,1101,27,M_6940
pdnc,qID,Q718-0,you,414838,414841,0,1102,27,M_6941
pdnc,qID,Q718-0,Miss Fairfax,414846,414858,4,1102,27,M_6942
pdnc,qID,Q719-0,Harriet,414888,414895,2,1103,27,M_6943
booknlp,COREF,94,My,414897,414899,0,1103,27,M_6944
pdnc,qID,Q719-0,her,414924,414927,4,1103,27,M_6945
pdnc,qID,Q720-0,you,414982,414985,0,1104,27,M_6946
pdnc,qID,Q720-0,you,415020,415023,0,1104,27,M_6947
pdnc,qID,Q720-0,she,415046,415049,4,1104,27,M_6948
pdnc,qID,Q720-0,you,415089,415092,0,1104,27,M_6949
pdnc,qID,Q720-0,you,415130,415133,0,1104,27,M_6950
pdnc,qID,Q721-0,Harriet,415225,415232,2,1105,27,M_6951
booknlp,COREF,94,my,415239,415241,0,1105,27,M_6952
pdnc,qID,Q721-0,Jane Fairfax,415289,415301,4,1105,27,M_6953
pdnc,qID,Q722-0,you,415358,415361,0,1106,27,M_6954
booknlp,COREF,149,she,415384,415387,4,1106,27,M_6955
exp,exp_name,cole,Cole,415464,415468,12,1106,27,M_6956
pdnc,qID,Q722-0,you,415489,415492,0,1106,27,M_6957
pdnc,qID,Q722-0,Mr. Frank Churchill,415502,415521,1,1106,27,M_6958
pdnc,qID,Q722-0,your,415548,415552,0,1106,27,M_6959
pdnc,qID,Q722-0,he,415569,415571,1,1106,27,M_6960
pdnc,qID,Q723-0,Jane Fairfax,415622,415634,4,1107,27,M_6961
pdnc,qID,Q723-0,Harriet,415650,415657,2,1107,27,M_6962
pdnc,qID,Q724-0,you,415666,415669,0,1108,27,M_6963
pdnc,qID,Q724-0,she,415682,415685,4,1108,27,M_6964
pdnc,qID,Q724-0,she,415720,415723,4,1108,27,M_6965
pdnc,qID,Q724-0,she,415844,415847,4,1108,27,M_6966
booknlp,COREF,112,you,415872,415875,2,1108,27,M_6967
pdnc,qID,Q724-0,she,415901,415904,4,1108,27,M_6968
pdnc,qID,Q724-0,she,415931,415934,4,1108,27,M_6969
pdnc,qID,Q724-0,she,415999,416002,4,1108,27,M_6970
pdnc,qID,Q724-0,you,416044,416047,0,1108,27,M_6971
booknlp,COREF,112,me,416125,416127,2,1110,27,M_6972
exp,exp_name,harriet,Harriet,416145,416152,2,1110,27,M_6973
exp,exp_name,emma,Emma,416215,416219,0,1111,27,M_6974
booknlp,COREF,94,her,416258,416261,0,1111,27,M_6975
exp,exp_name,mr. elton,Mr. Elton,416295,416304,8,1111,27,M_6976
exp,exp_name,anne,Anne,416516,416520,15,1116,27,M_6977
exp,exp_name,anne,Anne,416690,416694,15,1117,27,M_6978
exp,exp_name,harriet,Harriet,416954,416961,2,1120,27,M_6979
exp,exp_name,ford,Ford,416978,416982,14,1120,27,M_6980
exp,exp_name,emma,Emma,416987,416991,0,1120,27,M_6981
booknlp,COREF,112,her,417027,417030,2,1120,27,M_6982
booknlp,COREF,112,her,417097,417100,2,1120,27,M_6983
exp,exp_name,harriet,Harriet,417137,417144,2,1121,27,M_6984
booknlp,COREF,112,she,417242,417245,2,1121,27,M_6985
booknlp,COREF,112,her,417290,417293,2,1121,27,M_6986
exp,exp_name,emma,Emma,417300,417304,0,1121,27,M_6987
exp,exp_name,cole,Cole,417507,417511,12,1121,27,M_6988
booknlp,COREF,94,she,417626,417629,0,1121,27,M_6989
booknlp,COREF,94,her,417664,417667,0,1121,27,M_6990
booknlp,COREF,94,she,417917,417920,0,1121,27,M_6991
booknlp,COREF,94,she,417926,417929,0,1121,27,M_6992
booknlp,COREF,94,She,418119,418122,0,1122,27,M_6993
exp,exp_name,mrs. weston,Mrs. Weston,418196,418207,15,1122,27,M_6994
exp,exp_name,mrs. bates,Mrs. Bates,418337,418347,11,1122,27,M_6995
exp,exp_name,ford,Ford,418397,418401,14,1122,27,M_6996
exp,exp_name,emma,Emma,418435,418439,0,1122,27,M_6997
booknlp,COREF,94,her,418513,418516,0,1122,27,M_6998
exp,exp_name,mrs. weston,Mrs. Weston,418620,418631,15,1122,27,M_6999
booknlp,COREF,94,her,418641,418644,0,1122,27,M_7000
pdnc,qID,Q735-1,Miss Bates,418793,418803,7,1123,27,M_7001
pdnc,qID,Q736-0,Mrs. Weston,418968,418979,15,1124,27,M_7002
pdnc,qID,Q736-0,her,418985,418988,15,1124,27,M_7003
booknlp,COREF,103,I,418996,418997,1,1124,27,M_7004
booknlp,COREF,103,I,419014,419015,1,1124,27,M_7005
exp,exp_name,frank churchill,Frank Churchill,419028,419043,1,1124,27,M_7006
pdnc,qID,Q736-1,your,419054,419058,0,1124,27,M_7007
pdnc,qID,Q736-1,her,419078,419081,15,1124,27,M_7008
pdnc,qID,Q736-1,you,419099,419102,0,1124,27,M_7009
exp,exp_name,mrs. weston,Mrs. Weston,419121,419132,15,1125,27,M_7010
pdnc,qID,Q737-0,you,419163,419166,1,1126,27,M_7011
pdnc,qID,Q738-0,Miss Woodhouse,419306,419320,0,1127,27,M_7012
pdnc,qID,Q738-0,she,419333,419336,0,1127,27,M_7013
pdnc,qID,Q738-0,Miss Woodhouse,419440,419454,0,1127,27,M_7014
pdnc,qID,Q738-0,she,419467,419470,0,1127,27,M_7015
booknlp,COREF,94,I,419518,419519,0,1128,27,M_7016
booknlp,COREF,94,my,419546,419548,0,1128,27,M_7017
exp,exp_name,emma,Emma,419560,419564,0,1128,27,M_7018
booknlp,COREF,94,I,419567,419568,0,1128,27,M_7019
pdnc,qID,Q739-1,my friend,419589,419598,2,1128,27,M_7020
pdnc,qID,Q739-1,She,419600,419603,2,1128,27,M_7021
pdnc,qID,Q739-1,you,419665,419668,1,1128,27,M_7022
pdnc,qID,Q739-1,Mrs. Weston,419688,419699,15,1128,27,M_7023
pdnc,qID,Q740-0,you,419737,419740,0,1129,27,M_7024
pdnc,qID,Q741-0,Mrs. Weston,419927,419938,15,1129,27,M_7025
pdnc,qID,Q741-0,She,419940,419943,15,1129,27,M_7026
pdnc,qID,Q741-0,her,420023,420026,15,1129,27,M_7027
booknlp,COREF,94,I,420102,420103,0,1130,27,M_7028
exp,exp_name,emma,Emma,420144,420148,0,1130,27,M_7029
booknlp,COREF,94,you,420172,420175,0,1130,27,M_7030
pdnc,qID,Q742-1,your,420199,420203,1,1130,27,M_7031
pdnc,qID,Q742-1,Miss Fairfax,420343,420355,4,1130,27,M_7032
exp,exp_name,mrs. weston,Mrs. Weston,420404,420415,15,1131,27,M_7033
pdnc,qID,Q743-1,you,420452,420455,1,1131,27,M_7034
pdnc,qID,Q743-1,you,420569,420572,1,1131,27,M_7035
pdnc,qID,Q743-1,you,420650,420653,1,1131,27,M_7036
booknlp,COREF,93,Hartfield,420709,420718,0,1132,27,M_7037
exp,exp_name,mrs. weston,Mrs. Weston,420748,420759,15,1132,27,M_7038
exp,exp_name,mrs. bates,Mrs. Bates,420763,420773,11,1132,27,M_7039
exp,exp_name,emma,Emma,420782,420786,0,1132,27,M_7040
exp,exp_name,harriet,Harriet,420820,420827,2,1132,27,M_7041
booknlp,COREF,112,her,420887,420890,2,1132,27,M_7042
booknlp,COREF,112,her,420913,420916,2,1132,27,M_7043
booknlp,COREF,112,she,420925,420928,2,1132,27,M_7044
booknlp,COREF,112,her,421059,421062,2,1132,27,M_7045
booknlp,COREF,94,I,421155,421156,0,1133,27,M_7046
exp,exp_name,mrs. ford,Mrs. Ford,421198,421207,14,1133,27,M_7047
booknlp,COREF,112,my,421249,421251,2,1133,27,M_7048
pdnc,qID,Q745-0,you,421286,421289,14,1133,27,M_7049
pdnc,qID,Q745-0,you,421321,421324,14,1133,27,M_7050
booknlp,COREF,112,I,421382,421383,2,1133,27,M_7051
booknlp,COREF,112,I,421430,421431,2,1133,27,M_7052
pdnc,qID,Q745-0,You,421519,421522,14,1133,27,M_7053
pdnc,qID,Q745-0,Mrs. Ford,421555,421564,14,1133,27,M_7054
pdnc,qID,Q745-0,you,421576,421579,14,1133,27,M_7055
pdnc,qID,Q746-0,Harriet,421607,421614,2,1134,27,M_7056
pdnc,qID,Q746-0,Mrs. Ford,421624,421633,14,1134,27,M_7057
pdnc,qID,Q748-0,ma'am,421708,421713,2,1136,27,M_7058
exp,exp_name,mrs. ford,Mrs. Ford,421734,421743,14,1136,27,M_7059
booknlp,COREF,112,I,421762,421763,2,1137,27,M_7060
pdnc,qID,Q749-0,you,421812,421815,0,1137,27,M_7061
booknlp,COREF,94,you,421824,421827,0,1137,27,M_7062
booknlp,COREF,112,I,421865,421866,2,1137,27,M_7063
booknlp,COREF,112,I,421884,421885,2,1137,27,M_7064
pdnc,qID,Q749-0,Miss Woodhouse,421893,421907,0,1137,27,M_7065
booknlp,COREF,112,I,421909,421910,2,1137,27,M_7066
booknlp,COREF,112,me,421977,421979,2,1137,27,M_7067
pdnc,qID,Q749-0,you,421998,422001,0,1137,27,M_7068
pdnc,qID,Q750-0,you,422018,422021,2,1138,27,M_7069
pdnc,qID,Q750-0,you,422087,422090,14,1138,27,M_7070
pdnc,qID,Q750-0,Mrs. Ford,422099,422108,14,1138,27,M_7071
exp,exp_name,harriet,Harriet,422148,422155,2,1139,27,M_7072
booknlp,COREF,112,I,422175,422176,2,1139,27,M_7073
exp,exp_name,mrs. weston,Mrs. Weston,422301,422312,15,1140,27,M_7074
exp,exp_name,miss bates,Miss Bates,422317,422327,7,1140,27,M_7075
pdnc,qID,Q752-0,My dear Miss Woodhouse,422352,422374,0,1141,27,M_7076
pdnc,qID,Q752-1,you,422441,422444,0,1141,27,M_7077
pdnc,qID,Q752-1,your,422502,422506,0,1141,27,M_7078
pdnc,qID,Q752-1,you,422538,422541,0,1141,27,M_7079
pdnc,qID,Q752-1,Miss Smith,422546,422556,2,1141,27,M_7080
pdnc,qID,Q752-1,you,422565,422568,2,1141,27,M_7081
pdnc,qID,Q752-1,Miss Smith,422573,422583,2,1141,27,M_7082
pdnc,qID,Q752-1,you,422604,422607,2,1141,27,M_7083
pdnc,qID,Q752-1,Mrs. Weston,422623,422634,15,1141,27,M_7084
pdnc,qID,Q753-0,Mrs. Bates,422698,422708,11,1142,27,M_7085
pdnc,qID,Q753-0,Miss Fairfax,422713,422725,4,1142,27,M_7086
pdnc,qID,Q754-0,you,422767,422770,0,1143,27,M_7087
pdnc,qID,Q754-0,My mother,422772,422781,11,1143,27,M_7088
pdnc,qID,Q754-0,Jane,422808,422812,4,1143,27,M_7089
pdnc,qID,Q754-0,Mr. Woodhouse,422847,422860,10,1143,27,M_7090
pdnc,qID,Q754-0,Mrs. Weston,422905,422916,15,1143,27,M_7091
pdnc,qID,Q754-0,you,422925,422928,0,1143,27,M_7092
exp,exp_name,miss woodhouse,Miss Woodhouse,422988,423002,0,1143,27,M_7093
pdnc,qID,Q756-0,Mr. Frank Churchill,423183,423202,1,1143,27,M_7094
exp,exp_name,miss woodhouse,Miss Woodhouse,423205,423219,0,1143,27,M_7095
booknlp,COREF,93,you,423330,423333,0,1143,27,M_7096
pdnc,qID,Q759-0,you,423430,423433,0,1143,27,M_7097
pdnc,qID,Q759-0,Miss Woodhouse,423446,423460,0,1143,27,M_7098
pdnc,qID,Q759-0,he,423468,423470,1,1143,27,M_7099
pdnc,qID,Q759-0,my mother,423543,423552,11,1143,27,M_7100
pdnc,qID,Q759-0,you,423588,423591,0,1143,27,M_7101
pdnc,qID,Q759-0,my mother,423636,423645,11,1143,27,M_7102
pdnc,qID,Q759-0,her,423660,423663,11,1143,27,M_7103
pdnc,qID,Q759-0,Jane,423785,423789,4,1143,27,M_7104
exp,exp_name,john,John,423828,423832,5,1143,27,M_7105
pdnc,qID,Q759-0,you,423973,423976,0,1143,27,M_7106
booknlp,COREF,93,your,424097,424101,0,1143,27,M_7107
booknlp,COREF,93,your,424139,424143,0,1143,27,M_7108
pdnc,qID,Q761-0,you,424555,424558,0,1143,27,M_7109
pdnc,qID,Q761-0,dear Jane,424592,424601,4,1143,27,M_7110
pdnc,qID,Q761-0,she,424618,424621,4,1143,27,M_7111
pdnc,qID,Q761-0,you,424676,424679,0,1143,27,M_7112
pdnc,qID,Q761-0,you,424709,424712,0,1143,27,M_7113
pdnc,qID,Q761-0,my mother,424736,424745,11,1143,27,M_7114
pdnc,qID,Q761-0,she,424762,424765,4,1143,27,M_7115
pdnc,qID,Q761-0,she,424866,424869,4,1143,27,M_7116
pdnc,qID,Q761-0,she,424904,424907,4,1143,27,M_7117
pdnc,qID,Q761-0,Mr. Woodhouse,425134,425147,10,1143,27,M_7118
pdnc,qID,Q761-0,Mr. Woodhouse,425207,425220,10,1143,27,M_7119
pdnc,qID,Q761-0,Mrs. Weston,425353,425364,15,1143,27,M_7120
pdnc,qID,Q761-0,you,425366,425369,15,1143,27,M_7121
exp,exp_name,emma,Emma,425429,425433,0,1144,27,M_7122
exp,exp_name,mrs. bates,Mrs. Bates,425466,425476,11,1144,27,M_7123
exp,exp_name,miss bates,Miss Bates,425554,425564,7,1144,27,M_7124
pdnc,qID,Q762-0,you,425580,425583,14,1145,27,M_7125
pdnc,qID,Q762-0,Mrs. Ford,425588,425597,14,1145,27,M_7126
pdnc,qID,Q762-0,you,425632,425635,14,1145,27,M_7127
pdnc,qID,Q762-0,you,425651,425654,14,1145,27,M_7128
pdnc,qID,Q762-0,Jane,425708,425712,4,1145,27,M_7129
pdnc,qID,Q762-0,ye,425750,425752,14,1145,27,M_7130
pdnc,qID,Q762-0,Jane,425824,425828,4,1145,27,M_7131
booknlp,COREF,94,I,425860,425861,0,1146,27,M_7132
booknlp,COREF,94,she,425880,425883,0,1146,27,M_7133
exp,exp_name,emma,Emma,425936,425940,0,1147,27,M_7134
booknlp,COREF,94,she,425978,425981,0,1147,27,M_7135
booknlp,COREF,94,I,425995,425996,0,1148,27,M_7136
booknlp,COREF,94,I,426005,426006,0,1148,27,M_7137
booknlp,COREF,94,I,426029,426030,0,1148,27,M_7138
pdnc,qID,Q764-0,my mother,426052,426061,11,1148,27,M_7139
pdnc,qID,Q764-0,Mr. Frank Churchill,426096,426115,1,1148,27,M_7140
pdnc,qID,Q765-0,he,426128,426130,1,1148,27,M_7141
booknlp,COREF,94,I,426133,426134,0,1148,27,M_7142
booknlp,COREF,94,I,426144,426145,0,1148,27,M_7143
booknlp,COREF,94,I,426168,426169,0,1148,27,M_7144
pdnc,qID,Q766-0,you,426215,426218,0,1148,27,M_7145
pdnc,qID,Q766-0,him,426231,426234,1,1148,27,M_7146
booknlp,COREF,94,I,426260,426261,0,1148,27,M_7147
booknlp,COREF,94,I,426285,426286,0,1148,27,M_7148
pdnc,qID,Q766-0,him,426300,426303,1,1148,27,M_7149
booknlp,COREF,94,I,426323,426324,0,1148,27,M_7150
booknlp,COREF,103,he,426339,426341,1,1148,27,M_7151
booknlp,COREF,94,I,426373,426374,0,1148,27,M_7152
pdnc,qID,Q766-0,you,426391,426394,15,1148,27,M_7153
pdnc,qID,Q766-0,Mrs. Weston,426396,426407,15,1148,27,M_7154
pdnc,qID,Q766-0,He,426422,426424,1,1148,27,M_7155
pdnc,qID,Q767-0,he,426483,426485,1,1148,27,M_7156
booknlp,COREF,94,I,426488,426489,0,1148,27,M_7157
booknlp,COREF,94,I,426512,426513,0,1148,27,M_7158
booknlp,COREF,94,I,426552,426553,0,1148,27,M_7159
pdnc,qID,Q768-0,his,426573,426576,1,1148,27,M_7160
booknlp,COREF,94,I,426594,426595,0,1148,27,M_7161
pdnc,qID,Q769-0,he,426718,426720,1,1148,27,M_7162
booknlp,COREF,94,I,426834,426835,0,1148,27,M_7163
booknlp,COREF,94,my,426848,426850,0,1148,27,M_7164
pdnc,qID,Q770-0,you,426864,426867,0,1148,27,M_7165
booknlp,COREF,94,I,426894,426895,0,1148,27,M_7166
pdnc,qID,Q770-0,his,426908,426911,1,1148,27,M_7167
pdnc,qID,Q770-0,Mr. Woodhouse,427074,427087,10,1148,27,M_7168
pdnc,qID,Q770-0,Miss Woodhouse,427139,427153,0,1148,27,M_7169
pdnc,qID,Q770-0,Mr. Knightley,427293,427306,6,1148,27,M_7170
pdnc,qID,Q770-0,He,427330,427332,6,1148,27,M_7171
pdnc,qID,Q770-0,his,427431,427434,6,1148,27,M_7172
booknlp,COREF,94,I,427442,427443,0,1148,27,M_7173
pdnc,qID,Q770-0,My mother,427474,427483,11,1148,27,M_7174
pdnc,qID,Q770-0,her,427522,427525,11,1148,27,M_7175
booknlp,COREF,94,I,427544,427545,0,1148,27,M_7176
pdnc,qID,Q770-0,Mr. Knightley,427590,427603,6,1148,27,M_7177
pdnc,qID,Q770-0,Jane,427628,427632,4,1148,27,M_7178
pdnc,qID,Q770-0,she,427701,427704,4,1148,27,M_7179
pdnc,qID,Q770-0,he,427723,427725,6,1148,27,M_7180
booknlp,COREF,94,I,427782,427783,0,1148,27,M_7181
pdnc,qID,Q771-0,he,427811,427813,6,1148,27,M_7182
booknlp,COREF,94,I,427820,427821,0,1148,27,M_7183
booknlp,COREF,94,I,427856,427857,0,1148,27,M_7184
booknlp,COREF,94,I,427886,427887,0,1148,27,M_7185
booknlp,COREF,94,me,427922,427924,0,1148,27,M_7186
booknlp,COREF,94,I,427970,427971,0,1148,27,M_7187
booknlp,COREF,94,I,428035,428036,0,1148,27,M_7188
pdnc,qID,Q772-0,he,428044,428046,6,1148,27,M_7189
booknlp,COREF,94,I,428092,428093,0,1148,27,M_7190
pdnc,qID,Q772-0,Jane,428214,428218,4,1148,27,M_7191
booknlp,COREF,94,I,428224,428225,0,1148,27,M_7192
pdnc,qID,Q772-0,he,428253,428255,6,1148,27,M_7193
pdnc,qID,Q772-0,he,428297,428299,6,1148,27,M_7194
pdnc,qID,Q772-0,Jane,428322,428326,4,1148,27,M_7195
pdnc,qID,Q772-0,he,428351,428353,6,1148,27,M_7196
pdnc,qID,Q772-0,she,428364,428367,4,1148,27,M_7197
booknlp,COREF,94,me,428391,428393,0,1148,27,M_7198
booknlp,COREF,94,I,428399,428400,0,1148,27,M_7199
pdnc,qID,Q772-0,she,428473,428476,4,1148,27,M_7200
booknlp,COREF,94,I,428503,428504,0,1148,27,M_7201
pdnc,qID,Q772-0,she,428547,428550,4,1148,27,M_7202
booknlp,COREF,94,I,428558,428559,0,1148,27,M_7203
pdnc,qID,Q772-0,him,428569,428572,6,1148,27,M_7204
booknlp,COREF,94,I,428616,428617,0,1148,27,M_7205
booknlp,COREF,94,my,428619,428621,0,1148,27,M_7206
booknlp,COREF,94,I,428628,428629,0,1148,27,M_7207
booknlp,COREF,94,I,428649,428650,0,1148,27,M_7208
booknlp,COREF,94,I,428794,428795,0,1148,27,M_7209
pdnc,qID,Q772-0,you,428887,428890,0,1148,27,M_7210
booknlp,COREF,94,I,428949,428950,0,1148,27,M_7211
booknlp,COREF,94,I,428992,428993,0,1148,27,M_7212
pdnc,qID,Q772-0,his master,429078,429088,6,1148,27,M_7213
pdnc,qID,Q772-0,his master,429127,429137,6,1148,27,M_7214
pdnc,qID,Q772-0,his master,429240,429250,6,1148,27,M_7215
pdnc,qID,Q772-0,you,429282,429285,0,1148,27,M_7216
pdnc,qID,Q772-0,his master,429307,429317,6,1148,27,M_7217
pdnc,qID,Q772-0,her master,429444,429454,6,1148,27,M_7218
booknlp,COREF,94,me,429752,429754,0,1148,27,M_7219
booknlp,COREF,94,I,429760,429761,0,1148,27,M_7220
booknlp,COREF,94,I,429794,429795,0,1148,27,M_7221
pdnc,qID,Q772-0,Mr. Knightley,429811,429824,6,1148,27,M_7222
pdnc,qID,Q772-0,He,429864,429866,6,1148,27,M_7223
booknlp,COREF,94,I,429888,429889,0,1148,27,M_7224
pdnc,qID,Q772-0,Jane,429913,429917,4,1148,27,M_7225
booknlp,COREF,94,I,429947,429948,0,1148,27,M_7226
booknlp,COREF,94,I,429973,429974,0,1148,27,M_7227
exp,exp_name,miss bates,Miss Bates,429988,429998,7,1149,27,M_7228
pdnc,qID,Q773-0,Mrs. Weston,430196,430207,15,1150,27,M_7229
pdnc,qID,Q773-0,Miss Woodhouse,430257,430271,0,1150,27,M_7230
pdnc,qID,Q773-0,Miss Smith,430354,430364,2,1150,27,M_7231
pdnc,qID,Q773-0,Miss Woodhouse,430382,430396,0,1150,27,M_7232
booknlp,COREF,94,I,430398,430399,0,1150,27,M_7233
booknlp,COREF,94,I,430420,430421,0,1150,27,M_7234
pdnc,qID,Q773-0,you,430430,430433,0,1150,27,M_7235
pdnc,qID,Q773-0,your,430438,430442,0,1150,27,M_7236
pdnc,qID,Q773-0,Miss Smith,430449,430459,2,1150,27,M_7237
exp,exp_name,mrs. bates,Mrs. Bates,430586,430596,11,1152,28,M_7238
booknlp,COREF,111,her,430610,430613,11,1152,28,M_7239
exp,exp_name,frank churchill,Frank Churchill,430668,430683,1,1152,28,M_7240
booknlp,COREF,111,her,430701,430704,11,1152,28,M_7241
booknlp,COREF,111,her,430734,430737,11,1152,28,M_7242
exp,exp_name,jane fairfax,Jane Fairfax,430754,430766,4,1152,28,M_7243
booknlp,COREF,149,her,430782,430785,4,1152,28,M_7244
booknlp,COREF,149,her,430810,430813,4,1152,28,M_7245
exp,exp_name,emma,Emma,430922,430926,0,1153,28,M_7246
pdnc,qID,Q774-1,You,431049,431052,0,1154,28,M_7247
pdnc,qID,Q774-1,you,431093,431096,0,1154,28,M_7248
exp,exp_name,mrs. weston,Mrs. Weston,431135,431146,15,1155,28,M_7249
pdnc,qID,Q775-1,you,431158,431161,1,1155,28,M_7250
pdnc,qID,Q775-1,you,431179,431182,1,1155,28,M_7251
pdnc,qID,Q776-1,Miss Fairfax,431340,431352,4,1156,28,M_7252
pdnc,qID,Q776-1,her,431371,431374,4,1156,28,M_7253
pdnc,qID,Q776-1,You,431464,431467,15,1156,28,M_7254
exp,exp_name,jane fairfax,Jane Fairfax,431796,431808,4,1157,28,M_7255
booknlp,COREF,149,she,431867,431870,4,1157,28,M_7256
exp,exp_name,emma,Emma,431898,431902,0,1157,28,M_7257
booknlp,COREF,94,her,431942,431945,0,1157,28,M_7258
booknlp,COREF,94,she,431954,431957,0,1157,28,M_7259
booknlp,COREF,94,she,432036,432039,0,1157,28,M_7260
booknlp,COREF,94,herself,432052,432059,0,1157,28,M_7261
exp,exp_name,emma,Emma,432095,432099,0,1157,28,M_7262
booknlp,COREF,94,her,432207,432210,0,1157,28,M_7263
exp,exp_name,jane,Jane,432237,432241,4,1158,28,M_7264
exp,exp_name,mrs. weston,Mrs. Weston,432360,432371,15,1158,28,M_7265
exp,exp_name,emma,Emma,432424,432428,0,1158,28,M_7266
exp,exp_name,frank churchill,Frank Churchill,432616,432631,1,1159,28,M_7267
exp,exp_name,emma,Emma,432649,432653,0,1159,28,M_7268
booknlp,COREF,103,I,432687,432688,1,1159,28,M_7269
booknlp,COREF,103,I,432784,432785,1,1159,28,M_7270
booknlp,COREF,103,I,432864,432865,1,1159,28,M_7271
pdnc,qID,Q777-1,Miss Fairfax,432876,432888,4,1159,28,M_7272
pdnc,qID,Q777-1,you,432983,432986,4,1159,28,M_7273
exp,exp_name,jane,Jane,432999,433003,4,1160,28,M_7274
booknlp,COREF,149,She,433024,433027,4,1160,28,M_7275
exp,exp_name,mrs. weston,Mrs. Weston,433053,433064,15,1160,28,M_7276
booknlp,COREF,149,her,433086,433089,4,1160,28,M_7277
exp,exp_name,emma,Emma,433134,433138,0,1161,28,M_7278
booknlp,COREF,94,mine,433155,433159,0,1161,28,M_7279
pdnc,qID,Q778-1,her,433196,433199,4,1161,28,M_7280
pdnc,qID,Q779-0,your,433343,433347,4,1163,28,M_7281
pdnc,qID,Q779-0,your,433384,433388,4,1163,28,M_7282
pdnc,qID,Q779-0,Miss Fairfax,433416,433428,4,1163,28,M_7283
pdnc,qID,Q779-0,you,433461,433464,4,1163,28,M_7284
pdnc,qID,Q779-0,you,433555,433558,4,1163,28,M_7285
pdnc,qID,Q779-0,you,433646,433649,4,1163,28,M_7286
pdnc,qID,Q781-0,Miss Woodhouse,434263,434277,0,1166,28,M_7287
pdnc,qID,Q781-0,Miss Fairfax,434423,434435,4,1166,28,M_7288
pdnc,qID,Q781-0,madam,434511,434516,11,1166,28,M_7289
exp,exp_name,mrs. bates,Mrs. Bates,434522,434532,11,1166,28,M_7290
pdnc,qID,Q782-0,your,434548,434552,11,1166,28,M_7291
exp,exp_name,miss fairfax,Miss Fairfax,434721,434733,4,1167,28,M_7292
pdnc,qID,Q783-0,you,434793,434796,4,1168,28,M_7293
pdnc,qID,Q783-1,You,434905,434908,4,1168,28,M_7294
pdnc,qID,Q783-1,you,434938,434941,4,1168,28,M_7295
pdnc,qID,Q783-1,you,434983,434986,4,1168,28,M_7296
booknlp,COREF,149,She,435111,435114,4,1169,28,M_7297
booknlp,COREF,149,She,435243,435246,4,1171,28,M_7298
exp,exp_name,emma,Emma,435390,435394,0,1171,28,M_7299
pdnc,qID,Q785-0,you,435442,435445,0,1172,28,M_7300
pdnc,qID,Q785-0,Miss Fairfax,435649,435661,4,1172,28,M_7301
exp,exp_name,emma,Emma,435881,435885,0,1173,28,M_7302
booknlp,COREF,94,her,435973,435976,0,1173,28,M_7303
exp,exp_name,jane fairfax,Jane Fairfax,435989,436001,4,1173,28,M_7304
booknlp,COREF,94,she,436002,436005,0,1173,28,M_7305
booknlp,COREF,94,she,436042,436045,0,1173,28,M_7306
booknlp,COREF,149,she,436139,436142,4,1173,28,M_7307
exp,exp_name,jane fairfax,Jane Fairfax,436257,436269,4,1173,28,M_7308
booknlp,COREF,94,her,436354,436357,0,1174,28,M_7309
exp,exp_name,emma,Emma,436394,436398,0,1174,28,M_7310
pdnc,qID,Q786-0,You,436437,436440,1,1175,28,M_7311
pdnc,qID,Q786-0,She,436458,436461,4,1175,28,M_7312
pdnc,qID,Q786-0,you,436478,436481,1,1175,28,M_7313
booknlp,COREF,149,I,436486,436487,4,1176,28,M_7314
pdnc,qID,Q787-0,she,436493,436496,4,1176,28,M_7315
booknlp,COREF,149,I,436503,436504,4,1176,28,M_7316
pdnc,qID,Q787-0,her,436516,436519,4,1176,28,M_7317
booknlp,COREF,149,me,436531,436533,4,1176,28,M_7318
booknlp,COREF,149,I,436535,436536,4,1176,28,M_7319
booknlp,COREF,149,my,436568,436570,4,1176,28,M_7320
booknlp,COREF,149,I,436595,436596,4,1177,28,M_7321
booknlp,COREF,149,I,436623,436624,4,1177,28,M_7322
booknlp,COREF,149,I,436657,436658,4,1178,28,M_7323
booknlp,COREF,94,you,436672,436675,0,1178,28,M_7324
booknlp,COREF,94,you,436690,436693,0,1178,28,M_7325
booknlp,COREF,149,me,436713,436715,4,1178,28,M_7326
booknlp,COREF,149,I,436717,436718,4,1178,28,M_7327
pdnc,qID,Q789-0,her,436741,436744,4,1178,28,M_7328
pdnc,qID,Q789-0,her,436780,436783,4,1178,28,M_7329
pdnc,qID,Q789-0,she,436788,436791,4,1178,28,M_7330
pdnc,qID,Q789-0,she,436804,436807,4,1178,28,M_7331
pdnc,qID,Q790-0,She,436829,436832,4,1179,28,M_7332
booknlp,COREF,149,I,436861,436862,4,1179,28,M_7333
booknlp,COREF,149,I,436873,436874,4,1180,28,M_7334
pdnc,qID,Q791-0,She,436903,436906,4,1180,28,M_7335
exp,exp_name,miss bates,Miss Bates,436988,436998,7,1181,28,M_7336
exp,exp_name,mr. knightley,Mr. Knightley,437034,437047,6,1181,28,M_7337
pdnc,qID,Q792-0,Mr. Knightley,437077,437090,6,1182,28,M_7338
pdnc,qID,Q792-0,him,437119,437122,6,1182,28,M_7339
pdnc,qID,Q792-0,him,437150,437153,6,1182,28,M_7340
pdnc,qID,Q792-0,my mother,437234,437243,11,1182,28,M_7341
pdnc,qID,Q792-0,he,437272,437274,6,1182,28,M_7342
pdnc,qID,Q792-0,he,437293,437295,6,1182,28,M_7343
exp,exp_name,mr. knightley,Mr. Knightley,437496,437509,6,1183,28,M_7344
pdnc,qID,Q793-0,ye,437659,437661,6,1184,28,M_7345
pdnc,qID,Q793-0,ye,437673,437675,6,1184,28,M_7346
pdnc,qID,Q793-0,you,437700,437703,6,1184,28,M_7347
pdnc,qID,Q793-0,you,437719,437722,6,1184,28,M_7348
pdnc,qID,Q793-0,my mother,437774,437783,11,1184,28,M_7349
pdnc,qID,Q793-0,You,437829,437832,6,1184,28,M_7350
exp,exp_name,miss bates,Miss Bates,437873,437883,7,1185,28,M_7351
exp,exp_name,mr. knightley,Mr. Knightley,437889,437902,6,1185,28,M_7352
pdnc,qID,Q794-0,your niece,438004,438014,4,1186,28,M_7353
exp,exp_name,miss bates,Miss Bates,438016,438026,7,1186,28,M_7354
pdnc,qID,Q794-0,your niece,438079,438089,4,1186,28,M_7355
pdnc,qID,Q794-0,Miss Fairfax,438098,438110,4,1186,28,M_7356
pdnc,qID,Q794-0,she,438120,438123,4,1186,28,M_7357
pdnc,qID,Q794-0,she,438158,438161,4,1186,28,M_7358
pdnc,qID,Q794-0,Miss Fairfax,438182,438194,4,1186,28,M_7359
exp,exp_name,miss bates,Miss Bates,438205,438215,7,1187,28,M_7360
exp,exp_name,mrs. weston,Mrs. Weston,438327,438338,15,1187,28,M_7361
exp,exp_name,emma,Emma,438344,438348,0,1187,28,M_7362
exp,exp_name,emma,Emma,438383,438387,0,1187,28,M_7363
booknlp,COREF,94,her,438400,438403,0,1187,28,M_7364
pdnc,qID,Q795-0,you,438447,438450,6,1188,28,M_7365
pdnc,qID,Q795-0,you,438477,438480,6,1188,28,M_7366
exp,exp_name,miss bates,Miss Bates,438509,438519,7,1188,28,M_7367
booknlp,COREF,94,I,438547,438548,0,1190,28,M_7368
booknlp,COREF,94,I,438575,438576,0,1190,28,M_7369
pdnc,qID,Q796-0,you,438594,438597,7,1190,28,M_7370
pdnc,qID,Q797-0,you,438626,438629,6,1191,28,M_7371
pdnc,qID,Q797-0,Mrs. Cole,438632,438641,12,1191,28,M_7372
pdnc,qID,Q797-0,she,438667,438670,12,1191,28,M_7373
pdnc,qID,Q798-0,Mrs. Cole,438706,438715,12,1192,28,M_7374
booknlp,COREF,94,I,438742,438743,0,1192,28,M_7375
pdnc,qID,Q798-0,you,438762,438765,7,1192,28,M_7376
booknlp,COREF,94,I,438775,438776,0,1193,28,M_7377
pdnc,qID,Q799-0,you,438783,438786,6,1193,28,M_7378
pdnc,qID,Q799-0,you,438811,438814,6,1193,28,M_7379
pdnc,qID,Q799-0,Miss Woodhouse,438831,438845,0,1193,28,M_7380
pdnc,qID,Q799-0,Miss Smith,438850,438860,2,1193,28,M_7381
pdnc,qID,Q799-0,your,438919,438923,6,1193,28,M_7382
pdnc,qID,Q801-0,Mrs. Weston,439045,439056,15,1195,28,M_7383
pdnc,qID,Q801-0,Mr. Frank Churchill,439061,439080,1,1195,28,M_7384
pdnc,qID,Q802-0,you,439146,439149,7,1196,28,M_7385
pdnc,qID,Q804-0,your,439294,439298,7,1198,28,M_7386
booknlp,COREF,94,I,439379,439380,0,1199,28,M_7387
pdnc,qID,Q805-0,Mr. Knightley,439399,439412,6,1199,28,M_7388
pdnc,qID,Q805-0,you,439479,439482,6,1199,28,M_7389
pdnc,qID,Q805-0,Miss Woodhouse,439531,439545,0,1199,28,M_7390
pdnc,qID,Q805-0,Mr. Frank Churchill,439550,439569,1,1199,28,M_7391
booknlp,COREF,94,I,439571,439572,0,1199,28,M_7392
pdnc,qID,Q806-0,Miss Woodhouse,439675,439689,0,1200,28,M_7393
pdnc,qID,Q806-0,Mr. Frank Churchill,439694,439713,1,1200,28,M_7394
booknlp,COREF,103,his,439764,439767,1,1200,28,M_7395
pdnc,qID,Q807-0,Miss Fairfax,439803,439815,4,1200,28,M_7396
pdnc,qID,Q807-0,Miss Fairfax,439853,439865,4,1200,28,M_7397
pdnc,qID,Q807-0,Mrs. Weston,439888,439899,15,1200,28,M_7398
pdnc,qID,Q807-0,you,440053,440056,7,1200,28,M_7399
pdnc,qID,Q808-0,Mr. Knightley,440112,440125,6,1201,28,M_7400
pdnc,qID,Q808-0,Jane,440183,440187,4,1201,28,M_7401
booknlp,COREF,94,I,440192,440193,0,1201,28,M_7402
pdnc,qID,Q810-0,your,440274,440278,6,1203,28,M_7403
pdnc,qID,Q810-0,your,440294,440298,6,1203,28,M_7404
pdnc,qID,Q810-0,You,440313,440316,6,1203,28,M_7405
pdnc,qID,Q810-0,you,440322,440325,6,1203,28,M_7406
pdnc,qID,Q810-0,you,440352,440355,6,1203,28,M_7407
pdnc,qID,Q810-0,You,440467,440470,6,1203,28,M_7408
pdnc,qID,Q810-0,you,440503,440506,6,1203,28,M_7409
pdnc,qID,Q810-0,he,440523,440525,6,1203,28,M_7410
pdnc,qID,Q810-0,He,440534,440536,6,1203,28,M_7411
booknlp,COREF,94,I,440571,440572,0,1203,28,M_7412
pdnc,qID,Q810-0,he,440581,440583,6,1203,28,M_7413
booknlp,COREF,94,I,440693,440694,0,1203,28,M_7414
pdnc,qID,Q811-0,Mr. Knightley,440726,440739,6,1203,28,M_7415
pdnc,qID,Q811-0,He,440753,440755,6,1203,28,M_7416
pdnc,qID,Q811-0,He,440778,440780,6,1203,28,M_7417
booknlp,COREF,94,me,440787,440789,0,1203,28,M_7418
pdnc,qID,Q811-0,he,440793,440795,6,1203,28,M_7419
exp,exp_name,jane,Jane,440833,440837,4,1204,28,M_7420
pdnc,qID,Q812-1,his,440849,440852,6,1204,28,M_7421
pdnc,qID,Q813-0,my dear,440900,440907,4,1205,28,M_7422
booknlp,COREF,94,I,440909,440910,0,1205,28,M_7423
pdnc,qID,Q813-0,Mr. Knightley,440997,441010,6,1205,28,M_7424
booknlp,COREF,94,I,441072,441073,0,1205,28,M_7425
pdnc,qID,Q814-0,he,441114,441116,6,1205,28,M_7426
booknlp,COREF,94,I,441121,441122,0,1205,28,M_7427
pdnc,qID,Q814-0,Miss Woodhouse,441146,441160,0,1205,28,M_7428
pdnc,qID,Q814-0,you,441167,441170,0,1205,28,M_7429
pdnc,qID,Q814-0,You,441182,441185,0,1205,28,M_7430
pdnc,qID,Q814-0,you,441226,441229,0,1205,28,M_7431
exp,exp_name,emma,Emma,441233,441237,0,1206,28,M_7432
exp,exp_name,mrs. weston,Mrs. Weston,441389,441400,15,1206,28,M_7433
exp,exp_name,frank churchill,Frank Churchill,441966,441981,1,1209,29,M_7434
exp,exp_name,mr. woodhouse,Mr. Woodhouse,442081,442094,10,1209,29,M_7435
booknlp,COREF,85,his,442123,442126,10,1209,29,M_7436
exp,exp_name,frank,Frank,442211,442216,1,1209,29,M_7437
booknlp,COREF,103,his,442243,442246,1,1209,29,M_7438
exp,exp_name,mr. frank churchill,Mr. Frank Churchill,442471,442490,1,1209,29,M_7439
exp,exp_name,miss woodhouse,Miss Woodhouse,442495,442509,0,1209,29,M_7440
exp,exp_name,jane fairfax,Jane Fairfax,442585,442597,4,1209,29,M_7441
booknlp,COREF,103,him,442687,442690,1,1209,29,M_7442
exp,exp_name,mr. weston,Mr. Weston,442876,442886,9,1209,29,M_7443
booknlp,COREF,86,His,442961,442964,9,1210,29,M_7444
exp,exp_name,cole,Cole,443024,443028,12,1210,29,M_7445
exp,exp_name,mr. weston,Mr. Weston,443165,443175,9,1210,29,M_7446
exp,exp_name,mrs. weston,Mrs. Weston,443227,443238,15,1210,29,M_7447
pdnc,qID,Q815-0,You,443472,443475,0,1211,29,M_7448
pdnc,qID,Q815-0,Miss Smith,443480,443490,2,1211,29,M_7449
pdnc,qID,Q815-0,Miss Fairfax,443496,443508,4,1211,29,M_7450
pdnc,qID,Q816-0,my father,443638,443647,9,1211,29,M_7451
pdnc,qID,Q816-0,Mr. Knightley,443669,443682,6,1211,29,M_7452
pdnc,qID,Q816-0,You,443729,443732,0,1211,29,M_7453
pdnc,qID,Q816-0,Miss Smith,443737,443747,2,1211,29,M_7454
pdnc,qID,Q816-0,Miss Fairfax,443753,443765,4,1211,29,M_7455
exp,exp_name,mr. weston,Mr. Weston,444486,444496,9,1216,29,M_7456
exp,exp_name,emma,Emma,444979,444983,0,1217,29,M_7457
exp,exp_name,mrs. weston,Mrs. Weston,445010,445021,15,1217,29,M_7458
exp,exp_name,mr. woodhouse,Mr. Woodhouse,445060,445073,10,1217,29,M_7459
booknlp,COREF,85,him,445128,445131,10,1217,29,M_7460
booknlp,COREF,85,he,445209,445211,10,1218,29,M_7461
booknlp,COREF,85,I,445253,445254,10,1218,29,M_7462
pdnc,qID,Q817-1,Emma,445277,445281,0,1218,29,M_7463
pdnc,qID,Q817-1,Emma,445284,445288,0,1218,29,M_7464
pdnc,qID,Q817-1,She,445304,445307,0,1218,29,M_7465
pdnc,qID,Q817-1,poor little Harriet,445346,445365,2,1218,29,M_7466
pdnc,qID,Q817-1,Mrs. Weston,445385,445396,15,1218,29,M_7467
pdnc,qID,Q817-1,you,445398,445401,15,1218,29,M_7468
pdnc,qID,Q817-1,That young man,445502,445516,1,1218,29,M_7469
pdnc,qID,Q818-0,his father,445567,445577,9,1218,29,M_7470
pdnc,qID,Q818-0,that young man,445583,445597,1,1218,29,M_7471
pdnc,qID,Q818-0,He,445622,445624,1,1218,29,M_7472
pdnc,qID,Q818-0,He,445721,445723,1,1218,29,M_7473
booknlp,COREF,85,I,445755,445756,10,1218,29,M_7474
pdnc,qID,Q818-0,you,445776,445779,15,1218,29,M_7475
pdnc,qID,Q818-0,him,445788,445791,1,1218,29,M_7476
pdnc,qID,Q818-0,he,445804,445806,1,1218,29,M_7477
exp,exp_name,mrs. weston,Mrs. Weston,445833,445844,15,1219,29,M_7478
exp,exp_name,frank churchill,Frank Churchill,446116,446131,1,1219,29,M_7479
booknlp,COREF,103,he,446330,446332,1,1220,29,M_7480
exp,exp_name,emma,Emma,446403,446407,0,1221,29,M_7481
booknlp,COREF,103,he,446531,446533,1,1222,29,M_7482
booknlp,COREF,103,he,446580,446582,1,1222,29,M_7483
booknlp,COREF,103,he,446612,446614,1,1222,29,M_7484
booknlp,COREF,103,I,446629,446630,1,1223,29,M_7485
booknlp,COREF,94,she,446704,446707,0,1224,29,M_7486
pdnc,qID,Q823-1,you,446710,446713,1,1224,29,M_7487
booknlp,COREF,103,he,446910,446912,1,1225,29,M_7488
booknlp,COREF,103,I,446923,446924,1,1225,29,M_7489
pdnc,qID,Q824-1,you,446936,446939,0,1225,29,M_7490
pdnc,qID,Q824-1,Miss Woodhouse,446975,446989,0,1225,29,M_7491
pdnc,qID,Q824-1,you,446991,446994,0,1225,29,M_7492
pdnc,qID,Q824-1,my father,447185,447194,9,1225,29,M_7493
booknlp,COREF,103,I,447212,447213,1,1225,29,M_7494
booknlp,COREF,103,I,447232,447233,1,1225,29,M_7495
exp,exp_name,emma,Emma,447301,447305,0,1226,29,M_7496
booknlp,COREF,103,his,447335,447338,1,1226,29,M_7497
booknlp,COREF,103,he,447384,447386,1,1226,29,M_7498
booknlp,COREF,94,her,447446,447449,0,1226,29,M_7499
booknlp,COREF,94,she,447455,447458,0,1226,29,M_7500
booknlp,COREF,94,she,447506,447509,0,1226,29,M_7501
booknlp,COREF,103,him,447535,447538,1,1226,29,M_7502
booknlp,COREF,103,his,447629,447632,1,1226,29,M_7503
booknlp,COREF,103,his,447666,447669,1,1226,29,M_7504
booknlp,COREF,103,he,447726,447728,1,1226,29,M_7505
booknlp,COREF,103,he,447791,447793,1,1227,29,M_7506
booknlp,COREF,103,he,447816,447818,1,1227,29,M_7507
booknlp,COREF,103,he,447931,447933,1,1227,29,M_7508
pdnc,qID,Q825-0,Miss Woodhouse,447975,447989,0,1228,29,M_7509
booknlp,COREF,103,he,447992,447994,1,1228,29,M_7510
pdnc,qID,Q825-1,your,448022,448026,0,1228,29,M_7511
booknlp,COREF,103,I,448087,448088,1,1228,29,M_7512
pdnc,qID,Q825-1,my father,448113,448122,9,1228,29,M_7513
booknlp,COREF,103,I,448139,448140,1,1228,29,M_7514
pdnc,qID,Q825-1,my father,448192,448201,9,1228,29,M_7515
pdnc,qID,Q825-1,your,448222,448226,0,1228,29,M_7516
booknlp,COREF,103,I,448261,448262,1,1228,29,M_7517
pdnc,qID,Q825-1,your,448286,448290,0,1228,29,M_7518
pdnc,qID,Q827-0,you,448429,448432,0,1230,29,M_7519
pdnc,qID,Q827-0,Mr. Woodhouse,448437,448450,10,1230,29,M_7520
booknlp,COREF,103,I,448473,448474,1,1230,29,M_7521
pdnc,qID,Q827-0,you,448481,448484,0,1230,29,M_7522
pdnc,qID,Q827-0,my father,448493,448502,9,1230,29,M_7523
pdnc,qID,Q827-0,his,448509,448512,9,1230,29,M_7524
pdnc,qID,Q827-0,him,448549,448552,9,1230,29,M_7525
pdnc,qID,Q827-0,he,448583,448585,9,1230,29,M_7526
pdnc,qID,Q827-0,his,448660,448663,9,1230,29,M_7527
pdnc,qID,Q827-0,Mrs. Weston,448674,448685,15,1230,29,M_7528
pdnc,qID,Q827-0,you,448720,448723,0,1230,29,M_7529
pdnc,qID,Q827-0,you,448769,448772,0,1230,29,M_7530
pdnc,qID,Q827-0,you,448899,448902,0,1230,29,M_7531
pdnc,qID,Q827-0,You,449017,449020,0,1230,29,M_7532
booknlp,COREF,103,I,449030,449031,1,1230,29,M_7533
pdnc,qID,Q827-0,you,449037,449040,0,1230,29,M_7534
booknlp,COREF,103,me,449067,449069,1,1231,29,M_7535
exp,exp_name,mrs. weston,Mrs. Weston,449115,449126,15,1231,29,M_7536
booknlp,COREF,103,I,449135,449136,1,1231,29,M_7537
booknlp,COREF,103,I,449172,449173,1,1231,29,M_7538
booknlp,COREF,103,myself,449189,449195,1,1231,29,M_7539
booknlp,COREF,103,I,449913,449914,1,1234,29,M_7540
pdnc,qID,Q829-0,sir,449937,449940,10,1234,29,M_7541
exp,exp_name,frank churchill,Frank Churchill,449948,449963,1,1234,29,M_7542
exp,exp_name,mr. woodhouse,Mr. Woodhouse,450222,450235,10,1235,29,M_7543
pdnc,qID,Q830-1,you,450253,450256,1,1235,29,M_7544
pdnc,qID,Q830-1,you,450283,450286,1,1235,29,M_7545
booknlp,COREF,85,I,450396,450397,10,1235,29,M_7546
pdnc,qID,Q830-1,your father,450468,450479,9,1235,29,M_7547
pdnc,qID,Q831-0,sir,450540,450543,10,1236,29,M_7548
pdnc,qID,Q831-0,you,450731,450734,10,1236,29,M_7549
pdnc,qID,Q831-0,sir,450746,450749,10,1236,29,M_7550
pdnc,qID,Q832-0,Mr. Churchill,450804,450817,1,1237,29,M_7551
booknlp,COREF,85,I,450904,450905,10,1237,29,M_7552
pdnc,qID,Q832-0,your father,450982,450993,9,1237,29,M_7553
pdnc,qID,Q832-0,Mrs. Weston,450998,451009,15,1237,29,M_7554
pdnc,qID,Q832-0,poor Miss Taylor,451011,451027,15,1237,29,M_7555
booknlp,COREF,103,I,451193,451194,1,1238,29,M_7556
booknlp,COREF,103,myself,451220,451226,1,1238,29,M_7557
booknlp,COREF,85,me,451260,451262,10,1239,29,M_7558
booknlp,COREF,85,I,451264,451265,10,1239,29,M_7559
booknlp,COREF,85,I,451300,451301,10,1239,29,M_7560
booknlp,COREF,85,I,451357,451358,10,1239,29,M_7561
exp,exp_name,mrs. weston,Mrs. Weston,451562,451573,15,1239,29,M_7562
booknlp,COREF,103,my,451698,451700,1,1240,29,M_7563
exp,exp_name,emma,Emma,451742,451746,0,1241,29,M_7564
pdnc,qID,Q837-0,my dear,451982,451989,0,1242,29,M_7565
booknlp,COREF,103,I,452097,452098,1,1242,29,M_7566
booknlp,COREF,103,I,452184,452185,1,1242,29,M_7567
booknlp,COREF,103,I,452196,452197,1,1242,29,M_7568
booknlp,COREF,94,I,452233,452234,0,1243,29,M_7569
pdnc,qID,Q838-0,Mrs. Weston,452308,452319,15,1243,29,M_7570
pdnc,qID,Q838-0,Mrs. Weston,452328,452339,15,1243,29,M_7571
pdnc,qID,Q839-0,papa,452382,452386,10,1244,29,M_7572
pdnc,qID,Q839-0,you,452393,452396,10,1244,29,M_7573
pdnc,qID,Q839-0,dear Mrs. Weston,452424,452440,15,1244,29,M_7574
pdnc,qID,Q839-0,you,452476,452479,10,1244,29,M_7575
booknlp,COREF,103,I,452534,452535,1,1244,29,M_7576
exp,exp_name,emma,Emma,452597,452601,0,1244,29,M_7577
booknlp,COREF,103,I,452656,452657,1,1244,29,M_7578
pdnc,qID,Q840-0,you,452664,452667,10,1244,29,M_7579
pdnc,qID,Q840-0,her,452704,452707,15,1244,29,M_7580
booknlp,COREF,94,I,452750,452751,0,1245,29,M_7581
pdnc,qID,Q841-0,Poor little Emma,452775,452791,0,1245,29,M_7582
pdnc,qID,Q841-0,You,452793,452796,0,1245,29,M_7583
pdnc,qID,Q841-0,you,452838,452841,0,1245,29,M_7584
booknlp,COREF,94,I,453059,453060,0,1245,29,M_7585
pdnc,qID,Q841-0,poor Isabella,453075,453088,3,1245,29,M_7586
pdnc,qID,Q841-0,she,453121,453124,3,1245,29,M_7587
pdnc,qID,Q842-0,My father,453149,453158,9,1246,29,M_7588
pdnc,qID,Q842-0,Mrs. Weston,453163,453174,15,1246,29,M_7589
exp,exp_name,frank churchill,Frank Churchill,453214,453229,1,1246,29,M_7590
booknlp,COREF,103,I,453273,453274,1,1246,29,M_7591
booknlp,COREF,94,your,453331,453335,0,1246,29,M_7592
pdnc,qID,Q842-1,you,453356,453359,10,1246,29,M_7593
booknlp,COREF,94,your,453401,453405,0,1246,29,M_7594
booknlp,COREF,103,I,453426,453427,1,1246,29,M_7595
booknlp,COREF,94,you,453507,453510,0,1246,29,M_7596
booknlp,COREF,103,me,453523,453525,1,1246,29,M_7597
booknlp,COREF,94,you,453536,453539,0,1246,29,M_7598
booknlp,COREF,94,you,453590,453593,0,1246,29,M_7599
exp,exp_name,emma,Emma,453597,453601,0,1247,29,M_7600
booknlp,COREF,94,her,453653,453656,0,1247,29,M_7601
booknlp,COREF,94,she,453701,453704,0,1247,29,M_7602
exp,exp_name,mrs. weston,Mrs. Weston,453801,453812,15,1247,29,M_7603
booknlp,COREF,94,her,453831,453834,0,1247,29,M_7604
booknlp,COREF,94,her,453847,453850,0,1247,29,M_7605
booknlp,COREF,94,she,453913,453916,0,1247,29,M_7606
pdnc,qID,Q843-0,Emma,453982,453986,0,1248,29,M_7607
booknlp,COREF,94,she,453994,453997,0,1248,29,M_7608
booknlp,COREF,94,I,454025,454026,0,1248,29,M_7609
pdnc,qID,Q843-1,you,454053,454056,0,1248,29,M_7610
booknlp,COREF,94,I,454144,454145,0,1248,29,M_7611
pdnc,qID,Q844-0,My dear,454170,454177,15,1249,29,M_7612
pdnc,qID,Q844-0,you,454179,454182,15,1249,29,M_7613
booknlp,COREF,94,her,454209,454212,0,1249,29,M_7614
pdnc,qID,Q844-1,You,454251,454254,15,1249,29,M_7615
exp,exp_name,mrs. weston,Mrs. Weston,455229,455240,15,1251,29,M_7616
exp,exp_name,emma,Emma,455314,455318,0,1251,29,M_7617
exp,exp_name,mrs. weston,Mrs. Weston,455404,455415,15,1252,29,M_7618
exp,exp_name,mrs. weston,Mrs. Weston,455670,455681,15,1252,29,M_7619
booknlp,COREF,86,you,455860,455863,9,1253,29,M_7620
exp,exp_name,mr. weston,Mr. Weston,455876,455886,9,1254,29,M_7621
pdnc,qID,Q846-0,You,455977,455980,15,1255,29,M_7622
pdnc,qID,Q846-0,my dear,456030,456037,15,1255,29,M_7623
exp,exp_name,mrs. weston,Mrs. Weston,456131,456142,15,1256,29,M_7624
exp,exp_name,frank,Frank,456349,456354,1,1257,29,M_7625
pdnc,qID,Q848-1,You,456368,456371,15,1257,29,M_7626
pdnc,qID,Q848-1,your,456377,456381,15,1257,29,M_7627
booknlp,COREF,103,I,456404,456405,1,1257,29,M_7628
pdnc,qID,Q848-1,you,456423,456426,15,1257,29,M_7629
pdnc,qID,Q848-1,the Coles,456475,456484,12,1257,29,M_7630
booknlp,COREF,103,I,456528,456529,1,1257,29,M_7631
pdnc,qID,Q848-1,Miss Bates,456549,456559,7,1257,29,M_7632
pdnc,qID,Q848-1,She,456561,456564,7,1257,29,M_7633
booknlp,COREF,103,I,456587,456588,1,1257,29,M_7634
pdnc,qID,Q848-1,Miss Bates,456609,456619,7,1257,29,M_7635
booknlp,COREF,103,I,456707,456708,1,1257,29,M_7636
booknlp,COREF,103,I,456752,456753,1,1257,29,M_7637
pdnc,qID,Q848-1,Miss Bates,456768,456778,7,1257,29,M_7638
pdnc,qID,Q849-0,you,456803,456806,1,1258,29,M_7639
exp,exp_name,mrs. weston,Mrs. Weston,456821,456832,15,1258,29,M_7640
pdnc,qID,Q849-1,you,456856,456859,1,1258,29,M_7641
pdnc,qID,Q849-1,she,456866,456869,7,1258,29,M_7642
pdnc,qID,Q850-0,You,456893,456896,1,1259,29,M_7643
pdnc,qID,Q850-0,Miss Bates,456934,456944,7,1259,29,M_7644
exp,exp_name,emma,Emma,456952,456956,0,1259,29,M_7645
pdnc,qID,Q850-1,She,456959,456962,7,1259,29,M_7646
pdnc,qID,Q850-1,she,457002,457005,7,1259,29,M_7647
pdnc,qID,Q850-1,you,457016,457019,1,1259,29,M_7648
pdnc,qID,Q850-1,She,457029,457032,7,1259,29,M_7649
booknlp,COREF,103,your,457057,457061,1,1259,29,M_7650
booknlp,COREF,94,I,457073,457074,0,1259,29,M_7651
pdnc,qID,Q850-1,Miss Bates,457106,457116,7,1259,29,M_7652
pdnc,qID,Q851-0,she,457125,457128,7,1260,29,M_7653
booknlp,COREF,103,I,457166,457167,1,1260,29,M_7654
pdnc,qID,Q851-0,Miss Bates,457192,457202,7,1260,29,M_7655
booknlp,COREF,103,I,457213,457214,1,1260,29,M_7656
pdnc,qID,Q851-0,you,457248,457251,0,1260,29,M_7657
exp,exp_name,mr. weston,Mr. Weston,457265,457275,9,1261,29,M_7658
booknlp,COREF,86,his,457331,457334,9,1261,29,M_7659
pdnc,qID,Q852-0,Frank,457367,457372,1,1262,29,M_7660
pdnc,qID,Q852-0,Miss Bates,457388,457398,7,1262,29,M_7661
pdnc,qID,Q852-0,She,457435,457438,7,1262,29,M_7662
pdnc,qID,Q852-0,Miss Bates,457559,457569,7,1262,29,M_7663
pdnc,qID,Q852-0,She,457605,457608,7,1262,29,M_7664
pdnc,qID,Q853-0,sir,457697,457700,9,1263,29,M_7665
pdnc,qID,Q853-0,the old lady,457706,457718,11,1263,29,M_7666
pdnc,qID,Q854-0,The old lady,457726,457738,11,1264,29,M_7667
pdnc,qID,Q854-0,the young lady,457744,457758,4,1264,29,M_7668
pdnc,qID,Q854-0,you,457786,457789,1,1264,29,M_7669
pdnc,qID,Q854-0,Frank,457809,457814,1,1264,29,M_7670
pdnc,qID,Q854-0,you,457819,457822,1,1264,29,M_7671
pdnc,qID,Q854-0,the aunt,457829,457837,7,1264,29,M_7672
pdnc,qID,Q854-0,the niece,457846,457855,4,1264,29,M_7673
pdnc,qID,Q855-0,your,457870,457874,9,1265,29,M_7674
pdnc,qID,Q855-0,sir,457883,457886,9,1265,29,M_7675
pdnc,qID,Q855-0,you,457936,457939,9,1265,29,M_7676
exp,exp_name,mrs. weston,Mrs. Weston,458105,458116,15,1266,29,M_7677
exp,exp_name,mrs. weston,Mrs. Weston,458550,458561,15,1266,29,M_7678
exp,exp_name,frank,Frank,458623,458628,1,1266,29,M_7679
booknlp,COREF,103,his,458698,458701,1,1266,29,M_7680
exp,exp_name,miss bates,Miss Bates,458809,458819,7,1267,29,M_7681
exp,exp_name,emma,Emma,459248,459252,0,1267,29,M_7682
booknlp,COREF,94,her,459345,459348,0,1267,29,M_7683
exp,exp_name,mr. weston,Mr. Weston,459361,459371,9,1267,29,M_7684
booknlp,COREF,86,his,459383,459386,9,1267,29,M_7685
pdnc,qID,Q856-0,He,459394,459396,1,1267,29,M_7686
pdnc,qID,Q856-0,her,459407,459410,0,1267,29,M_7687
pdnc,qID,Q856-0,my dear,459412,459419,15,1267,29,M_7688
booknlp,COREF,86,I,459435,459436,9,1267,29,M_7689
pdnc,qID,Q856-0,he,459442,459444,1,1267,29,M_7690
exp,exp_name,emma,Emma,459557,459561,0,1269,30,M_7691
exp,exp_name,frank churchill,Frank Churchill,459616,459631,1,1269,30,M_7692
exp,exp_name,mr. weston,Mr. Weston,459666,459676,9,1269,30,M_7693
booknlp,COREF,94,she,459691,459694,0,1269,30,M_7694
booknlp,COREF,94,her,460058,460061,0,1269,30,M_7695
exp,exp_name,emma,Emma,460355,460359,0,1270,30,M_7696
booknlp,COREF,94,her,460382,460385,0,1270,30,M_7697
exp,exp_name,mr. knightley,Mr. Knightley,460428,460441,6,1270,30,M_7698
booknlp,COREF,94,her,460732,460735,0,1270,30,M_7699
exp,exp_name,emma,Emma,460761,460765,0,1270,30,M_7700
exp,exp_name,emma,Emma,461428,461432,0,1272,30,M_7701
booknlp,COREF,94,her,461451,461454,0,1272,30,M_7702
booknlp,COREF,94,her,461468,461471,0,1272,30,M_7703
exp,exp_name,jane fairfax,Jane Fairfax,461513,461525,4,1272,30,M_7704
booknlp,COREF,94,her,461601,461604,0,1272,30,M_7705
booknlp,COREF,94,she,461645,461648,0,1272,30,M_7706
booknlp,COREF,94,her,461712,461715,0,1272,30,M_7707
booknlp,COREF,94,she,461740,461743,0,1272,30,M_7708
pdnc,qID,Q858-0,Miss Woodhouse,461770,461784,0,1273,30,M_7709
booknlp,COREF,94,I,461786,461787,0,1273,30,M_7710
booknlp,COREF,94,I,461868,461869,0,1273,30,M_7711
booknlp,COREF,94,I,461893,461894,0,1273,30,M_7712
exp,exp_name,jane fairfax,Jane Fairfax,461951,461963,4,1274,30,M_7713
exp,exp_name,mrs. weston,Mrs. Weston,462077,462088,15,1274,30,M_7714
exp,exp_name,mr. knightley,Mr. Knightley,462272,462285,6,1275,30,M_7715
exp,exp_name,mr. churchill,Mr. Churchill,462397,462410,1,1275,30,M_7716
booknlp,COREF,103,his,462419,462422,1,1275,30,M_7717
exp,exp_name,churchill,Churchill,462453,462462,1,1275,30,M_7718
exp,exp_name,emma,Emma,462881,462885,0,1276,30,M_7719
exp,exp_name,mrs. weston,Mrs. Weston,462902,462913,15,1276,30,M_7720
exp,exp_name,mrs. weston,Mrs. Weston,463149,463160,15,1277,30,M_7721
exp,exp_name,emma,Emma,463430,463434,0,1278,30,M_7722
booknlp,COREF,94,she,463722,463725,0,1278,30,M_7723
booknlp,COREF,94,her,463730,463733,0,1278,30,M_7724
booknlp,COREF,94,Her,463809,463812,0,1279,30,M_7725
exp,exp_name,churchill,Churchill,463883,463892,1,1279,30,M_7726
exp,exp_name,emma,Emma,463994,463998,0,1279,30,M_7727
exp,exp_name,emma,Emma,464051,464055,0,1280,30,M_7728
booknlp,COREF,94,her,464070,464073,0,1280,30,M_7729
pdnc,qID,Q860-0,you,464490,464493,1,1282,30,M_7730
exp,exp_name,emma,Emma,464517,464521,0,1282,30,M_7731
pdnc,qID,Q860-1,your,464541,464545,1,1282,30,M_7732
pdnc,qID,Q862-0,my uncle,464741,464749,9,1283,30,M_7733
pdnc,qID,Q862-0,aunt,464754,464758,15,1283,30,M_7734
pdnc,qID,Q864-0,You,465073,465076,0,1285,30,M_7735
pdnc,qID,Q864-0,us,465082,465084,1,1285,30,M_7736
pdnc,qID,Q864-0,Miss Woodhouse,465106,465120,0,1285,30,M_7737
pdnc,qID,Q864-0,you,465130,465133,0,1285,30,M_7738
booknlp,COREF,94,I,465162,465163,0,1286,30,M_7739
booknlp,COREF,94,I,465208,465209,0,1286,30,M_7740
pdnc,qID,Q866-0,My father,465310,465319,9,1287,30,M_7741
pdnc,qID,Q866-0,your,465349,465353,0,1287,30,M_7742
exp,exp_name,emma,Emma,465368,465372,0,1288,30,M_7743
pdnc,qID,Q868-0,you,465610,465613,1,1290,30,M_7744
exp,exp_name,emma,Emma,465650,465654,0,1290,30,M_7745
booknlp,COREF,94,I,465667,465668,0,1290,30,M_7746
pdnc,qID,Q868-1,you,465698,465701,1,1290,30,M_7747
pdnc,qID,Q868-1,your,465770,465774,1,1290,30,M_7748
booknlp,COREF,94,I,465789,465790,0,1290,30,M_7749
booknlp,COREF,94,I,465806,465807,0,1290,30,M_7750
pdnc,qID,Q868-1,you,465816,465819,1,1290,30,M_7751
pdnc,qID,Q868-1,You,465852,465855,1,1290,30,M_7752
pdnc,qID,Q868-1,you,465898,465901,1,1290,30,M_7753
exp,exp_name,emma,Emma,466006,466010,0,1291,30,M_7754
pdnc,qID,Q869-0,you,466052,466055,1,1292,30,M_7755
pdnc,qID,Q870-0,my father,466095,466104,9,1293,30,M_7756
pdnc,qID,Q870-0,him,466233,466236,9,1293,30,M_7757
pdnc,qID,Q871-0,Miss Fairfax,466289,466301,4,1294,30,M_7758
pdnc,qID,Q871-0,Miss Bates,466306,466316,7,1294,30,M_7759
pdnc,qID,Q871-0,Miss Bates,466331,466341,7,1294,30,M_7760
pdnc,qID,Q871-0,yours,466397,466402,1,1294,30,M_7761
pdnc,qID,Q872-0,Miss Bates,466551,466561,7,1295,30,M_7762
pdnc,qID,Q872-0,She,466578,466581,7,1295,30,M_7763
pdnc,qID,Q872-0,she,466633,466636,7,1295,30,M_7764
pdnc,qID,Q872-0,She,466646,466649,7,1295,30,M_7765
pdnc,qID,Q873-1,Miss Woodhouse,466854,466868,0,1297,30,M_7766
pdnc,qID,Q873-1,you,466878,466881,0,1297,30,M_7767
pdnc,qID,Q874-0,You,467180,467183,1,1299,30,M_7768
pdnc,qID,Q874-0,your,467235,467239,1,1299,30,M_7769
booknlp,COREF,93,Hartfield,467679,467688,0,1301,30,M_7770
booknlp,COREF,93,Hartfield,467704,467713,0,1301,30,M_7771
exp,exp_name,emma,Emma,467824,467828,0,1302,30,M_7772
exp,exp_name,mr. woodhouse,Mr. Woodhouse,467927,467940,10,1302,30,M_7773
exp,exp_name,mr. weston,Mr. Weston,468069,468079,9,1303,30,M_7774
pdnc,qID,Q877-0,you,468363,468366,0,1304,30,M_7775
pdnc,qID,Q877-1,you,468464,468467,0,1304,30,M_7776
pdnc,qID,Q877-1,Mrs. Weston,468484,468495,15,1304,30,M_7777
pdnc,qID,Q877-1,She,468519,468522,15,1304,30,M_7778
pdnc,qID,Q877-1,she,468648,468651,15,1304,30,M_7779
pdnc,qID,Q877-1,her,468681,468684,15,1304,30,M_7780
exp,exp_name,frank churchill,Frank Churchill,468842,468857,1,1305,30,M_7781
booknlp,COREF,103,he,468907,468909,1,1305,30,M_7782
exp,exp_name,emma,Emma,468924,468928,0,1305,30,M_7783
booknlp,COREF,103,his,469009,469012,1,1305,30,M_7784
booknlp,COREF,103,his,469158,469161,1,1306,30,M_7785
booknlp,COREF,103,his,469181,469184,1,1306,30,M_7786
booknlp,COREF,103,him,469307,469310,1,1306,30,M_7787
booknlp,COREF,103,his,469361,469364,1,1306,30,M_7788
booknlp,COREF,103,his,469377,469380,1,1306,30,M_7789
booknlp,COREF,103,his,469393,469396,1,1306,30,M_7790
booknlp,COREF,103,he,469564,469566,1,1306,30,M_7791
booknlp,COREF,94,her,469585,469588,0,1306,30,M_7792
booknlp,COREF,103,he,469594,469596,1,1306,30,M_7793
booknlp,COREF,94,her,469603,469606,0,1306,30,M_7794
booknlp,COREF,103,he,469654,469656,1,1306,30,M_7795
booknlp,COREF,94,she,469712,469715,0,1306,30,M_7796
booknlp,COREF,103,his,469732,469735,1,1306,30,M_7797
booknlp,COREF,94,herself,469798,469805,0,1306,30,M_7798
booknlp,COREF,94,her,469857,469860,0,1306,30,M_7799
booknlp,COREF,94,she,469872,469875,0,1306,30,M_7800
booknlp,COREF,103,him,469908,469911,1,1306,30,M_7801
booknlp,COREF,94,I,469968,469969,0,1307,30,M_7802
booknlp,COREF,94,she,469992,469995,0,1307,30,M_7803
booknlp,COREF,94,myself,470095,470101,0,1307,30,M_7804
booknlp,COREF,94,I,470175,470176,0,1307,30,M_7805
booknlp,COREF,94,I,470194,470195,0,1307,30,M_7806
booknlp,COREF,94,I,470242,470243,0,1307,30,M_7807
booknlp,COREF,94,I,470325,470326,0,1307,30,M_7808
pdnc,qID,Q878-1,Frank Churchill,470384,470399,1,1307,30,M_7809
pdnc,qID,Q878-1,Mr. Knightley,470405,470418,6,1307,30,M_7810
pdnc,qID,Q878-1,He,470434,470436,6,1307,30,M_7811
pdnc,qID,Q878-1,his,470464,470467,6,1307,30,M_7812
pdnc,qID,Q878-1,he,470496,470498,6,1307,30,M_7813
exp,exp_name,mr. knightley,Mr. Knightley,470508,470521,6,1308,30,M_7814
pdnc,qID,Q879-0,You,470809,470812,0,1309,30,M_7815
pdnc,qID,Q879-0,Emma,470814,470818,0,1309,30,M_7816
pdnc,qID,Q879-0,you,470862,470865,0,1309,30,M_7817
pdnc,qID,Q879-0,you,470890,470893,0,1309,30,M_7818
exp,exp_name,jane fairfax,Jane Fairfax,470955,470967,4,1310,30,M_7819
booknlp,COREF,149,her,470981,470984,4,1310,30,M_7820
booknlp,COREF,149,her,471046,471049,4,1310,30,M_7821
exp,exp_name,jane,Jane,471230,471234,4,1310,30,M_7822
booknlp,COREF,149,her,471296,471299,4,1310,30,M_7823
exp,exp_name,emma,Emma,471372,471376,0,1312,31,M_7824
booknlp,COREF,94,her,471412,471415,0,1312,31,M_7825
booknlp,COREF,94,Her,471431,471434,0,1312,31,M_7826
booknlp,COREF,94,she,471483,471486,0,1312,31,M_7827
exp,exp_name,frank churchill,Frank Churchill,471577,471592,1,1312,31,M_7828
booknlp,COREF,103,his,471613,471616,1,1312,31,M_7829
exp,exp_name,mrs. weston,Mrs. Weston,471668,471679,15,1312,31,M_7830
booknlp,COREF,103,him,471712,471715,1,1312,31,M_7831
booknlp,COREF,103,he,471775,471777,1,1312,31,M_7832
booknlp,COREF,103,his,471792,471795,1,1312,31,M_7833
booknlp,COREF,103,his,471813,471816,1,1312,31,M_7834
booknlp,COREF,103,his,471850,471853,1,1312,31,M_7835
booknlp,COREF,103,he,472086,472088,1,1312,31,M_7836
booknlp,COREF,103,him,472116,472119,1,1312,31,M_7837
booknlp,COREF,103,him,472168,472171,1,1312,31,M_7838
booknlp,COREF,103,his,472412,472415,1,1312,31,M_7839
booknlp,COREF,103,him,472445,472448,1,1312,31,M_7840
pdnc,qID,Q880-1,he,473083,473085,1,1313,31,M_7841
pdnc,qID,Q881-0,He,473343,473345,1,1315,31,M_7842
pdnc,qID,Q881-0,he,473441,473443,1,1315,31,M_7843
pdnc,qID,Q881-0,his,473460,473463,1,1315,31,M_7844
pdnc,qID,Q881-0,he,473626,473628,1,1315,31,M_7845
pdnc,qID,Q881-0,he,473684,473686,1,1315,31,M_7846
pdnc,qID,Q881-0,his,473719,473722,1,1315,31,M_7847
pdnc,qID,Q881-0,he,473733,473735,1,1315,31,M_7848
pdnc,qID,Q881-0,he,473775,473777,1,1315,31,M_7849
pdnc,qID,Q881-0,his,473811,473814,1,1315,31,M_7850
pdnc,qID,Q881-0,his,473942,473945,1,1315,31,M_7851
pdnc,qID,Q881-0,him,474044,474047,1,1315,31,M_7852
pdnc,qID,Q881-0,his,474108,474111,1,1315,31,M_7853
pdnc,qID,Q881-0,His,474138,474141,1,1315,31,M_7854
exp,exp_name,mrs. weston,Mrs. Weston,474520,474531,15,1316,31,M_7855
exp,exp_name,emma,Emma,474541,474545,0,1316,31,M_7856
booknlp,COREF,94,she,474573,474576,0,1316,31,M_7857
booknlp,COREF,94,her,474637,474640,0,1316,31,M_7858
booknlp,COREF,94,her,474656,474659,0,1316,31,M_7859
booknlp,COREF,94,her,474670,474673,0,1316,31,M_7860
booknlp,COREF,94,she,474700,474703,0,1316,31,M_7861
exp,exp_name,mrs. weston,Mrs. Weston,475122,475133,15,1316,31,M_7862
booknlp,COREF,93,Miss _ _ Woodhouse,475439,475455,0,1316,31,M_7863
exp,exp_name,miss woodhouse,Miss Woodhouse,475951,475965,0,1316,31,M_7864
booknlp,COREF,94,my,476003,476005,0,1316,31,M_7865
exp,exp_name,emma,Emma,476040,476044,0,1316,31,M_7866
booknlp,COREF,94,herself,476074,476081,0,1316,31,M_7867
exp,exp_name,harriet,Harriet,476083,476090,2,1316,31,M_7868
booknlp,COREF,94,her,476123,476126,0,1316,31,M_7869
exp,exp_name,churchill,Churchill,476243,476252,1,1316,31,M_7870
booknlp,COREF,94,she,476455,476458,0,1317,31,M_7871
exp,exp_name,mrs. weston,Mrs. Weston,476508,476519,15,1317,31,M_7872
booknlp,COREF,94,she,476568,476571,0,1317,31,M_7873
booknlp,COREF,94,her,476644,476647,0,1317,31,M_7874
booknlp,COREF,94,Her,476649,476652,0,1317,31,M_7875
booknlp,COREF,94,Her,476680,476683,0,1317,31,M_7876
exp,exp_name,harriet,Harriet,476827,476834,2,1317,31,M_7877
booknlp,COREF,94,her,476912,476915,0,1317,31,M_7878
exp,exp_name,harriet,Harriet,476928,476935,2,1317,31,M_7879
booknlp,COREF,112,her,476949,476952,2,1317,31,M_7880
exp,exp_name,harriet,Harriet,476997,477004,2,1317,31,M_7881
booknlp,COREF,112,her,477116,477119,2,1317,31,M_7882
booknlp,COREF,112,her,477152,477155,2,1317,31,M_7883
booknlp,COREF,112,her,477228,477231,2,1317,31,M_7884
exp,exp_name,harriet,Harriet,477245,477252,2,1317,31,M_7885
booknlp,COREF,112,I,477304,477305,2,1318,31,M_7886
booknlp,COREF,112,I,477367,477368,2,1318,31,M_7887
booknlp,COREF,112,I,477597,477598,2,1318,31,M_7888
exp,exp_name,harriet,Harriet,477686,477693,2,1319,31,M_7889
exp,exp_name,frank churchill,Frank Churchill,477803,477818,1,1319,31,M_7890
exp,exp_name,mr. elton,Mr. Elton,477843,477852,8,1319,31,M_7891
exp,exp_name,frank churchill,Frank Churchill,477969,477984,1,1319,31,M_7892
exp,exp_name,mr. elton,Mr. Elton,478002,478011,8,1319,31,M_7893
exp,exp_name,mr. elton,Mr. Elton,478128,478137,8,1319,31,M_7894
booknlp,COREF,150,his,478142,478145,8,1319,31,M_7895
exp,exp_name,mr. elton,Mr. Elton,478227,478236,8,1319,31,M_7896
booknlp,COREF,150,his,478241,478244,8,1319,31,M_7897
exp,exp_name,frank churchill,Frank Churchill,478283,478298,1,1319,31,M_7898
exp,exp_name,emma,Emma,478314,478318,0,1319,31,M_7899
booknlp,COREF,94,She,478343,478346,0,1319,31,M_7900
exp,exp_name,mr. elton,Mr. Elton,478391,478400,8,1319,31,M_7901
exp,exp_name,harriet,Harriet,478406,478413,2,1319,31,M_7902
booknlp,COREF,94,she,478422,478425,0,1319,31,M_7903
exp,exp_name,mr. weston,Mr. Weston,478491,478501,9,1319,31,M_7904
booknlp,COREF,112,she,478621,478624,2,1319,31,M_7905
exp,exp_name,harriet,Harriet,478755,478762,2,1320,31,M_7906
exp,exp_name,emma,Emma,478873,478877,0,1320,31,M_7907
exp,exp_name,emma,Emma,478890,478894,0,1320,31,M_7908
booknlp,COREF,94,she,478905,478908,0,1320,31,M_7909
booknlp,COREF,112,her,478935,478938,2,1320,31,M_7910
exp,exp_name,harriet,Harriet,478945,478952,2,1320,31,M_7911
booknlp,COREF,112,her,478972,478975,2,1320,31,M_7912
booknlp,COREF,112,her,478994,478997,2,1320,31,M_7913
exp,exp_name,harriet,Harriet,479158,479165,2,1320,31,M_7914
exp,exp_name,miss woodhouse,Miss Woodhouse,479232,479246,0,1320,31,M_7915
booknlp,COREF,112,she,479306,479309,2,1320,31,M_7916
booknlp,COREF,112,her,479414,479417,2,1320,31,M_7917
exp,exp_name,emma,Emma,479478,479482,0,1320,31,M_7918
booknlp,COREF,112,her,479492,479495,2,1320,31,M_7919
pdnc,qID,Q883-0,Your,479517,479521,2,1321,31,M_7920
booknlp,COREF,112,yourself,479531,479539,2,1321,31,M_7921
pdnc,qID,Q883-0,Mr. Elton,479579,479588,8,1321,31,M_7922
pdnc,qID,Q883-0,Harriet,479601,479608,2,1321,31,M_7923
pdnc,qID,Q883-0,you,479636,479639,2,1321,31,M_7924
booknlp,COREF,112,me,479650,479652,2,1321,31,M_7925
pdnc,qID,Q883-0,You,479655,479658,2,1321,31,M_7926
booknlp,COREF,112,me,479674,479676,2,1321,31,M_7927
booknlp,COREF,112,I,479711,479712,2,1321,31,M_7928
booknlp,COREF,112,my,479735,479737,2,1321,31,M_7929
booknlp,COREF,112,I,479745,479746,2,1321,31,M_7930
booknlp,COREF,112,I,479753,479754,2,1321,31,M_7931
booknlp,COREF,112,I,479778,479779,2,1321,31,M_7932
booknlp,COREF,112,myself,479802,479808,2,1321,31,M_7933
booknlp,COREF,112,I,479810,479811,2,1321,31,M_7934
pdnc,qID,Q883-0,you,479839,479842,2,1321,31,M_7935
booknlp,COREF,112,me,479883,479885,2,1321,31,M_7936
booknlp,COREF,112,me,479911,479913,2,1321,31,M_7937
exp,exp_name,harriet,Harriet,479944,479951,2,1322,31,M_7938
exp,exp_name,emma,Emma,480024,480028,0,1322,31,M_7939
booknlp,COREF,94,I,480042,480043,0,1323,31,M_7940
booknlp,COREF,112,yourself,480065,480073,2,1323,31,M_7941
pdnc,qID,Q884-0,Harriet,480074,480081,2,1323,31,M_7942
booknlp,COREF,94,my,480086,480088,0,1323,31,M_7943
pdnc,qID,Q884-0,Mr. Elton,480120,480129,8,1323,31,M_7944
booknlp,COREF,94,my,480134,480136,0,1323,31,M_7945
pdnc,qID,Q884-0,your,480155,480159,2,1323,31,M_7946
booknlp,COREF,94,I,480177,480178,0,1323,31,M_7947
booknlp,COREF,94,my,480249,480251,0,1323,31,M_7948
pdnc,qID,Q884-0,you,480288,480291,2,1323,31,M_7949
pdnc,qID,Q884-0,your,480320,480324,2,1323,31,M_7950
booknlp,COREF,112,your,480414,480418,2,1323,31,M_7951
pdnc,qID,Q884-0,your,480450,480454,2,1323,31,M_7952
booknlp,COREF,94,I,480497,480498,0,1323,31,M_7953
pdnc,qID,Q884-0,you,480521,480524,2,1323,31,M_7954
booknlp,COREF,94,I,480561,480562,0,1323,31,M_7955
pdnc,qID,Q884-0,you,480571,480574,2,1323,31,M_7956
booknlp,COREF,94,My,480623,480625,0,1323,31,M_7957
booknlp,COREF,94,I,480683,480684,0,1323,31,M_7958
pdnc,qID,Q884-0,you,480690,480693,2,1323,31,M_7959
booknlp,COREF,112,yourself,480702,480710,2,1323,31,M_7960
booknlp,COREF,94,I,480738,480739,0,1323,31,M_7961
pdnc,qID,Q884-0,Harriet,480769,480776,2,1323,31,M_7962
booknlp,COREF,94,me,480840,480842,0,1323,31,M_7963
exp,exp_name,miss woodhouse,Miss Woodhouse,480956,480970,0,1324,31,M_7964
pdnc,qID,Q885-0,You,481186,481189,0,1325,31,M_7965
booknlp,COREF,94,I,481221,481222,0,1325,31,M_7966
booknlp,COREF,94,my,481235,481237,0,1325,31,M_7967
pdnc,qID,Q885-0,you,481262,481265,0,1325,31,M_7968
pdnc,qID,Q885-0,you,481287,481290,0,1325,31,M_7969
booknlp,COREF,94,I,481314,481315,0,1325,31,M_7970
pdnc,qID,Q885-0,you,481323,481326,0,1325,31,M_7971
pdnc,qID,Q885-0,Miss Woodhouse,481333,481347,0,1325,31,M_7972
booknlp,COREF,94,I,481364,481365,0,1325,31,M_7973
exp,exp_name,emma,Emma,481470,481474,0,1326,31,M_7974
booknlp,COREF,94,she,481485,481488,0,1326,31,M_7975
exp,exp_name,harriet,Harriet,481505,481512,2,1326,31,M_7976
booknlp,COREF,112,her,481533,481536,2,1326,31,M_7977
booknlp,COREF,94,she,481621,481624,0,1327,31,M_7978
booknlp,COREF,94,herself,481639,481646,0,1327,31,M_7979
booknlp,COREF,94,I,481821,481822,0,1327,31,M_7980
pdnc,qID,Q886-1,my dear father,481878,481892,10,1327,31,M_7981
pdnc,qID,Q886-1,Isabella,481927,481935,3,1327,31,M_7982
booknlp,COREF,87,her,481940,481943,3,1327,31,M_7983
booknlp,COREF,94,I,481976,481977,0,1327,31,M_7984
pdnc,qID,Q886-1,Harriet,482013,482020,2,1327,31,M_7985
booknlp,COREF,94,my,482024,482026,0,1327,31,M_7986
pdnc,qID,Q886-1,Dear Harriet,482084,482096,2,1327,31,M_7987
pdnc,qID,Q886-1,you,482118,482121,2,1327,31,M_7988
pdnc,qID,Q886-1,Jane Fairfax,482217,482229,4,1327,31,M_7989
pdnc,qID,Q886-1,Harriet,482232,482239,2,1327,31,M_7990
booknlp,COREF,94,I,482322,482323,0,1327,31,M_7991
pdnc,qID,Q886-1,Emma,482372,482376,0,1327,31,M_7992
pdnc,qID,Q886-1,Harriet,482381,482388,2,1327,31,M_7993
exp,exp_name,mrs. elton,Mrs. Elton,482408,482418,13,1329,32,M_7994
exp,exp_name,emma,Emma,482705,482709,0,1330,32,M_7995
booknlp,COREF,94,her,482778,482781,0,1330,32,M_7996
booknlp,COREF,94,her,482819,482822,0,1330,32,M_7997
booknlp,COREF,94,she,482837,482840,0,1330,32,M_7998
exp,exp_name,harriet,Harriet,482857,482864,2,1330,32,M_7999
booknlp,COREF,94,her,482878,482881,0,1330,32,M_8000
booknlp,COREF,94,She,482958,482961,0,1331,32,M_8001
booknlp,COREF,94,she,483034,483037,0,1331,32,M_8002
booknlp,COREF,94,her,483105,483108,0,1331,32,M_8003
exp,exp_name,harriet,Harriet,483268,483275,2,1331,32,M_8004
booknlp,COREF,94,she,483312,483315,0,1331,32,M_8005
exp,exp_name,emma,Emma,483482,483486,0,1331,32,M_8006
booknlp,COREF,94,herself,483503,483510,0,1331,32,M_8007
booknlp,COREF,94,She,483666,483669,0,1332,32,M_8008
booknlp,COREF,94,her,483690,483693,0,1332,32,M_8009
booknlp,COREF,94,She,483695,483698,0,1332,32,M_8010
booknlp,COREF,94,she,483742,483745,0,1332,32,M_8011
booknlp,COREF,94,She,483811,483814,0,1332,32,M_8012
booknlp,COREF,94,Her,483901,483904,0,1332,32,M_8013
booknlp,COREF,94,her,483929,483932,0,1332,32,M_8014
exp,exp_name,emma,Emma,484019,484023,0,1332,32,M_8015
exp,exp_name,mr. elton,Mr. Elton,484071,484080,8,1333,32,M_8016
booknlp,COREF,150,his,484082,484085,8,1333,32,M_8017
booknlp,COREF,94,she,484118,484121,0,1333,32,M_8018
booknlp,COREF,94,herself,484168,484175,0,1333,32,M_8019
booknlp,COREF,150,his,484182,484185,8,1333,32,M_8020
booknlp,COREF,94,she,484503,484506,0,1333,32,M_8021
exp,exp_name,mr. elton,Mr. Elton,484546,484555,8,1333,32,M_8022
booknlp,COREF,150,he,484609,484611,8,1333,32,M_8023
booknlp,COREF,150,he,484640,484642,8,1333,32,M_8024
booknlp,COREF,150,he,484683,484685,8,1333,32,M_8025
booknlp,COREF,150,him,484729,484732,8,1333,32,M_8026
pdnc,qID,Q888-0,Miss Woodhouse,484852,484866,0,1334,32,M_8027
exp,exp_name,harriet,Harriet,484874,484881,2,1334,32,M_8028
booknlp,COREF,112,her,484946,484949,2,1334,32,M_8029
pdnc,qID,Q888-1,Miss Woodhouse,484974,484988,0,1334,32,M_8030
pdnc,qID,Q888-2,you,485020,485023,0,1334,32,M_8031
pdnc,qID,Q888-2,her,485033,485036,13,1334,32,M_8032
pdnc,qID,Q888-2,she,485046,485049,13,1334,32,M_8033
exp,exp_name,emma,Emma,485100,485104,0,1335,32,M_8034
pdnc,qID,Q889-0,a very pleasing young woman,485132,485159,13,1336,32,M_8035
booknlp,COREF,112,I,485164,485165,2,1337,32,M_8036
pdnc,qID,Q890-0,her,485172,485175,13,1337,32,M_8037
booknlp,COREF,112,I,485266,485267,2,1339,32,M_8038
pdnc,qID,Q892-0,he,485297,485299,8,1339,32,M_8039
pdnc,qID,Q893-0,she,485403,485406,13,1340,32,M_8040
pdnc,qID,Q893-0,his,485415,485418,8,1340,32,M_8041
booknlp,COREF,112,I,485427,485428,2,1341,32,M_8042
exp,exp_name,harriet,Harriet,485449,485456,2,1341,32,M_8043
booknlp,COREF,112,I,485474,485475,2,1341,32,M_8044
pdnc,qID,Q894-1,she,485485,485488,13,1341,32,M_8045
pdnc,qID,Q894-1,him,485515,485518,8,1341,32,M_8046
pdnc,qID,Q895-0,she,485531,485534,13,1342,32,M_8047
pdnc,qID,Q895-0,him,485602,485605,8,1342,32,M_8048
pdnc,qID,Q895-0,Miss Hawkins,485612,485624,13,1342,32,M_8049
pdnc,qID,Q895-0,she,485680,485683,13,1342,32,M_8050
exp,exp_name,harriet,Harriet,485718,485725,2,1343,32,M_8051
pdnc,qID,Q896-1,she,485747,485750,13,1343,32,M_8052
booknlp,COREF,112,I,485797,485798,2,1343,32,M_8053
booknlp,COREF,112,my,485824,485826,2,1343,32,M_8054
pdnc,qID,Q896-1,Miss Woodhouse,485843,485857,0,1343,32,M_8055
booknlp,COREF,112,I,485859,485860,2,1343,32,M_8056
booknlp,COREF,112,I,485874,485875,2,1343,32,M_8057
pdnc,qID,Q896-1,He,485906,485908,8,1343,32,M_8058
pdnc,qID,Q896-1,you,485958,485961,0,1343,32,M_8059
pdnc,qID,Q896-1,Miss Woodhouse,486011,486025,0,1343,32,M_8060
pdnc,qID,Q896-1,you,486027,486030,0,1343,32,M_8061
booknlp,COREF,112,I,486051,486052,2,1343,32,M_8062
pdnc,qID,Q896-1,him,486072,486075,8,1343,32,M_8063
pdnc,qID,Q896-1,he,486119,486121,8,1343,32,M_8064
booknlp,COREF,150,himself,486137,486144,8,1343,32,M_8065
pdnc,qID,Q896-1,She,486171,486174,13,1343,32,M_8066
pdnc,qID,Q896-1,he,486219,486221,8,1343,32,M_8067
pdnc,qID,Q896-1,He,486248,486250,8,1343,32,M_8068
pdnc,qID,Q896-1,her,486258,486261,13,1343,32,M_8069
exp,exp_name,augusta,Augusta,486263,486270,13,1343,32,M_8070
exp,exp_name,emma,Emma,486320,486324,0,1344,32,M_8071
booknlp,COREF,94,her,486333,486336,0,1344,32,M_8072
booknlp,COREF,94,She,486343,486346,0,1344,32,M_8073
exp,exp_name,harriet,Harriet,486390,486397,2,1344,32,M_8074
booknlp,COREF,112,her,486438,486441,2,1344,32,M_8075
exp,exp_name,mr. elton,Mr. Elton,486475,486484,8,1344,32,M_8076
booknlp,COREF,112,she,486486,486489,2,1344,32,M_8077
booknlp,COREF,112,herself,486545,486552,2,1344,32,M_8078
booknlp,COREF,112,her,486633,486636,2,1344,32,M_8079
exp,exp_name,mrs. elton,Mrs. Elton,486642,486652,13,1344,32,M_8080
exp,exp_name,mr. elton,Mr. Elton,487031,487040,8,1344,32,M_8081
exp,exp_name,harriet,Harriet,487051,487058,2,1345,32,M_8082
booknlp,COREF,112,herself,487114,487121,2,1345,32,M_8083
booknlp,COREF,112,she,487123,487126,2,1345,32,M_8084
booknlp,COREF,150,him,487148,487151,8,1345,32,M_8085
exp,exp_name,miss hawkins,Miss Hawkins,487177,487189,13,1345,32,M_8086
booknlp,COREF,193,her,487224,487227,13,1345,32,M_8087
booknlp,COREF,193,her,487263,487266,13,1345,32,M_8088
exp,exp_name,mrs. elton,Mrs. Elton,487635,487645,13,1346,32,M_8089
exp,exp_name,mr. elton,Mr. Elton,487933,487942,8,1346,32,M_8090
pdnc,qID,Q898-0,You,488070,488073,0,1347,32,M_8091
pdnc,qID,Q898-0,you,488229,488232,0,1347,32,M_8092
pdnc,qID,Q898-0,Miss Woodhouse,488234,488248,0,1347,32,M_8093
pdnc,qID,Q899-0,you,488551,488554,0,1347,32,M_8094
pdnc,qID,Q899-0,Miss Woodhouse,488582,488596,0,1347,32,M_8095
pdnc,qID,Q899-0,you,488598,488601,0,1347,32,M_8096
exp,exp_name,emma,Emma,488765,488769,0,1348,32,M_8097
booknlp,COREF,94,she,488796,488799,0,1348,32,M_8098
exp,exp_name,mrs. elton,Mrs. Elton,488839,488849,13,1348,32,M_8099
pdnc,qID,Q900-0,you,488977,488980,0,1349,32,M_8100
exp,exp_name,emma,Emma,489406,489410,0,1350,32,M_8101
pdnc,qID,Q901-0,you,489683,489686,13,1351,32,M_8102
pdnc,qID,Q901-0,you,489731,489734,13,1351,32,M_8103
booknlp,COREF,94,I,489815,489816,0,1352,32,M_8104
pdnc,qID,Q902-0,you,489870,489873,0,1352,32,M_8105
exp,exp_name,mrs. elton,Mrs. Elton,490080,490090,13,1354,32,M_8106
exp,exp_name,emma,Emma,490170,490174,0,1355,32,M_8107
exp,exp_name,mrs. elton,Mrs. Elton,490287,490297,13,1356,32,M_8108
pdnc,qID,Q905-1,you,490877,490880,0,1356,32,M_8109
pdnc,qID,Q905-1,Miss Woodhouse,490887,490901,0,1356,32,M_8110
exp,exp_name,weston,Weston,491028,491034,9,1356,32,M_8111
pdnc,qID,Q905-1,You,491137,491140,0,1356,32,M_8112
pdnc,qID,Q905-1,Miss Woodhouse,491189,491203,0,1356,32,M_8113
pdnc,qID,Q906-0,you,491342,491345,13,1357,32,M_8114
exp,exp_name,augusta,Augusta,491858,491865,13,1358,32,M_8115
booknlp,COREF,201,her,491883,491886,13,1358,32,M_8116
pdnc,qID,Q908-0,Miss Woodhouse,492299,492313,0,1358,32,M_8117
exp,exp_name,mr. woodhouse,Mr. Woodhouse,492332,492345,10,1358,32,M_8118
pdnc,qID,Q909-0,Your father,492348,492359,10,1358,32,M_8119
pdnc,qID,Q909-0,he,492417,492419,10,1358,32,M_8120
pdnc,qID,Q909-0,he,492438,492440,10,1358,32,M_8121
pdnc,qID,Q909-0,you,492474,492477,0,1358,32,M_8122
pdnc,qID,Q909-0,you,492488,492491,0,1358,32,M_8123
pdnc,qID,Q909-0,Mr. Woodhouse,492521,492534,10,1358,32,M_8124
pdnc,qID,Q910-0,My father,492544,492553,10,1359,32,M_8125
pdnc,qID,Q910-0,you,492681,492684,13,1359,32,M_8126
pdnc,qID,Q911-0,you,492794,492797,0,1360,32,M_8127
pdnc,qID,Q911-0,Miss Woodhouse,492799,492813,0,1360,32,M_8128
pdnc,qID,Q911-0,Mr. Woodhouse,493010,493023,10,1360,32,M_8129
pdnc,qID,Q911-0,you,493120,493123,0,1360,32,M_8130
pdnc,qID,Q911-0,you,493288,493291,0,1360,32,M_8131
pdnc,qID,Q911-0,you,493359,493362,0,1360,32,M_8132
pdnc,qID,Q911-0,you,493429,493432,0,1360,32,M_8133
pdnc,qID,Q911-0,you,493584,493587,0,1360,32,M_8134
pdnc,qID,Q911-0,you,493637,493640,0,1360,32,M_8135
exp,exp_name,emma,Emma,493685,493689,0,1361,32,M_8136
booknlp,COREF,94,her,493738,493741,0,1361,32,M_8137
exp,exp_name,mrs. elton,Mrs. Elton,493760,493770,13,1361,32,M_8138
booknlp,COREF,94,her,493813,493816,0,1361,32,M_8139
exp,exp_name,mrs. elton,Mrs. Elton,493869,493879,13,1361,32,M_8140
exp,exp_name,miss woodhouse,Miss Woodhouse,493996,494010,0,1361,32,M_8141
booknlp,COREF,94,She,494044,494047,0,1362,32,M_8142
booknlp,COREF,94,herself,494059,494066,0,1362,32,M_8143
booknlp,COREF,94,she,494102,494105,0,1362,32,M_8144
exp,exp_name,mrs. elton,Mrs. Elton,494141,494151,13,1362,32,M_8145
booknlp,COREF,94,she,494220,494223,0,1362,32,M_8146
booknlp,COREF,94,her,494278,494281,0,1362,32,M_8147
booknlp,COREF,94,her,494294,494297,0,1362,32,M_8148
pdnc,qID,Q912-0,you,494414,494417,13,1363,32,M_8149
pdnc,qID,Q912-0,Mrs. Elton,494431,494441,13,1363,32,M_8150
pdnc,qID,Q912-0,you,494541,494544,13,1363,32,M_8151
pdnc,qID,Q913-0,you,494678,494681,0,1364,32,M_8152
pdnc,qID,Q913-0,your,494719,494723,0,1364,32,M_8153
pdnc,qID,Q913-0,You,494936,494939,0,1364,32,M_8154
pdnc,qID,Q913-0,Miss Woodhouse,494941,494955,0,1364,32,M_8155
pdnc,qID,Q913-0,you,494998,495001,0,1364,32,M_8156
pdnc,qID,Q913-0,Mr. E.,495346,495352,8,1364,32,M_8157
pdnc,qID,Q913-0,he,495358,495360,8,1364,32,M_8158
pdnc,qID,Q913-0,his,495408,495411,8,1364,32,M_8159
pdnc,qID,Q913-0,he,495555,495557,8,1364,32,M_8160
pdnc,qID,Q913-0,he,495600,495602,8,1364,32,M_8161
pdnc,qID,Q913-0,him,496201,496204,8,1364,32,M_8162
exp,exp_name,emma,Emma,496499,496503,0,1365,32,M_8163
pdnc,qID,Q915-1,Mr. Elton,496520,496529,8,1365,32,M_8164
pdnc,qID,Q915-1,you,496555,496558,13,1365,32,M_8165
booknlp,COREF,94,I,496616,496617,0,1365,32,M_8166
pdnc,qID,Q915-1,you,496623,496626,13,1365,32,M_8167
pdnc,qID,Q915-1,he,496641,496643,8,1365,32,M_8168
pdnc,qID,Q916-0,Miss Woodhouse,496896,496910,0,1366,32,M_8169
pdnc,qID,Q916-0,you,496912,496915,0,1366,32,M_8170
pdnc,qID,Q916-0,your,496989,496993,0,1366,32,M_8171
pdnc,qID,Q916-0,you,497238,497241,0,1366,32,M_8172
pdnc,qID,Q917-0,you,497341,497344,13,1367,32,M_8173
exp,exp_name,emma,Emma,498051,498055,0,1369,32,M_8174
exp,exp_name,mrs. elton,Mrs. Elton,498110,498120,13,1370,32,M_8175
exp,exp_name,emma,Emma,498149,498153,0,1371,32,M_8176
exp,exp_name,mrs. elton,Mrs. Elton,498262,498272,13,1371,32,M_8177
pdnc,qID,Q921-1,Mr. Weston,498438,498448,9,1372,32,M_8178
pdnc,qID,Q921-1,you,498533,498536,0,1372,32,M_8179
pdnc,qID,Q921-1,she,498543,498546,15,1372,32,M_8180
pdnc,qID,Q921-1,her,498625,498628,15,1372,32,M_8181
pdnc,qID,Q921-1,She,498662,498665,15,1372,32,M_8182
booknlp,COREF,94,your,498670,498674,0,1372,32,M_8183
exp,exp_name,emma,Emma,498697,498701,0,1373,32,M_8184
exp,exp_name,mrs. elton,Mrs. Elton,498748,498758,13,1373,32,M_8185
pdnc,qID,Q922-0,her,498874,498877,15,1374,32,M_8186
pdnc,qID,Q922-0,she,498901,498904,15,1374,32,M_8187
pdnc,qID,Q923-0,Mrs. Weston,498941,498952,15,1375,32,M_8188
exp,exp_name,emma,Emma,498970,498974,0,1375,32,M_8189
pdnc,qID,Q924-0,you,499119,499122,0,1376,32,M_8190
exp,exp_name,emma,Emma,499160,499164,0,1377,32,M_8191
booknlp,COREF,94,she,499240,499243,0,1377,32,M_8192
pdnc,qID,Q925-0,Knightley,499262,499271,6,1378,32,M_8193
exp,exp_name,mrs. elton,Mrs. Elton,499284,499294,13,1378,32,M_8194
pdnc,qID,Q925-1,Knightley,499297,499306,6,1378,32,M_8195
pdnc,qID,Q925-1,he,499363,499365,6,1378,32,M_8196
pdnc,qID,Q925-1,him,499405,499408,6,1378,32,M_8197
pdnc,qID,Q925-1,Mr. E.,499461,499467,8,1378,32,M_8198
pdnc,qID,Q925-1,My friend Knightley,499497,499516,6,1378,32,M_8199
pdnc,qID,Q925-1,him,499582,499585,6,1378,32,M_8200
pdnc,qID,Q925-1,he,499639,499641,8,1378,32,M_8201
pdnc,qID,Q925-1,his friend,499665,499675,6,1378,32,M_8202
pdnc,qID,Q925-1,Knightley,499677,499686,6,1378,32,M_8203
pdnc,qID,Q925-1,him,499718,499721,6,1378,32,M_8204
exp,exp_name,emma,Emma,499838,499842,0,1379,32,M_8205
pdnc,qID,Q926-0,Insufferable woman,499860,499878,13,1380,32,M_8206
booknlp,COREF,94,her,499885,499888,0,1380,32,M_8207
booknlp,COREF,94,I,499924,499925,0,1380,32,M_8208
pdnc,qID,Q926-1,Knightley,499965,499974,6,1380,32,M_8209
pdnc,qID,Q926-1,Knightley,500007,500016,6,1380,32,M_8210
pdnc,qID,Q926-1,him,500030,500033,6,1380,32,M_8211
pdnc,qID,Q926-1,her,500037,500040,13,1380,32,M_8212
pdnc,qID,Q926-1,Knightley,500067,500076,6,1380,32,M_8213
pdnc,qID,Q926-1,he,500097,500099,6,1380,32,M_8214
pdnc,qID,Q926-1,her,500153,500156,13,1380,32,M_8215
pdnc,qID,Q926-1,Mr. E.,500157,500163,8,1380,32,M_8216
pdnc,qID,Q926-1,her,500169,500172,13,1380,32,M_8217
pdnc,qID,Q926-1,her,500193,500196,13,1380,32,M_8218
pdnc,qID,Q926-1,her,500216,500219,13,1380,32,M_8219
pdnc,qID,Q926-1,Mr. Knightley,500292,500305,6,1380,32,M_8220
booknlp,COREF,94,I,500322,500323,0,1380,32,M_8221
pdnc,qID,Q926-1,he,500338,500340,6,1380,32,M_8222
pdnc,qID,Q926-1,her,500382,500385,13,1380,32,M_8223
booknlp,COREF,94,I,500400,500401,0,1380,32,M_8224
pdnc,qID,Q926-1,she,500450,500453,13,1380,32,M_8225
booknlp,COREF,94,I,500458,500459,0,1380,32,M_8226
pdnc,qID,Q926-1,Mrs. Weston,500540,500551,15,1380,32,M_8227
booknlp,COREF,94,me,500597,500599,0,1380,32,M_8228
booknlp,COREF,94,I,500645,500646,0,1380,32,M_8229
pdnc,qID,Q926-1,her,500662,500665,13,1380,32,M_8230
booknlp,COREF,94,my,500685,500687,0,1380,32,M_8231
pdnc,qID,Q926-1,Harriet,500695,500702,2,1380,32,M_8232
pdnc,qID,Q926-1,Frank Churchill,500750,500765,1,1380,32,M_8233
pdnc,qID,Q926-1,her,500773,500776,13,1380,32,M_8234
pdnc,qID,Q926-1,he,500781,500783,1,1380,32,M_8235
pdnc,qID,Q926-1,he,500822,500824,1,1380,32,M_8236
booknlp,COREF,94,I,500845,500846,0,1380,32,M_8237
pdnc,qID,Q926-1,him,500863,500866,1,1380,32,M_8238
booknlp,COREF,94,I,500923,500924,0,1380,32,M_8239
booknlp,COREF,94,myself,500931,500937,0,1380,32,M_8240
pdnc,qID,Q926-1,Frank Churchill,500943,500958,1,1380,32,M_8241
booknlp,COREF,94,my,500983,500985,0,1380,32,M_8242
pdnc,qID,Q927-0,my dear,501211,501218,0,1382,32,M_8243
pdnc,qID,Q927-1,her,501270,501273,13,1382,32,M_8244
pdnc,qID,Q927-1,she,501282,501285,13,1382,32,M_8245
pdnc,qID,Q927-1,she,501341,501344,13,1382,32,M_8246
pdnc,qID,Q927-1,you,501372,501375,0,1382,32,M_8247
pdnc,qID,Q927-1,She,501377,501380,13,1382,32,M_8248
pdnc,qID,Q927-1,you,501551,501554,0,1382,32,M_8249
pdnc,qID,Q927-1,poor Miss Taylor,501559,501575,15,1382,32,M_8250
pdnc,qID,Q927-1,she,501586,501589,13,1382,32,M_8251
pdnc,qID,Q927-1,him,501663,501666,8,1382,32,M_8252
pdnc,qID,Q927-1,he,501700,501702,8,1382,32,M_8253
pdnc,qID,Q927-1,him,501800,501803,8,1382,32,M_8254
pdnc,qID,Q927-1,Mrs. Elton,501808,501818,13,1382,32,M_8255
pdnc,qID,Q928-0,your,502078,502082,10,1383,32,M_8256
pdnc,qID,Q928-0,sir,502108,502111,10,1383,32,M_8257
pdnc,qID,Q928-0,Mr. Elton,502113,502122,8,1383,32,M_8258
pdnc,qID,Q928-0,you,502129,502132,10,1383,32,M_8259
pdnc,qID,Q929-0,her,502205,502208,13,1384,32,M_8260
pdnc,qID,Q930-0,my dear papa,502259,502271,10,1385,32,M_8261
pdnc,qID,Q930-0,you,502273,502276,10,1385,32,M_8262
pdnc,qID,Q930-0,you,502330,502333,10,1385,32,M_8263
pdnc,qID,Q930-0,you,502420,502423,10,1385,32,M_8264
pdnc,qID,Q931-0,my dear,502496,502503,0,1386,32,M_8265
pdnc,qID,Q931-0,you,502699,502702,0,1386,32,M_8266
pdnc,qID,Q931-0,my dear,502709,502716,0,1386,32,M_8267
pdnc,qID,Q932-0,papa,502791,502795,10,1387,32,M_8268
pdnc,qID,Q932-0,you,502892,502895,10,1387,32,M_8269
pdnc,qID,Q932-0,your,502910,502914,10,1387,32,M_8270
pdnc,qID,Q933-0,My dear,502971,502978,0,1388,32,M_8271
pdnc,qID,Q933-0,you,502980,502983,0,1388,32,M_8272
exp,exp_name,emma,Emma,503135,503139,0,1389,32,M_8273
booknlp,COREF,94,Her,503150,503153,0,1389,32,M_8274
booknlp,COREF,94,her,503208,503211,0,1389,32,M_8275
booknlp,COREF,94,Her,503214,503217,0,1389,32,M_8276
exp,exp_name,mrs. elton,Mrs. Elton,503235,503245,13,1389,32,M_8277
booknlp,COREF,94,her,503295,503298,0,1389,32,M_8278
exp,exp_name,emma,Emma,503316,503320,0,1391,33,M_8279
booknlp,COREF,94,her,503379,503382,0,1391,33,M_8280
exp,exp_name,mrs. elton,Mrs. Elton,503398,503408,13,1391,33,M_8281
booknlp,COREF,94,Her,503410,503413,0,1391,33,M_8282
exp,exp_name,mrs. elton,Mrs. Elton,503459,503469,13,1391,33,M_8283
booknlp,COREF,94,her,503482,503485,0,1391,33,M_8284
booknlp,COREF,94,she,503517,503520,0,1391,33,M_8285
booknlp,COREF,94,She,503617,503620,0,1391,33,M_8286
booknlp,COREF,94,she,503698,503701,0,1391,33,M_8287
booknlp,COREF,94,herself,503710,503717,0,1391,33,M_8288
exp,exp_name,miss hawkins,Miss Hawkins,503825,503837,13,1391,33,M_8289
exp,exp_name,mrs. elton,Mrs. Elton,503878,503888,13,1391,33,M_8290
exp,exp_name,mr. elton,Mr. Elton,503955,503964,8,1392,33,M_8291
booknlp,COREF,150,his,503997,504000,8,1392,33,M_8292
booknlp,COREF,150,He,504007,504009,8,1392,33,M_8293
booknlp,COREF,150,He,504055,504057,8,1392,33,M_8294
booknlp,COREF,150,himself,504088,504095,8,1392,33,M_8295
exp,exp_name,miss woodhouse,Miss Woodhouse,504152,504166,0,1392,33,M_8296
exp,exp_name,miss bates,Miss Bates,504301,504311,7,1392,33,M_8297
booknlp,COREF,94,she,504403,504406,0,1392,33,M_8298
booknlp,COREF,94,herself,504417,504424,0,1392,33,M_8299
exp,exp_name,mrs. elton,Mrs. Elton,504460,504470,13,1392,33,M_8300
exp,exp_name,miss woodhouse,Miss Woodhouse,504545,504559,0,1392,33,M_8301
exp,exp_name,mrs. elton,Mrs. Elton,504708,504718,13,1393,33,M_8302
exp,exp_name,emma,Emma,504796,504800,0,1393,33,M_8303
exp,exp_name,emma,Emma,505063,505067,0,1393,33,M_8304
exp,exp_name,mr. elton,Mr. Elton,505101,505110,8,1393,33,M_8305
exp,exp_name,harriet,Harriet,505138,505145,2,1393,33,M_8306
exp,exp_name,emma,Emma,505181,505185,0,1393,33,M_8307
exp,exp_name,harriet,Harriet,505213,505220,2,1393,33,M_8308
exp,exp_name,harriet,Harriet,505344,505351,2,1393,33,M_8309
booknlp,COREF,112,her,505413,505416,2,1393,33,M_8310
booknlp,COREF,112,her,505483,505486,2,1393,33,M_8311
booknlp,COREF,150,him,505512,505515,8,1393,33,M_8312
booknlp,COREF,112,She,505556,505559,2,1393,33,M_8313
exp,exp_name,miss woodhouse,Miss Woodhouse,505687,505701,0,1393,33,M_8314
exp,exp_name,harriet,Harriet,505821,505828,2,1393,33,M_8315
exp,exp_name,mrs. elton,Mrs. Elton,505831,505841,13,1394,33,M_8316
exp,exp_name,jane fairfax,Jane Fairfax,505864,505876,4,1394,33,M_8317
booknlp,COREF,112,she,506024,506027,2,1394,33,M_8318
booknlp,COREF,112,she,506148,506151,2,1394,33,M_8319
exp,exp_name,emma,Emma,506204,506208,0,1394,33,M_8320
booknlp,COREF,94,her,506223,506226,0,1394,33,M_8321
booknlp,COREF,94,she,506282,506285,0,1394,33,M_8322
exp,exp_name,mrs. elton,Mrs. Elton,506296,506306,13,1394,33,M_8323
pdnc,qID,Q935-0,Jane Fairfax,506345,506357,4,1395,33,M_8324
pdnc,qID,Q935-0,Miss Woodhouse,506382,506396,0,1395,33,M_8325
pdnc,qID,Q935-0,Jane Fairfax,506418,506430,4,1395,33,M_8326
pdnc,qID,Q935-0,you,506519,506522,0,1395,33,M_8327
booknlp,COREF,112,I,506523,506524,2,1395,33,M_8328
pdnc,qID,Q935-0,she,506531,506534,4,1395,33,M_8329
booknlp,COREF,112,I,506567,506568,2,1395,33,M_8330
pdnc,qID,Q935-0,she,506596,506599,4,1395,33,M_8331
booknlp,COREF,112,I,506622,506623,2,1395,33,M_8332
pdnc,qID,Q935-0,she,506683,506686,4,1395,33,M_8333
pdnc,qID,Q935-0,You,506711,506714,0,1395,33,M_8334
booknlp,COREF,112,my,506729,506731,2,1395,33,M_8335
booknlp,COREF,112,my,506750,506752,2,1395,33,M_8336
booknlp,COREF,112,I,506759,506760,2,1395,33,M_8337
pdnc,qID,Q935-0,Jane Fairfax,506781,506793,4,1395,33,M_8338
pdnc,qID,Q935-0,her,506800,506803,4,1395,33,M_8339
pdnc,qID,Q935-0,Miss Woodhouse,506847,506861,0,1395,33,M_8340
pdnc,qID,Q935-0,her,506921,506924,4,1395,33,M_8341
pdnc,qID,Q935-0,her,506940,506943,4,1395,33,M_8342
pdnc,qID,Q935-0,hers,506968,506972,4,1395,33,M_8343
pdnc,qID,Q935-0,you,507025,507028,0,1395,33,M_8344
pdnc,qID,Q936-0,sweet Jane Fairfax,507225,507243,4,1397,33,M_8345
booknlp,COREF,94,I,507248,507249,0,1398,33,M_8346
exp,exp_name,emma,Emma,507295,507299,0,1398,33,M_8347
pdnc,qID,Q937-1,you,507325,507328,13,1398,33,M_8348
pdnc,qID,Q937-1,Miss Fairfax,507356,507368,4,1398,33,M_8349
pdnc,qID,Q937-1,her,507401,507404,4,1398,33,M_8350
pdnc,qID,Q937-1,you,507472,507475,13,1398,33,M_8351
pdnc,qID,Q937-1,her,507489,507492,4,1398,33,M_8352
pdnc,qID,Q938-0,dear Miss Woodhouse,507528,507547,0,1399,33,M_8353
pdnc,qID,Q938-0,she,507549,507552,4,1399,33,M_8354
pdnc,qID,Q938-0,she,507633,507636,4,1399,33,M_8355
pdnc,qID,Q938-0,she,507712,507715,4,1399,33,M_8356
pdnc,qID,Q938-0,she,507736,507739,4,1399,33,M_8357
pdnc,qID,Q938-0,She,507746,507749,4,1399,33,M_8358
pdnc,qID,Q938-0,she,507793,507796,4,1399,33,M_8359
pdnc,qID,Q938-0,her,507837,507840,4,1399,33,M_8360
pdnc,qID,Q938-0,you,508071,508074,0,1399,33,M_8361
pdnc,qID,Q938-0,Jane Fairfax,508076,508088,4,1399,33,M_8362
pdnc,qID,Q939-0,You,508166,508169,13,1400,33,M_8363
pdnc,qID,Q939-0,you,508222,508225,13,1400,33,M_8364
pdnc,qID,Q939-0,Miss Fairfax,508236,508248,4,1400,33,M_8365
pdnc,qID,Q939-0,her,508298,508301,4,1400,33,M_8366
pdnc,qID,Q939-0,her,508333,508336,4,1400,33,M_8367
pdnc,qID,Q940-0,My dear Miss Woodhouse,508367,508389,0,1401,33,M_8368
pdnc,qID,Q940-0,You,508441,508444,0,1401,33,M_8369
pdnc,qID,Q940-0,her,508612,508615,4,1401,33,M_8370
pdnc,qID,Q940-0,Jane Fairfax,508684,508696,4,1401,33,M_8371
pdnc,qID,Q940-0,Jane Fairfax,508862,508874,4,1401,33,M_8372
pdnc,qID,Q940-0,Jane Fairfax,509317,509329,4,1401,33,M_8373
pdnc,qID,Q940-0,her,509355,509358,4,1401,33,M_8374
pdnc,qID,Q940-0,her,509399,509402,4,1401,33,M_8375
pdnc,qID,Q940-0,her,509458,509461,4,1401,33,M_8376
pdnc,qID,Q940-0,her,509630,509633,4,1401,33,M_8377
pdnc,qID,Q940-0,her,509662,509665,4,1401,33,M_8378
pdnc,qID,Q940-0,her,509768,509771,4,1401,33,M_8379
pdnc,qID,Q940-0,she,509792,509795,4,1401,33,M_8380
pdnc,qID,Q940-0,her,509832,509835,4,1401,33,M_8381
pdnc,qID,Q940-0,her,509968,509971,4,1401,33,M_8382
pdnc,qID,Q940-0,her,510064,510067,4,1401,33,M_8383
exp,exp_name,jane fairfax,Jane Fairfax,510133,510145,4,1402,33,M_8384
exp,exp_name,emma,Emma,510157,510161,0,1402,33,M_8385
exp,exp_name,mrs. elton,Mrs. Elton,510334,510344,13,1402,33,M_8386
exp,exp_name,jane fairfax,Jane Fairfax,510348,510360,4,1402,33,M_8387
exp,exp_name,jane fairfax,Jane Fairfax,510365,510377,4,1402,33,M_8388
booknlp,COREF,149,she,510413,510416,4,1402,33,M_8389
exp,exp_name,emma woodhouse,Emma Woodhouse,510433,510447,0,1402,33,M_8390
exp,exp_name,emma,Emma,510547,510551,0,1403,33,M_8391
booknlp,COREF,94,herself,510630,510637,0,1403,33,M_8392
exp,exp_name,miss woodhouse,Miss Woodhouse,510678,510692,0,1403,33,M_8393
exp,exp_name,mrs. elton,Mrs. Elton,510709,510719,13,1403,33,M_8394
booknlp,COREF,94,she,510757,510760,0,1403,33,M_8395
exp,exp_name,mrs. elton,Mrs. Elton,510831,510841,13,1403,33,M_8396
exp,exp_name,mrs. elton,Mrs. Elton,510854,510864,13,1403,33,M_8397
exp,exp_name,jane fairfax,Jane Fairfax,510906,510918,4,1403,33,M_8398
booknlp,COREF,94,She,511029,511032,0,1404,33,M_8399
exp,exp_name,miss bates,Miss Bates,511065,511075,7,1404,33,M_8400
exp,exp_name,mrs. elton,Mrs. Elton,511092,511102,13,1404,33,M_8401
exp,exp_name,jane,Jane,511119,511123,4,1404,33,M_8402
booknlp,COREF,149,She,511183,511186,4,1404,33,M_8403
exp,exp_name,mrs. elton,Mrs. Elton,511305,511315,13,1404,33,M_8404
exp,exp_name,emma,Emma,511340,511344,0,1404,33,M_8405
exp,exp_name,jane fairfax,Jane Fairfax,511370,511382,4,1404,33,M_8406
exp,exp_name,mrs. elton,Mrs. Elton,511427,511437,13,1404,33,M_8407
booknlp,COREF,149,she,511441,511444,4,1404,33,M_8408
booknlp,COREF,94,She,511459,511462,0,1404,33,M_8409
booknlp,COREF,149,her,511472,511475,4,1404,33,M_8410
exp,exp_name,miss fairfax,Miss Fairfax,511652,511664,4,1404,33,M_8411
pdnc,qID,Q941-0,She,511738,511741,4,1405,33,M_8412
pdnc,qID,Q941-1,Mrs. Elton,511897,511907,13,1405,33,M_8413
pdnc,qID,Q941-1,her,511935,511938,13,1405,33,M_8414
pdnc,qID,Q941-1,her,512021,512024,4,1405,33,M_8415
exp,exp_name,jane,Jane,512063,512067,4,1406,33,M_8416
booknlp,COREF,149,her,512293,512296,4,1406,33,M_8417
exp,exp_name,miss bates,Miss Bates,512330,512340,7,1406,33,M_8418
exp,exp_name,jane,Jane,512410,512414,4,1406,33,M_8419
booknlp,COREF,1823,she,512534,512537,4,1406,33,M_8420
pdnc,qID,Q942-0,She,512557,512560,4,1407,33,M_8421
exp,exp_name,emma,Emma,512647,512651,0,1407,33,M_8422
pdnc,qID,Q942-1,She,512667,512670,4,1407,33,M_8423
booknlp,COREF,1823,herself,512744,512751,4,1407,33,M_8424
pdnc,qID,Q942-1,She,512818,512821,4,1407,33,M_8425
pdnc,qID,Q942-1,she,512903,512906,4,1407,33,M_8426
booknlp,COREF,94,her,512979,512982,0,1408,33,M_8427
booknlp,COREF,94,her,512992,512995,0,1408,33,M_8428
booknlp,COREF,94,her,513062,513065,0,1408,33,M_8429
exp,exp_name,mrs. elton,Mrs. Elton,513077,513087,13,1408,33,M_8430
exp,exp_name,mrs. weston,Mrs. Weston,513089,513100,15,1408,33,M_8431
exp,exp_name,jane,Jane,513127,513131,4,1408,33,M_8432
pdnc,qID,Q943-0,she,513158,513161,4,1409,33,M_8433
pdnc,qID,Q943-0,my dear Emma,513203,513215,0,1409,33,M_8434
pdnc,qID,Q943-0,Her aunt,513261,513269,7,1409,33,M_8435
pdnc,qID,Q943-0,Miss Fairfax,513365,513377,4,1409,33,M_8436
pdnc,qID,Q943-0,her,513403,513406,4,1409,33,M_8437
pdnc,qID,Q943-0,she,513422,513425,4,1409,33,M_8438
pdnc,qID,Q944-0,You,513438,513441,15,1410,33,M_8439
pdnc,qID,Q944-0,Mrs. Weston,513453,513464,15,1410,33,M_8440
exp,exp_name,mr. knightley,Mr. Knightley,513472,513485,6,1410,33,M_8441
pdnc,qID,Q944-1,Miss Fairfax,513495,513507,4,1410,33,M_8442
exp,exp_name,mrs. elton,Mrs. Elton,513564,513574,13,1410,33,M_8443
pdnc,qID,Q944-1,she,513582,513585,4,1410,33,M_8444
pdnc,qID,Q944-1,she,513622,513625,4,1410,33,M_8445
pdnc,qID,Q944-1,her,513648,513651,13,1410,33,M_8446
exp,exp_name,emma,Emma,513686,513690,0,1410,33,M_8447
pdnc,qID,Q944-2,she,513692,513695,4,1410,33,M_8448
exp,exp_name,mrs. elton,Mrs. Elton,513721,513731,13,1410,33,M_8449
pdnc,qID,Q944-2,her,513756,513759,4,1410,33,M_8450
exp,exp_name,emma,Emma,513763,513767,0,1411,33,M_8451
exp,exp_name,mrs. weston,Mrs. Weston,513778,513789,15,1411,33,M_8452
booknlp,COREF,94,her,513801,513804,0,1411,33,M_8453
booknlp,COREF,94,she,513829,513832,0,1411,33,M_8454
booknlp,COREF,94,herself,513837,513844,0,1411,33,M_8455
booknlp,COREF,94,she,513887,513890,0,1411,33,M_8456
pdnc,qID,Q945-0,Mrs. Elton,513931,513941,13,1412,33,M_8457
pdnc,qID,Q945-0,Miss Fairfax,514003,514015,4,1412,33,M_8458
pdnc,qID,Q945-0,Mrs. Elton,514017,514027,13,1412,33,M_8459
exp,exp_name,mrs. weston,Mrs. Weston,514119,514130,15,1413,33,M_8460
pdnc,qID,Q946-1,Miss Fairfax,514136,514148,4,1413,33,M_8461
pdnc,qID,Q946-1,her,514183,514186,4,1413,33,M_8462
pdnc,qID,Q946-1,her aunt,514207,514215,7,1413,33,M_8463
pdnc,qID,Q946-1,Mrs. Elton,514241,514251,13,1413,33,M_8464
pdnc,qID,Q946-1,her,514269,514272,4,1413,33,M_8465
pdnc,qID,Q946-1,Poor Miss Bates,514274,514289,7,1413,33,M_8466
pdnc,qID,Q946-1,her niece,514321,514330,4,1413,33,M_8467
pdnc,qID,Q946-1,her,514343,514346,4,1413,33,M_8468
pdnc,qID,Q946-1,her,514390,514393,4,1413,33,M_8469
pdnc,qID,Q947-0,Mrs. Elton,514632,514642,13,1415,33,M_8470
pdnc,qID,Q947-0,Miss Fairfax,514662,514674,4,1415,33,M_8471
pdnc,qID,Q947-0,she,514678,514681,13,1415,33,M_8472
pdnc,qID,Q947-0,her,514694,514697,4,1415,33,M_8473
pdnc,qID,Q947-0,you,515128,515131,0,1415,33,M_8474
pdnc,qID,Q947-0,Miss Fairfax,515149,515161,4,1415,33,M_8475
pdnc,qID,Q947-0,Mrs. Elton,515167,515177,13,1415,33,M_8476
pdnc,qID,Q947-0,her,515181,515184,4,1415,33,M_8477
pdnc,qID,Q947-0,Mrs. Elton,515246,515256,13,1415,33,M_8478
pdnc,qID,Q947-0,her,515264,515267,4,1415,33,M_8479
pdnc,qID,Q947-0,she,515295,515298,4,1415,33,M_8480
pdnc,qID,Q947-0,Jane Fairfax,515331,515343,4,1415,33,M_8481
pdnc,qID,Q947-0,Mrs. Elton,515367,515377,13,1415,33,M_8482
pdnc,qID,Q947-0,her,515428,515431,13,1415,33,M_8483
pdnc,qID,Q947-0,her,515446,515449,13,1415,33,M_8484
booknlp,COREF,94,I,515516,515517,0,1416,33,M_8485
pdnc,qID,Q948-0,you,515534,515537,6,1416,33,M_8486
pdnc,qID,Q948-0,Jane Fairfax,515547,515559,4,1416,33,M_8487
exp,exp_name,emma,Emma,515567,515571,0,1416,33,M_8488
booknlp,COREF,94,her,515593,515596,0,1416,33,M_8489
booknlp,COREF,94,her,515648,515651,0,1416,33,M_8490
pdnc,qID,Q949-1,her,515742,515745,4,1417,33,M_8491
exp,exp_name,emma,Emma,515765,515769,0,1418,33,M_8492
booknlp,COREF,94,she,515882,515885,0,1418,33,M_8493
pdnc,qID,Q950-1,you,515917,515920,6,1418,33,M_8494
pdnc,qID,Q950-1,your,515982,515986,6,1418,33,M_8495
pdnc,qID,Q950-1,you,516007,516010,6,1418,33,M_8496
exp,exp_name,mr. knightley,Mr. Knightley,516044,516057,6,1419,33,M_8497
pdnc,qID,Q951-0,you,516259,516262,0,1420,33,M_8498
pdnc,qID,Q951-0,you,516275,516278,0,1420,33,M_8499
exp,exp_name,cole,Cole,516309,516313,12,1420,33,M_8500
exp,exp_name,emma,Emma,516365,516369,0,1421,33,M_8501
booknlp,COREF,94,her,516375,516378,0,1421,33,M_8502
exp,exp_name,mrs. weston,Mrs. Weston,516395,516406,15,1421,33,M_8503
booknlp,COREF,94,herself,516420,516427,0,1421,33,M_8504
pdnc,qID,Q952-0,you,516517,516520,0,1422,33,M_8505
pdnc,qID,Q952-0,Miss Fairfax,516522,516534,4,1422,33,M_8506
pdnc,qID,Q952-0,her,516583,516586,4,1422,33,M_8507
pdnc,qID,Q952-0,her,516625,516628,4,1422,33,M_8508
exp,exp_name,emma,Emma,516632,516636,0,1423,33,M_8509
booknlp,COREF,94,her,516646,516649,0,1423,33,M_8510
pdnc,qID,Q953-0,You,516720,516723,6,1424,33,M_8511
pdnc,qID,Q953-0,Mr. Knightley,516738,516751,6,1424,33,M_8512
pdnc,qID,Q953-0,you,516773,516776,6,1424,33,M_8513
booknlp,COREF,94,her,516805,516808,0,1425,33,M_8514
pdnc,qID,Q954-0,you,516902,516905,0,1426,33,M_8515
pdnc,qID,Q954-0,Jane Fairfax,516945,516957,4,1426,33,M_8516
pdnc,qID,Q955-0,You,516984,516987,6,1427,33,M_8517
pdnc,qID,Q955-0,you,517077,517080,6,1427,33,M_8518
pdnc,qID,Q955-0,your,517254,517258,6,1427,33,M_8519
pdnc,qID,Q955-0,Jane Fairfax,517268,517280,4,1427,33,M_8520
exp,exp_name,jane,Jane,517284,517288,4,1427,33,M_8521
pdnc,qID,Q955-0,You,517299,517302,6,1427,33,M_8522
pdnc,qID,Q955-0,you,517365,517368,6,1427,33,M_8523
exp,exp_name,mr. knightley,Mr. Knightley,517385,517398,6,1428,33,M_8524
pdnc,qID,Q956-0,Emma,517457,517461,0,1428,33,M_8525
pdnc,qID,Q956-0,her,517510,517513,4,1428,33,M_8526
pdnc,qID,Q956-0,her,517571,517574,4,1428,33,M_8527
pdnc,qID,Q956-0,you,517597,517600,0,1428,33,M_8528
pdnc,qID,Q956-1,Jane Fairfax,517625,517637,4,1428,33,M_8529
pdnc,qID,Q956-1,Jane Fairfax,517683,517695,4,1428,33,M_8530
pdnc,qID,Q956-1,She,517708,517711,4,1428,33,M_8531
pdnc,qID,Q956-1,She,517725,517728,4,1428,33,M_8532
exp,exp_name,emma,Emma,517793,517797,0,1429,33,M_8533
booknlp,COREF,94,she,517833,517836,0,1429,33,M_8534
booknlp,COREF,94,she,517863,517866,0,1429,33,M_8535
pdnc,qID,Q957-1,you,517873,517876,6,1429,33,M_8536
exp,exp_name,cole,Cole,517895,517899,12,1429,33,M_8537
booknlp,COREF,94,I,517901,517902,0,1429,33,M_8538
booknlp,COREF,143,He,517931,517933,12,1430,33,M_8539
booknlp,COREF,94,me,517939,517941,0,1430,33,M_8540
booknlp,COREF,94,I,517956,517957,0,1430,33,M_8541
booknlp,COREF,143,him,517963,517966,12,1430,33,M_8542
booknlp,COREF,143,he,517967,517969,12,1430,33,M_8543
booknlp,COREF,143,he,517984,517986,12,1430,33,M_8544
booknlp,COREF,94,my,517993,517995,0,1430,33,M_8545
exp,exp_name,cole,Cole,518021,518025,12,1430,33,M_8546
booknlp,COREF,143,his,518068,518071,12,1430,33,M_8547
pdnc,qID,Q959-0,dear Mrs. Elton,518114,518129,13,1431,33,M_8548
booknlp,COREF,94,I,518185,518186,0,1431,33,M_8549
pdnc,qID,Q959-0,she,518198,518201,13,1431,33,M_8550
pdnc,qID,Q959-0,the Coles,518212,518221,12,1431,33,M_8551
pdnc,qID,Q959-0,she,518228,518231,13,1431,33,M_8552
pdnc,qID,Q959-0,them,518238,518242,12,1431,33,M_8553
pdnc,qID,Q959-0,she,518252,518255,13,1431,33,M_8554
pdnc,qID,Q959-0,them,518281,518285,12,1431,33,M_8555
pdnc,qID,Q959-0,She,518322,518325,13,1431,33,M_8556
pdnc,qID,Q959-0,you,518332,518335,6,1431,33,M_8557
pdnc,qID,Q959-0,Knightley,518337,518346,6,1431,33,M_8558
pdnc,qID,Q959-0,she,518357,518360,13,1431,33,M_8559
exp,exp_name,cole,Cole,518372,518376,12,1431,33,M_8560
booknlp,COREF,94,I,518385,518386,0,1431,33,M_8561
pdnc,qID,Q959-0,Jane Fairfax,518415,518427,4,1431,33,M_8562
pdnc,qID,Q959-0,her,518436,518439,13,1431,33,M_8563
pdnc,qID,Q959-0,her,518475,518478,13,1431,33,M_8564
pdnc,qID,Q959-0,Mrs. Weston,518480,518491,15,1431,33,M_8565
pdnc,qID,Q959-0,your,518493,518497,15,1431,33,M_8566
booknlp,COREF,94,me,518524,518526,0,1431,33,M_8567
booknlp,COREF,94,I,518528,518529,0,1431,33,M_8568
pdnc,qID,Q959-0,Miss Bates,518599,518609,7,1431,33,M_8569
booknlp,COREF,94,I,518616,518617,0,1431,33,M_8570
pdnc,qID,Q959-0,Miss Fairfax,518648,518660,4,1431,33,M_8571
pdnc,qID,Q959-0,Mrs. Elton,518673,518683,13,1431,33,M_8572
booknlp,COREF,94,I,518685,518686,0,1431,33,M_8573
pdnc,qID,Q959-0,Mrs. Elton,518704,518714,13,1431,33,M_8574
pdnc,qID,Q959-0,her,518785,518788,13,1431,33,M_8575
pdnc,qID,Q959-0,her,518822,518825,13,1431,33,M_8576
booknlp,COREF,94,I,518860,518861,0,1431,33,M_8577
pdnc,qID,Q959-0,she,518882,518885,13,1431,33,M_8578
pdnc,qID,Q959-0,her visitor,518920,518931,4,1431,33,M_8579
pdnc,qID,Q959-0,she,518988,518991,13,1431,33,M_8580
pdnc,qID,Q959-0,her,519073,519076,4,1431,33,M_8581
pdnc,qID,Q959-0,her,519116,519119,4,1431,33,M_8582
pdnc,qID,Q960-0,Jane Fairfax,519209,519221,4,1432,33,M_8583
exp,exp_name,mr. knightley,Mr. Knightley,519241,519254,6,1432,33,M_8584
pdnc,qID,Q960-1,her,519273,519276,4,1432,33,M_8585
pdnc,qID,Q960-1,Her,519297,519300,4,1432,33,M_8586
booknlp,COREF,94,I,519316,519317,0,1432,33,M_8587
pdnc,qID,Q960-1,her,519343,519346,4,1432,33,M_8588
pdnc,qID,Q960-1,She,519440,519443,4,1432,33,M_8589
booknlp,COREF,94,I,519472,519473,0,1432,33,M_8590
pdnc,qID,Q960-1,she,519486,519489,4,1432,33,M_8591
booknlp,COREF,94,I,519506,519507,0,1432,33,M_8592
exp,exp_name,cole,Cole,519538,519542,12,1432,33,M_8593
booknlp,COREF,94,my,519554,519556,0,1432,33,M_8594
booknlp,COREF,94,my,519599,519601,0,1432,33,M_8595
booknlp,COREF,94,I,519608,519609,0,1432,33,M_8596
pdnc,qID,Q960-1,Jane Fairfax,519614,519626,4,1432,33,M_8597
pdnc,qID,Q960-1,her,519646,519649,4,1432,33,M_8598
pdnc,qID,Q961-0,Mrs. Weston,519725,519736,15,1433,33,M_8599
exp,exp_name,emma,Emma,519744,519748,0,1433,33,M_8600
pdnc,qID,Q961-1,you,519790,519793,15,1433,33,M_8601
pdnc,qID,Q961-1,Mr. Knightley,519805,519818,6,1433,33,M_8602
pdnc,qID,Q961-1,Jane Fairfax,519830,519842,4,1433,33,M_8603
pdnc,qID,Q962-0,dear Emma,519860,519869,0,1434,33,M_8604
pdnc,qID,Q962-0,he,519882,519884,6,1434,33,M_8605
pdnc,qID,Q962-0,her,519950,519953,4,1434,33,M_8606
pdnc,qID,Q962-0,his,520001,520004,6,1434,33,M_8607
exp,exp_name,mr. elton,Mr. Elton,520111,520120,8,1436,34,M_8608
booknlp,COREF,150,him,520142,520145,8,1436,34,M_8609
booknlp,COREF,150,his,520159,520162,8,1436,34,M_8610
booknlp,COREF,150,him,520222,520225,8,1436,34,M_8611
booknlp,COREF,150,his,520230,520233,8,1436,34,M_8612
exp,exp_name,mrs. bates,Mrs. Bates,521025,521035,11,1438,34,M_8613
exp,exp_name,emma,Emma,521566,521570,0,1439,34,M_8614
booknlp,COREF,94,she,521697,521700,0,1439,34,M_8615
exp,exp_name,emma,Emma,521815,521819,0,1439,34,M_8616
exp,exp_name,mr. woodhouse,Mr. Woodhouse,521857,521870,10,1439,34,M_8617
booknlp,COREF,85,himself,521972,521979,10,1439,34,M_8618
booknlp,COREF,85,him,522048,522051,10,1439,34,M_8619
exp,exp_name,mr. knightley,Mr. Knightley,522153,522166,6,1440,34,M_8620
exp,exp_name,harriet,Harriet,522248,522255,2,1440,34,M_8621
exp,exp_name,emma,Emma,522371,522375,0,1440,34,M_8622
exp,exp_name,harriet,Harriet,522404,522411,2,1440,34,M_8623
booknlp,COREF,112,She,522452,522455,2,1440,34,M_8624
booknlp,COREF,85,his,522479,522482,10,1440,34,M_8625
booknlp,COREF,112,she,522501,522504,2,1440,34,M_8626
booknlp,COREF,112,She,522517,522520,2,1440,34,M_8627
booknlp,COREF,85,him,522551,522554,10,1440,34,M_8628
booknlp,COREF,85,his,522559,522562,10,1440,34,M_8629
exp,exp_name,miss woodhouse,Miss Woodhouse,522627,522641,0,1440,34,M_8630
booknlp,COREF,112,she,522667,522670,2,1440,34,M_8631
exp,exp_name,emma,Emma,522721,522725,0,1440,34,M_8632
booknlp,COREF,94,she,522749,522752,0,1440,34,M_8633
booknlp,COREF,94,She,522792,522795,0,1440,34,M_8634
booknlp,COREF,94,her,522832,522835,0,1440,34,M_8635
booknlp,COREF,94,she,522865,522868,0,1440,34,M_8636
booknlp,COREF,94,her,522884,522887,0,1440,34,M_8637
booknlp,COREF,94,she,522938,522941,0,1440,34,M_8638
booknlp,COREF,94,she,522980,522983,0,1440,34,M_8639
exp,exp_name,jane fairfax,Jane Fairfax,523018,523030,4,1440,34,M_8640
booknlp,COREF,94,her,523040,523043,0,1440,34,M_8641
exp,exp_name,mrs. weston,Mrs. Weston,523067,523078,15,1440,34,M_8642
exp,exp_name,mr. knightley,Mr. Knightley,523083,523096,6,1440,34,M_8643
booknlp,COREF,94,she,523098,523101,0,1440,34,M_8644
exp,exp_name,jane fairfax,Jane Fairfax,523137,523149,4,1440,34,M_8645
booknlp,COREF,94,she,523155,523158,0,1440,34,M_8646
exp,exp_name,mr. knightley,Mr. Knightley,523176,523189,6,1440,34,M_8647
booknlp,COREF,94,her,523209,523212,0,1440,34,M_8648
exp,exp_name,jane fairfax,Jane Fairfax,523231,523243,4,1440,34,M_8649
exp,exp_name,mrs. elton,Mrs. Elton,523269,523279,13,1440,34,M_8650
booknlp,COREF,94,her,523303,523306,0,1440,34,M_8651
booknlp,COREF,94,she,523335,523338,0,1441,34,M_8652
booknlp,COREF,94,me,523371,523373,0,1441,34,M_8653
pdnc,qID,Q964-1,her,523467,523470,4,1441,34,M_8654
booknlp,COREF,94,I,523472,523473,0,1441,34,M_8655
pdnc,qID,Q964-1,her,523498,523501,4,1441,34,M_8656
pdnc,qID,Q964-1,She,523511,523514,4,1441,34,M_8657
booknlp,COREF,94,me,523531,523533,0,1441,34,M_8658
booknlp,COREF,94,I,523539,523540,0,1441,34,M_8659
pdnc,qID,Q964-1,her,523556,523559,4,1441,34,M_8660
booknlp,COREF,94,I,523574,523575,0,1441,34,M_8661
pdnc,qID,Q964-1,her,523586,523589,4,1441,34,M_8662
booknlp,COREF,94,I,523613,523614,0,1441,34,M_8663
exp,exp_name,mr. woodhouse,Mr. Woodhouse,524190,524203,10,1442,34,M_8664
booknlp,COREF,85,his,524267,524270,10,1442,34,M_8665
exp,exp_name,emma,Emma,524321,524325,0,1442,34,M_8666
booknlp,COREF,94,She,524494,524497,0,1443,34,M_8667
booknlp,COREF,94,her,524508,524511,0,1443,34,M_8668
booknlp,COREF,94,she,524531,524534,0,1443,34,M_8669
booknlp,COREF,94,herself,524549,524556,0,1443,34,M_8670
booknlp,COREF,94,She,524704,524707,0,1443,34,M_8671
booknlp,COREF,94,herself,524749,524756,0,1443,34,M_8672
booknlp,COREF,94,her,524829,524832,0,1443,34,M_8673
exp,exp_name,mr. woodhouse,Mr. Woodhouse,524891,524904,10,1444,34,M_8674
exp,exp_name,emma,Emma,524913,524917,0,1444,34,M_8675
exp,exp_name,john knightley,John Knightley,524919,524933,5,1444,34,M_8676
exp,exp_name,mr. weston,Mr. Weston,524944,524954,9,1444,34,M_8677
booknlp,COREF,86,He,525025,525027,9,1444,34,M_8678
exp,exp_name,mr. woodhouse,Mr. Woodhouse,525100,525113,10,1444,34,M_8679
booknlp,COREF,94,her,525225,525228,0,1444,34,M_8680
exp,exp_name,emma,Emma,525284,525288,0,1444,34,M_8681
exp,exp_name,mr. john knightley,Mr. John Knightley,525357,525375,5,1445,34,M_8682
exp,exp_name,miss fairfax,Miss Fairfax,525538,525550,4,1445,34,M_8683
exp,exp_name,mrs. elton,Mrs. Elton,525552,525562,13,1445,34,M_8684
exp,exp_name,isabella,Isabella,525670,525678,3,1445,34,M_8685
exp,exp_name,miss fairfax,Miss Fairfax,525698,525710,4,1445,34,M_8686
booknlp,COREF,149,her,525774,525777,4,1445,34,M_8687
booknlp,COREF,149,her,525790,525793,4,1445,34,M_8688
pdnc,qID,Q965-0,you,525984,525987,4,1446,34,M_8689
pdnc,qID,Q965-0,Miss Fairfax,526009,526021,4,1446,34,M_8690
pdnc,qID,Q965-0,you,526050,526053,4,1446,34,M_8691
pdnc,qID,Q965-0,you,526112,526115,4,1446,34,M_8692
booknlp,COREF,149,I,526136,526137,4,1447,34,M_8693
booknlp,COREF,149,she,526174,526177,4,1447,34,M_8694
booknlp,COREF,149,my,526229,526231,4,1447,34,M_8695
booknlp,COREF,149,I,526246,526247,4,1447,34,M_8696
booknlp,COREF,149,I,526278,526279,4,1447,34,M_8697
booknlp,COREF,149,me,526333,526335,4,1447,34,M_8698
booknlp,COREF,149,me,526370,526372,4,1447,34,M_8699
booknlp,COREF,149,I,526467,526468,4,1449,34,M_8700
exp,exp_name,mr. john knightley,Mr. John Knightley,526480,526498,5,1450,34,M_8701
booknlp,COREF,149,you,526538,526541,4,1451,34,M_8702
booknlp,COREF,149,your,526556,526560,4,1451,34,M_8703
booknlp,COREF,149,you,526571,526574,4,1451,34,M_8704
booknlp,COREF,149,your,526599,526603,4,1451,34,M_8705
booknlp,COREF,149,you,526648,526651,4,1451,34,M_8706
exp,exp_name,john,John,526667,526671,5,1451,34,M_8707
booknlp,COREF,149,you,526794,526797,4,1451,34,M_8708
booknlp,COREF,149,you,526820,526823,4,1451,34,M_8709
pdnc,qID,Q970-0,you,526987,526990,5,1453,34,M_8710
booknlp,COREF,149,I,527159,527160,4,1454,34,M_8711
pdnc,qID,Q971-0,you,527177,527180,4,1454,34,M_8712
pdnc,qID,Q972-0,You,527291,527294,5,1455,34,M_8713
pdnc,qID,Q973-1,you,527446,527449,4,1456,34,M_8714
pdnc,qID,Q974-0,you,527513,527516,5,1457,34,M_8715
pdnc,qID,Q974-0,Mr. John Knightley,527545,527563,5,1457,34,M_8716
pdnc,qID,Q974-0,he,527589,527591,5,1457,34,M_8717
pdnc,qID,Q974-0,you,527702,527705,5,1457,34,M_8718
pdnc,qID,Q974-0,your,527743,527747,5,1457,34,M_8719
pdnc,qID,Q974-0,You,527840,527843,5,1457,34,M_8720
pdnc,qID,Q974-0,you,527871,527874,5,1457,34,M_8721
pdnc,qID,Q975-0,your,528090,528094,4,1458,34,M_8722
exp,exp_name,john knightley,John Knightley,528151,528165,5,1458,34,M_8723
pdnc,qID,Q975-1,you,528409,528412,4,1458,34,M_8724
pdnc,qID,Q975-1,you,528432,528435,4,1458,34,M_8725
pdnc,qID,Q975-1,Miss Fairfax,528459,528471,4,1458,34,M_8726
pdnc,qID,Q975-1,you,528494,528497,4,1458,34,M_8727
booknlp,COREF,149,you,528621,528624,4,1459,34,M_8728
exp,exp_name,mr. woodhouse,Mr. Woodhouse,528778,528791,10,1459,34,M_8729
booknlp,COREF,85,his,528817,528820,10,1459,34,M_8730
booknlp,COREF,85,his,528868,528871,10,1459,34,M_8731
booknlp,COREF,85,his,528891,528894,10,1459,34,M_8732
booknlp,COREF,85,his,528967,528970,10,1459,34,M_8733
pdnc,qID,Q976-0,Miss Fairfax,529022,529034,4,1460,34,M_8734
pdnc,qID,Q976-0,your,529039,529043,4,1460,34,M_8735
pdnc,qID,Q976-0,My dear,529220,529227,4,1460,34,M_8736
pdnc,qID,Q976-0,you,529233,529236,4,1460,34,M_8737
booknlp,COREF,149,your,529244,529248,4,1460,34,M_8738
pdnc,qID,Q978-0,My dear Miss Fairfax,529351,529371,4,1462,34,M_8739
pdnc,qID,Q978-0,your good grand-mama and aunt,529425,529454,11,1462,34,M_8740
pdnc,qID,Q978-0,You,529557,529560,4,1462,34,M_8741
pdnc,qID,Q978-0,My daughter,529609,529620,0,1462,34,M_8742
pdnc,qID,Q978-0,your,529655,529659,4,1462,34,M_8743
pdnc,qID,Q978-0,you,529715,529718,4,1462,34,M_8744
exp,exp_name,mrs. elton,Mrs. Elton,529915,529925,13,1464,34,M_8745
exp,exp_name,jane,Jane,529965,529969,4,1464,34,M_8746
pdnc,qID,Q979-0,My dear Jane,529973,529985,4,1465,34,M_8747
pdnc,qID,Q979-0,you,530075,530078,4,1465,34,M_8748
pdnc,qID,Q979-0,You,530081,530084,4,1465,34,M_8749
pdnc,qID,Q979-0,you,530105,530108,4,1465,34,M_8750
pdnc,qID,Q979-0,you,530172,530175,4,1465,34,M_8751
exp,exp_name,jane,Jane,530179,530183,4,1466,34,M_8752
booknlp,COREF,149,her,530207,530210,4,1466,34,M_8753
booknlp,COREF,149,she,530216,530219,4,1466,34,M_8754
pdnc,qID,Q980-0,You,530269,530272,4,1467,34,M_8755
pdnc,qID,Q980-0,Mrs. Weston,530375,530386,15,1467,34,M_8756
pdnc,qID,Q980-0,you,530392,530395,15,1467,34,M_8757
pdnc,qID,Q980-0,You,530416,530419,15,1467,34,M_8758
exp,exp_name,mrs. weston,Mrs. Weston,530483,530494,15,1468,34,M_8759
pdnc,qID,Q981-1,Miss Fairfax,530558,530570,4,1468,34,M_8760
pdnc,qID,Q981-1,you,530572,530575,4,1468,34,M_8761
pdnc,qID,Q981-1,you,530612,530615,4,1468,34,M_8762
pdnc,qID,Q981-1,you,530650,530653,4,1468,34,M_8763
booknlp,COREF,149,your,530830,530834,4,1468,34,M_8764
pdnc,qID,Q981-1,your,530877,530881,4,1468,34,M_8765
pdnc,qID,Q981-1,you,530906,530909,4,1468,34,M_8766
pdnc,qID,Q981-1,you,530920,530923,4,1468,34,M_8767
pdnc,qID,Q981-1,you,530944,530947,4,1468,34,M_8768
pdnc,qID,Q981-1,You,530973,530976,4,1468,34,M_8769
pdnc,qID,Q981-1,you,530988,530991,4,1468,34,M_8770
pdnc,qID,Q982-0,she,531032,531035,4,1469,34,M_8771
exp,exp_name,mrs. elton,Mrs. Elton,531091,531101,13,1469,34,M_8772
pdnc,qID,Q982-1,her,531122,531125,4,1469,34,M_8773
pdnc,qID,Q982-2,Mr. E.,531255,531261,8,1469,34,M_8774
pdnc,qID,Q982-2,yours,531362,531367,4,1469,34,M_8775
pdnc,qID,Q982-2,you,531390,531393,4,1469,34,M_8776
pdnc,qID,Q982-2,you,531430,531433,4,1469,34,M_8777
pdnc,qID,Q982-2,my dear Jane,531470,531482,4,1469,34,M_8778
pdnc,qID,Q982-2,you,531484,531487,4,1469,34,M_8779
pdnc,qID,Q983-0,You,531544,531547,13,1470,34,M_8780
exp,exp_name,jane,Jane,531574,531578,4,1470,34,M_8781
booknlp,COREF,149,I,531585,531586,4,1470,34,M_8782
booknlp,COREF,149,my,531602,531604,4,1470,34,M_8783
booknlp,COREF,149,I,531617,531618,4,1470,34,M_8784
booknlp,COREF,149,I,531660,531661,4,1470,34,M_8785
booknlp,COREF,149,I,531667,531668,4,1470,34,M_8786
booknlp,COREF,149,my,531733,531735,4,1470,34,M_8787
booknlp,COREF,149,I,531742,531743,4,1470,34,M_8788
pdnc,qID,Q984-0,My dear Jane,531792,531804,4,1471,34,M_8789
pdnc,qID,Q985-0,my lord and master,531957,531975,8,1471,34,M_8790
pdnc,qID,Q985-0,You,531977,531980,15,1471,34,M_8791
pdnc,qID,Q985-0,Mrs. Weston,531987,531998,15,1471,34,M_8792
pdnc,qID,Q985-0,you,532000,532003,15,1471,34,M_8793
pdnc,qID,Q985-0,my dear Jane,532078,532090,4,1471,34,M_8794
booknlp,COREF,149,me,532232,532234,4,1472,34,M_8795
exp,exp_name,jane,Jane,532242,532246,4,1472,34,M_8796
booknlp,COREF,149,I,532259,532260,4,1472,34,M_8797
pdnc,qID,Q986-1,your,532342,532346,13,1472,34,M_8798
booknlp,COREF,149,me,532393,532395,4,1472,34,M_8799
booknlp,COREF,149,I,532436,532437,4,1472,34,M_8800
pdnc,qID,Q986-1,my grandmama,532454,532466,11,1472,34,M_8801
pdnc,qID,Q987-0,my dear,532477,532484,4,1473,34,M_8802
exp,exp_name,jane,Jane,532561,532565,4,1474,34,M_8803
booknlp,COREF,149,she,532579,532582,4,1474,34,M_8804
booknlp,COREF,149,she,532639,532642,4,1474,34,M_8805
exp,exp_name,mr. john knightley,Mr. John Knightley,532667,532685,5,1474,34,M_8806
booknlp,COREF,149,I,533113,533114,4,1477,34,M_8807
pdnc,qID,Q991-0,you,533383,533386,4,1478,34,M_8808
exp,exp_name,john knightley,John Knightley,533672,533686,5,1480,34,M_8809
pdnc,qID,Q992-1,Isabella,533996,534004,3,1480,34,M_8810
pdnc,qID,Q992-1,Emma,534009,534013,0,1480,34,M_8811
pdnc,qID,Q993-1,you,534169,534172,5,1481,34,M_8812
pdnc,qID,Q993-1,Emma,534183,534187,0,1481,34,M_8813
pdnc,qID,Q994-0,Isabella,534216,534224,3,1482,34,M_8814
pdnc,qID,Q994-0,Emma,534229,534233,0,1482,34,M_8815
exp,exp_name,mr. woodhouse,Mr. Woodhouse,534264,534277,10,1482,34,M_8816
pdnc,qID,Q994-1,poor Mrs. Weston,534308,534324,15,1482,34,M_8817
exp,exp_name,emma,Emma,534413,534417,0,1483,34,M_8818
exp,exp_name,mrs. weston,Mrs. Weston,534441,534452,15,1483,34,M_8819
exp,exp_name,mrs. weston,Mrs. Weston,534486,534497,15,1483,34,M_8820
exp,exp_name,mrs. weston,Mrs. Weston,534953,534964,15,1484,34,M_8821
exp,exp_name,emma,Emma,534984,534988,0,1484,34,M_8822
pdnc,qID,Q996-0,Mr. Frank Churchill,535003,535022,1,1484,34,M_8823
exp,exp_name,mr. knightley,Mr. Knightley,535105,535118,6,1485,34,M_8824
exp,exp_name,mrs. weston,Mrs. Weston,535383,535394,15,1486,34,M_8825
booknlp,COREF,94,she,535433,535436,0,1486,34,M_8826
exp,exp_name,emma,Emma,535556,535560,0,1487,34,M_8827
booknlp,COREF,94,I,535566,535567,0,1487,34,M_8828
booknlp,COREF,94,my,535572,535574,0,1487,34,M_8829
booknlp,COREF,94,I,535589,535590,0,1487,34,M_8830
booknlp,COREF,94,I,535599,535600,0,1487,34,M_8831
booknlp,COREF,94,I,535627,535628,0,1487,34,M_8832
pdnc,qID,Q998-1,his,535644,535647,1,1487,34,M_8833
pdnc,qID,Q998-1,Mrs. Weston,535671,535682,15,1487,34,M_8834
pdnc,qID,Q998-1,him,535694,535697,1,1487,34,M_8835
pdnc,qID,Q998-1,you,535711,535714,15,1487,34,M_8836
pdnc,qID,Q999-0,He,535727,535729,1,1488,34,M_8837
pdnc,qID,Q999-0,he,535743,535745,1,1488,34,M_8838
booknlp,COREF,94,I,535776,535777,0,1489,34,M_8839
pdnc,qID,Q1000-0,Mr. Knightley,535835,535848,6,1489,34,M_8840
pdnc,qID,Q1001-0,Mr. Frank Churchill,535888,535907,1,1490,34,M_8841
exp,exp_name,mr. knightley,Mr. Knightley,535915,535928,6,1490,34,M_8842
pdnc,qID,Q1001-1,Miss Woodhouse,535964,535978,0,1490,34,M_8843
pdnc,qID,Q1001-1,he,535980,535982,1,1490,34,M_8844
pdnc,qID,Q1001-1,his,536010,536013,1,1490,34,M_8845
exp,exp_name,mrs. elton,Mrs. Elton,536044,536054,13,1491,34,M_8846
exp,exp_name,mr. woodhouse,Mr. Woodhouse,536109,536122,10,1491,34,M_8847
booknlp,COREF,85,his,536144,536147,10,1491,34,M_8848
booknlp,COREF,85,I,536227,536228,10,1492,34,M_8849
booknlp,COREF,85,I,536239,536240,10,1492,34,M_8850
exp,exp_name,jane,Jane,536288,536292,4,1493,34,M_8851
booknlp,COREF,149,her,536321,536324,4,1493,34,M_8852
exp,exp_name,emma,Emma,536353,536357,0,1493,34,M_8853
booknlp,COREF,149,She,536359,536362,4,1493,34,M_8854
booknlp,COREF,149,She,536477,536480,4,1493,34,M_8855
booknlp,COREF,149,She,536654,536657,4,1493,34,M_8856
booknlp,COREF,149,She,536756,536759,4,1494,34,M_8857
booknlp,COREF,149,her,536863,536866,4,1494,34,M_8858
booknlp,COREF,149,she,536885,536888,4,1494,34,M_8859
booknlp,COREF,149,She,536900,536903,4,1494,34,M_8860
exp,exp_name,jane fairfax,Jane Fairfax,536962,536974,4,1494,34,M_8861
exp,exp_name,emma,Emma,537209,537213,0,1496,35,M_8862
exp,exp_name,mrs. elton,Mrs. Elton,537344,537354,13,1496,35,M_8863
exp,exp_name,jane fairfax,Jane Fairfax,537363,537375,4,1496,35,M_8864
booknlp,COREF,149,herself,537387,537394,4,1496,35,M_8865
booknlp,COREF,149,She,537396,537399,4,1496,35,M_8866
exp,exp_name,mrs. weston,Mrs. Weston,537404,537415,15,1496,35,M_8867
exp,exp_name,mrs. elton,Mrs. Elton,537493,537503,13,1496,35,M_8868
exp,exp_name,jane,Jane,537528,537532,4,1496,35,M_8869
booknlp,COREF,149,her,537543,537546,4,1496,35,M_8870
booknlp,COREF,149,she,537566,537569,4,1496,35,M_8871
exp,exp_name,mrs. elton,Mrs. Elton,537666,537676,13,1496,35,M_8872
exp,exp_name,jane,Jane,537914,537918,4,1496,35,M_8873
booknlp,COREF,149,she,537938,537941,4,1496,35,M_8874
booknlp,COREF,149,her,537988,537991,4,1496,35,M_8875
exp,exp_name,mrs. elton,Mrs. Elton,538012,538022,13,1496,35,M_8876
booknlp,COREF,149,she,538073,538076,4,1497,35,M_8877
booknlp,COREF,149,I,538079,538080,4,1497,35,M_8878
pdnc,qID,Q1003-1,you,538105,538108,4,1497,35,M_8879
booknlp,COREF,149,I,538141,538142,4,1498,35,M_8880
pdnc,qID,Q1005-0,you,538248,538251,4,1499,35,M_8881
booknlp,COREF,149,I,538280,538281,4,1500,35,M_8882
booknlp,COREF,149,I,538314,538315,4,1500,35,M_8883
pdnc,qID,Q1007-0,my dear,538352,538359,4,1501,35,M_8884
pdnc,qID,Q1007-0,you,538388,538391,4,1501,35,M_8885
booknlp,COREF,149,I,538469,538470,4,1502,35,M_8886
exp,exp_name,jane,Jane,538488,538492,4,1502,35,M_8887
booknlp,COREF,149,her,538502,538505,4,1502,35,M_8888
pdnc,qID,Q1008-1,dear Mrs. Elton,538513,538528,13,1502,35,M_8889
booknlp,COREF,149,I,538560,538561,4,1502,35,M_8890
pdnc,qID,Q1009-0,you,538580,538583,4,1503,35,M_8891
booknlp,COREF,149,I,538622,538623,4,1503,35,M_8892
pdnc,qID,Q1009-0,You,538630,538633,4,1503,35,M_8893
booknlp,COREF,149,I,538711,538712,4,1503,35,M_8894
pdnc,qID,Q1009-0,You,538964,538967,4,1503,35,M_8895
booknlp,COREF,149,I,539049,539050,4,1503,35,M_8896
pdnc,qID,Q1009-0,you,539074,539077,4,1503,35,M_8897
exp,exp_name,jane,Jane,539156,539160,4,1504,35,M_8898
booknlp,COREF,149,I,539163,539164,4,1504,35,M_8899
booknlp,COREF,149,I,539197,539198,4,1504,35,M_8900
booknlp,COREF,149,I,539238,539239,4,1504,35,M_8901
booknlp,COREF,149,myself,539275,539281,4,1504,35,M_8902
booknlp,COREF,149,I,539287,539288,4,1504,35,M_8903
pdnc,qID,Q1010-1,you,539304,539307,13,1504,35,M_8904
booknlp,COREF,149,I,539381,539382,4,1505,35,M_8905
pdnc,qID,Q1011-0,your,539388,539392,4,1505,35,M_8906
pdnc,qID,Q1011-0,You,539403,539406,4,1505,35,M_8907
booknlp,COREF,149,me,539428,539430,4,1505,35,M_8908
booknlp,COREF,149,I,539444,539445,4,1505,35,M_8909
pdnc,qID,Q1011-0,you,539453,539456,4,1505,35,M_8910
pdnc,qID,Q1011-0,my dear Jane,539458,539470,4,1505,35,M_8911
pdnc,qID,Q1011-0,you,539522,539525,4,1505,35,M_8912
booknlp,COREF,149,I,539531,539532,4,1505,35,M_8913
booknlp,COREF,149,I,539537,539538,4,1505,35,M_8914
pdnc,qID,Q1012-0,you,539676,539679,13,1506,35,M_8915
booknlp,COREF,149,I,539685,539686,4,1506,35,M_8916
pdnc,qID,Q1012-0,you,539700,539703,13,1506,35,M_8917
booknlp,COREF,149,I,539768,539769,4,1506,35,M_8918
pdnc,qID,Q1013-0,my dear child,539821,539834,4,1507,35,M_8919
pdnc,qID,Q1013-0,Your,539963,539967,4,1507,35,M_8920
booknlp,COREF,149,me,539995,539997,4,1507,35,M_8921
pdnc,qID,Q1013-0,you,540019,540022,4,1507,35,M_8922
pdnc,qID,Q1013-0,your,540036,540040,4,1507,35,M_8923
pdnc,qID,Q1013-0,you,540067,540070,4,1507,35,M_8924
booknlp,COREF,149,me,540197,540199,4,1508,35,M_8925
pdnc,qID,Q1014-0,ma'am,540201,540206,13,1508,35,M_8926
booknlp,COREF,149,my,540232,540234,4,1508,35,M_8927
booknlp,COREF,149,I,540246,540247,4,1508,35,M_8928
booknlp,COREF,149,myself,540264,540270,4,1508,35,M_8929
booknlp,COREF,149,my,540312,540314,4,1508,35,M_8930
booknlp,COREF,149,I,540329,540330,4,1508,35,M_8931
booknlp,COREF,149,I,540367,540368,4,1508,35,M_8932
booknlp,COREF,149,my,540574,540576,4,1509,35,M_8933
booknlp,COREF,149,me,540612,540614,4,1509,35,M_8934
booknlp,COREF,149,I,540656,540657,4,1509,35,M_8935
booknlp,COREF,149,I,540730,540731,4,1510,35,M_8936
booknlp,COREF,149,I,540746,540747,4,1510,35,M_8937
exp,exp_name,jane,Jane,540794,540798,4,1510,35,M_8938
booknlp,COREF,149,I,540818,540819,4,1510,35,M_8939
pdnc,qID,Q1016-1,you,540827,540830,13,1510,35,M_8940
booknlp,COREF,149,I,540845,540846,4,1510,35,M_8941
booknlp,COREF,149,I,540974,540975,4,1510,35,M_8942
booknlp,COREF,149,I,541007,541008,4,1510,35,M_8943
booknlp,COREF,149,I,541091,541092,4,1510,35,M_8944
exp,exp_name,mrs. elton,Mrs. Elton,541203,541213,13,1511,35,M_8945
pdnc,qID,Q1017-1,your,541237,541241,4,1511,35,M_8946
pdnc,qID,Q1017-1,you,541299,541302,4,1511,35,M_8947
pdnc,qID,Q1017-1,your,541332,541336,4,1511,35,M_8948
pdnc,qID,Q1017-1,you,541353,541356,4,1511,35,M_8949
pdnc,qID,Q1018-0,You,541525,541528,13,1512,35,M_8950
booknlp,COREF,149,I,541568,541569,4,1512,35,M_8951
booknlp,COREF,149,me,541616,541618,4,1512,35,M_8952
booknlp,COREF,149,my,541640,541642,4,1512,35,M_8953
booknlp,COREF,149,I,541659,541660,4,1512,35,M_8954
booknlp,COREF,149,I,541695,541696,4,1512,35,M_8955
booknlp,COREF,149,I,541766,541767,4,1512,35,M_8956
pdnc,qID,Q1019-0,you,541800,541803,4,1513,35,M_8957
pdnc,qID,Q1019-0,you,541812,541815,4,1513,35,M_8958
pdnc,qID,Q1019-0,you,541817,541820,4,1513,35,M_8959
pdnc,qID,Q1019-0,your,541950,541954,4,1513,35,M_8960
pdnc,qID,Q1019-0,you,541973,541976,4,1513,35,M_8961
pdnc,qID,Q1019-0,Your,542019,542023,4,1513,35,M_8962
pdnc,qID,Q1019-0,you,542062,542065,4,1513,35,M_8963
pdnc,qID,Q1019-0,your,542074,542078,4,1513,35,M_8964
pdnc,qID,Q1019-0,you,542112,542115,4,1513,35,M_8965
pdnc,qID,Q1019-0,you,542155,542158,4,1513,35,M_8966
pdnc,qID,Q1019-0,you,542194,542197,4,1513,35,M_8967
pdnc,qID,Q1019-0,you,542213,542216,4,1513,35,M_8968
pdnc,qID,Q1019-0,you,542256,542259,4,1513,35,M_8969
pdnc,qID,Q1019-0,you,542305,542308,4,1513,35,M_8970
pdnc,qID,Q1019-0,you,542358,542361,4,1513,35,M_8971
pdnc,qID,Q1019-0,you,542374,542377,4,1513,35,M_8972
pdnc,qID,Q1020-0,You,542489,542492,13,1514,35,M_8973
exp,exp_name,jane,Jane,542585,542589,4,1514,35,M_8974
booknlp,COREF,149,I,542635,542636,4,1514,35,M_8975
booknlp,COREF,149,me,542709,542711,4,1514,35,M_8976
booknlp,COREF,149,I,542713,542714,4,1514,35,M_8977
pdnc,qID,Q1020-1,you,542741,542744,13,1514,35,M_8978
pdnc,qID,Q1020-1,Mrs. Elton,542746,542756,13,1514,35,M_8979
booknlp,COREF,149,I,542758,542759,4,1514,35,M_8980
booknlp,COREF,149,me,542797,542799,4,1514,35,M_8981
booknlp,COREF,149,I,542805,542806,4,1514,35,M_8982
booknlp,COREF,149,I,542902,542903,4,1514,35,M_8983
booknlp,COREF,149,I,542923,542924,4,1514,35,M_8984
booknlp,COREF,149,I,542936,542937,4,1514,35,M_8985
exp,exp_name,mrs. elton,Mrs. Elton,542996,543006,13,1515,35,M_8986
exp,exp_name,mr. woodhouse,Mr. Woodhouse,543215,543228,10,1516,35,M_8987
exp,exp_name,emma,Emma,543293,543297,0,1516,35,M_8988
exp,exp_name,jane,Jane,543343,543347,4,1516,35,M_8989
pdnc,qID,Q1022-0,this dear old beau of mine,543362,543388,10,1517,35,M_8990
pdnc,qID,Q1022-0,his,543416,543419,10,1517,35,M_8991
pdnc,qID,Q1022-0,he,543489,543491,10,1517,35,M_8992
pdnc,qID,Q1022-0,you,543506,543509,4,1517,35,M_8993
pdnc,qID,Q1022-0,him,543517,543520,10,1517,35,M_8994
pdnc,qID,Q1022-0,good old Mr. Woodhouse,543672,543694,10,1517,35,M_8995
pdnc,qID,Q1022-0,you,543703,543706,4,1517,35,M_8996
pdnc,qID,Q1022-0,his,543717,543720,10,1517,35,M_8997
pdnc,qID,Q1022-0,you,543768,543771,4,1517,35,M_8998
pdnc,qID,Q1022-0,my caro sposo,543789,543802,8,1517,35,M_8999
pdnc,qID,Q1022-0,he,543865,543867,10,1517,35,M_9000
pdnc,qID,Q1022-0,you,543899,543902,4,1517,35,M_9001
pdnc,qID,Q1022-0,you,544162,544165,4,1517,35,M_9002
pdnc,qID,Q1022-0,you,544516,544519,4,1517,35,M_9003
exp,exp_name,mr. weston,Mr. Weston,544614,544624,9,1518,35,M_9004
booknlp,COREF,86,his,544630,544633,9,1518,35,M_9005
booknlp,COREF,86,He,544657,544659,9,1518,35,M_9006
booknlp,COREF,86,He,544739,544741,9,1518,35,M_9007
exp,exp_name,mr. woodhouse,Mr. Woodhouse,544828,544841,10,1518,35,M_9008
booknlp,COREF,86,him,544868,544871,9,1518,35,M_9009
booknlp,COREF,85,he,544880,544882,10,1518,35,M_9010
booknlp,COREF,86,him,544912,544915,9,1518,35,M_9011
exp,exp_name,john knightley,John Knightley,544924,544938,5,1518,35,M_9012
exp,exp_name,john knightley,John Knightley,545843,545857,5,1518,35,M_9013
pdnc,qID,Q1023-0,him,545966,545969,9,1518,35,M_9014
exp,exp_name,mr. weston,Mr. Weston,545974,545984,9,1519,35,M_9015
booknlp,COREF,86,he,546038,546040,9,1519,35,M_9016
booknlp,COREF,86,himself,546191,546198,9,1519,35,M_9017
booknlp,COREF,86,his,546263,546266,9,1519,35,M_9018
booknlp,COREF,86,his,546278,546281,9,1519,35,M_9019
booknlp,COREF,86,he,546416,546418,9,1519,35,M_9020
exp,exp_name,mrs. weston,Mrs. Weston,546511,546522,15,1519,35,M_9021
booknlp,COREF,86,he,546524,546526,9,1519,35,M_9022
booknlp,COREF,86,He,546609,546611,9,1519,35,M_9023
exp,exp_name,frank,Frank,546643,546648,1,1519,35,M_9024
booknlp,COREF,86,he,546666,546668,9,1519,35,M_9025
booknlp,COREF,86,his,546688,546691,9,1519,35,M_9026
booknlp,COREF,86,he,546764,546766,9,1520,35,M_9027
pdnc,qID,Q1024-1,you,546782,546785,15,1520,35,M_9028
pdnc,qID,Q1024-1,you,546828,546831,15,1520,35,M_9029
pdnc,qID,Q1024-1,Emma,546849,546853,0,1520,35,M_9030
booknlp,COREF,86,he,546901,546903,9,1521,35,M_9031
pdnc,qID,Q1025-0,he,547021,547023,1,1522,35,M_9032
pdnc,qID,Q1025-0,you,547035,547038,15,1522,35,M_9033
booknlp,COREF,86,I,547055,547056,9,1522,35,M_9034
pdnc,qID,Q1025-0,you,547078,547081,15,1522,35,M_9035
pdnc,qID,Q1025-0,you,547108,547111,15,1522,35,M_9036
pdnc,qID,Q1025-0,he,547112,547114,1,1522,35,M_9037
pdnc,qID,Q1025-0,Anne,547153,547157,15,1522,35,M_9038
pdnc,qID,Q1025-0,my dear,547159,547166,15,1522,35,M_9039
booknlp,COREF,86,I,547176,547177,9,1522,35,M_9040
pdnc,qID,Q1025-0,you,547190,547193,15,1522,35,M_9041
pdnc,qID,Q1025-0,you,547202,547205,15,1522,35,M_9042
pdnc,qID,Q1025-0,you,547248,547251,15,1522,35,M_9043
booknlp,COREF,86,I,547272,547273,9,1522,35,M_9044
pdnc,qID,Q1025-0,they,547375,547379,1,1522,35,M_9045
pdnc,qID,Q1025-0,Frank,547496,547501,1,1522,35,M_9046
pdnc,qID,Q1025-0,They,547535,547539,1,1522,35,M_9047
pdnc,qID,Q1025-0,they,547568,547572,1,1522,35,M_9048
pdnc,qID,Q1025-0,he,547586,547588,1,1522,35,M_9049
pdnc,qID,Q1025-0,his,547602,547605,1,1522,35,M_9050
booknlp,COREF,86,I,547643,547644,9,1522,35,M_9051
pdnc,qID,Q1025-0,you,547693,547696,15,1522,35,M_9052
pdnc,qID,Q1025-0,Emma,547714,547718,0,1522,35,M_9053
booknlp,COREF,86,I,547829,547830,9,1522,35,M_9054
exp,exp_name,mrs. weston,Mrs. Weston,547905,547916,15,1523,35,M_9055
exp,exp_name,emma,Emma,548128,548132,0,1523,35,M_9056
booknlp,COREF,94,She,548163,548166,0,1523,35,M_9057
booknlp,COREF,94,her,548202,548205,0,1523,35,M_9058
booknlp,COREF,94,her,548259,548262,0,1523,35,M_9059
booknlp,COREF,94,she,548280,548283,0,1523,35,M_9060
exp,exp_name,mr. weston,Mr. Weston,548318,548328,9,1524,35,M_9061
booknlp,COREF,94,she,548447,548450,0,1524,35,M_9062
booknlp,COREF,86,his,548500,548503,9,1524,35,M_9063
booknlp,COREF,86,he,548615,548617,9,1525,35,M_9064
booknlp,COREF,86,he,548656,548658,9,1525,35,M_9065
exp,exp_name,mr. woodhouse,Mr. Woodhouse,548689,548702,10,1525,35,M_9066
exp,exp_name,mr. knightley,Mr. Knightley,548706,548719,6,1525,35,M_9067
exp,exp_name,mrs. weston,Mrs. Weston,548780,548791,15,1525,35,M_9068
exp,exp_name,emma,Emma,548796,548800,0,1525,35,M_9069
booknlp,COREF,86,he,548831,548833,9,1525,35,M_9070
exp,exp_name,miss fairfax,Miss Fairfax,548858,548870,4,1525,35,M_9071
booknlp,COREF,149,she,548876,548879,4,1525,35,M_9072
exp,exp_name,john knightley,John Knightley,548913,548927,5,1525,35,M_9073
booknlp,COREF,86,himself,548995,549002,9,1525,35,M_9074
exp,exp_name,mrs. elton,Mrs. Elton,549012,549022,13,1525,35,M_9075
booknlp,COREF,86,he,549054,549056,9,1525,35,M_9076
booknlp,COREF,86,I,549120,549121,9,1527,36,M_9077
booknlp,COREF,86,I,549127,549128,9,1527,36,M_9078
pdnc,qID,Q1026-0,my son,549173,549179,1,1527,36,M_9079
pdnc,qID,Q1026-0,you,549183,549186,13,1527,36,M_9080
exp,exp_name,mr. weston,Mr. Weston,549195,549205,9,1527,36,M_9081
exp,exp_name,mrs. elton,Mrs. Elton,549208,549218,13,1528,36,M_9082
pdnc,qID,Q1027-0,You,549323,549326,13,1529,36,M_9083
pdnc,qID,Q1027-0,Frank Churchill,549351,549366,1,1529,36,M_9084
booknlp,COREF,86,I,549368,549369,9,1529,36,M_9085
booknlp,COREF,86,he,549380,549382,9,1529,36,M_9086
pdnc,qID,Q1027-1,him,549404,549407,1,1529,36,M_9087
pdnc,qID,Q1027-1,my son,549414,549420,1,1529,36,M_9088
pdnc,qID,Q1027-1,he,549429,549431,1,1529,36,M_9089
booknlp,COREF,86,my,549446,549448,9,1529,36,M_9090
booknlp,COREF,86,I,549471,549472,9,1530,36,M_9091
pdnc,qID,Q1028-0,his,549496,549499,1,1530,36,M_9092
booknlp,COREF,86,I,549514,549515,9,1530,36,M_9093
pdnc,qID,Q1028-0,Mr. Elton,549524,549533,8,1530,36,M_9094
pdnc,qID,Q1028-0,him,549566,549569,1,1530,36,M_9095
pdnc,qID,Q1028-0,him,549619,549622,1,1530,36,M_9096
pdnc,qID,Q1029-0,You,549643,549646,13,1531,36,M_9097
pdnc,qID,Q1029-0,Frank,549667,549672,1,1531,36,M_9098
booknlp,COREF,86,I,549698,549699,9,1531,36,M_9099
pdnc,qID,Q1029-0,He,549711,549713,1,1531,36,M_9100
booknlp,COREF,86,I,549798,549799,9,1531,36,M_9101
booknlp,COREF,86,my,549819,549821,9,1531,36,M_9102
pdnc,qID,Q1029-0,my son,549851,549857,1,1531,36,M_9103
booknlp,COREF,86,me,549917,549919,9,1531,36,M_9104
pdnc,qID,Q1029-0,Mrs. Weston,549931,549942,15,1531,36,M_9105
pdnc,qID,Q1029-0,She,549944,549947,15,1531,36,M_9106
pdnc,qID,Q1029-0,his,549951,549954,1,1531,36,M_9107
booknlp,COREF,86,I,549980,549981,9,1531,36,M_9108
pdnc,qID,Q1029-0,you,549989,549992,13,1531,36,M_9109
booknlp,COREF,86,I,549994,549995,9,1531,36,M_9110
pdnc,qID,Q1030-0,you,550032,550035,9,1532,36,M_9111
pdnc,qID,Q1030-0,her,550075,550078,15,1532,36,M_9112
pdnc,qID,Q1030-0,Mr. Weston,550084,550094,9,1532,36,M_9113
booknlp,COREF,86,I,550118,550119,9,1532,36,M_9114
pdnc,qID,Q1031-0,you,550190,550193,9,1532,36,M_9115
pdnc,qID,Q1031-0,your,550207,550211,9,1532,36,M_9116
booknlp,COREF,86,my,550250,550252,9,1532,36,M_9117
booknlp,COREF,86,I,550275,550276,9,1532,36,M_9118
pdnc,qID,Q1031-0,Mr. Weston,550344,550354,9,1532,36,M_9119
booknlp,COREF,86,I,550356,550357,9,1532,36,M_9120
pdnc,qID,Q1031-0,you,550388,550391,9,1532,36,M_9121
pdnc,qID,Q1032-0,You,550425,550428,13,1533,36,M_9122
pdnc,qID,Q1032-0,Mrs. Elton,550457,550467,13,1533,36,M_9123
pdnc,qID,Q1032-0,they,550577,550581,1,1533,36,M_9124
pdnc,qID,Q1032-0,all,550586,550589,1,1533,36,M_9125
exp,exp_name,churchill,Churchill,550626,550635,1,1533,36,M_9126
pdnc,qID,Q1032-0,they,550728,550732,1,1533,36,M_9127
pdnc,qID,Q1032-0,all,550737,550740,1,1533,36,M_9128
booknlp,COREF,86,I,550809,550810,9,1534,36,M_9129
pdnc,qID,Q1034-0,they,550852,550856,1,1535,36,M_9130
booknlp,COREF,86,my,550946,550948,9,1536,36,M_9131
pdnc,qID,Q1035-0,Mr. Weston,551054,551064,9,1536,36,M_9132
pdnc,qID,Q1035-0,You,551095,551098,9,1536,36,M_9133
booknlp,COREF,86,my,551127,551129,9,1536,36,M_9134
pdnc,qID,Q1035-0,You,551176,551179,9,1536,36,M_9135
booknlp,COREF,86,me,551200,551202,9,1536,36,M_9136
exp,exp_name,mr. weston,Mr. Weston,551341,551351,9,1537,36,M_9137
exp,exp_name,churchill,Churchill,551368,551377,1,1537,36,M_9138
pdnc,qID,Q1036-1,Frank,551463,551468,1,1537,36,M_9139
booknlp,COREF,103,he,551499,551501,1,1537,36,M_9140
pdnc,qID,Q1036-1,his,551575,551578,1,1537,36,M_9141
pdnc,qID,Q1036-1,his,551587,551590,1,1537,36,M_9142
pdnc,qID,Q1036-1,you,551606,551609,13,1537,36,M_9143
pdnc,qID,Q1036-1,Frank,551751,551756,1,1537,36,M_9144
pdnc,qID,Q1036-1,Mrs. Elton,551836,551846,13,1537,36,M_9145
pdnc,qID,Q1036-1,You,551848,551851,13,1537,36,M_9146
booknlp,COREF,86,me,551863,551865,9,1537,36,M_9147
pdnc,qID,Q1037-0,you,551901,551904,9,1538,36,M_9148
pdnc,qID,Q1037-0,you,551972,551975,9,1538,36,M_9149
pdnc,qID,Q1037-0,You,551984,551987,9,1538,36,M_9150
pdnc,qID,Q1037-0,you,552082,552085,9,1538,36,M_9151
pdnc,qID,Q1037-0,you,552090,552093,9,1538,36,M_9152
booknlp,COREF,86,you,552152,552155,9,1538,36,M_9153
exp,exp_name,churchill,Churchill,552181,552190,1,1538,36,M_9154
exp,exp_name,churchill,Churchill,552400,552409,1,1538,36,M_9155
exp,exp_name,churchill,Churchill,552447,552456,1,1539,36,M_9156
exp,exp_name,churchill,Churchill,552514,552523,1,1539,36,M_9157
exp,exp_name,mrs. elton,Mrs. Elton,552575,552585,13,1540,36,M_9158
pdnc,qID,Q1039-0,Mr. Weston,552617,552627,9,1541,36,M_9159
booknlp,COREF,86,you,552681,552684,9,1541,36,M_9160
exp,exp_name,churchill,Churchill,552765,552774,1,1542,36,M_9161
exp,exp_name,mrs. elton,Mrs. Elton,552834,552844,13,1543,36,M_9162
exp,exp_name,mr. weston,Mr. Weston,553114,553124,9,1543,36,M_9163
exp,exp_name,churchill,Churchill,553141,553150,1,1544,36,M_9164
pdnc,qID,Q1041-0,you,553185,553188,13,1544,36,M_9165
pdnc,qID,Q1041-0,Frank,553259,553264,1,1544,36,M_9166
pdnc,qID,Q1041-0,Mrs. Elton,553439,553449,13,1544,36,M_9167
exp,exp_name,churchill,Churchill,553485,553494,1,1544,36,M_9168
pdnc,qID,Q1042-0,Mr. Weston,553551,553561,9,1545,36,M_9169
pdnc,qID,Q1044-0,You,554014,554017,9,1546,36,M_9170
exp,exp_name,churchill,Churchill,554093,554102,1,1546,36,M_9171
pdnc,qID,Q1045-0,Frank,554423,554428,1,1547,36,M_9172
pdnc,qID,Q1046-0,He,554499,554501,1,1548,36,M_9173
pdnc,qID,Q1046-0,he,554558,554560,1,1548,36,M_9174
pdnc,qID,Q1046-0,he,554640,554642,1,1548,36,M_9175
exp,exp_name,mr. weston,Mr. Weston,554774,554784,9,1549,36,M_9176
pdnc,qID,Q1047-0,My dear madam,554835,554848,13,1550,36,M_9177
pdnc,qID,Q1047-0,you,554920,554923,13,1550,36,M_9178
pdnc,qID,Q1047-0,Mrs. Weston,554936,554947,15,1550,36,M_9179
pdnc,qID,Q1047-0,Mrs. Elton,555005,555015,13,1550,36,M_9180
booknlp,COREF,86,He,555019,555021,9,1551,36,M_9181
booknlp,COREF,86,his,555031,555034,9,1551,36,M_9182
booknlp,COREF,86,his,555060,555063,9,1551,36,M_9183
pdnc,qID,Q1048-0,Frank,555076,555081,1,1552,36,M_9184
booknlp,COREF,86,he,555102,555104,9,1552,36,M_9185
pdnc,qID,Q1048-1,him,555148,555151,1,1552,36,M_9186
booknlp,COREF,86,I,555248,555249,9,1552,36,M_9187
pdnc,qID,Q1048-1,he,555282,555284,1,1552,36,M_9188
booknlp,COREF,86,I,555311,555312,9,1552,36,M_9189
booknlp,COREF,86,me,555378,555380,9,1552,36,M_9190
pdnc,qID,Q1048-1,He,555382,555384,1,1552,36,M_9191
pdnc,qID,Q1048-1,Mrs. Weston,555389,555400,15,1552,36,M_9192
pdnc,qID,Q1048-1,he,555445,555447,1,1552,36,M_9193
pdnc,qID,Q1048-1,his,555500,555503,1,1552,36,M_9194
pdnc,qID,Q1048-1,him,555531,555534,1,1552,36,M_9195
booknlp,COREF,86,I,555557,555558,9,1552,36,M_9196
pdnc,qID,Q1048-1,our,555602,555605,9,1552,36,M_9197
pdnc,qID,Q1048-1,you,555629,555632,13,1552,36,M_9198
booknlp,COREF,86,I,555638,555639,9,1552,36,M_9199
pdnc,qID,Q1048-1,Mrs. Elton,555655,555665,13,1552,36,M_9200
booknlp,COREF,86,my,555684,555686,9,1552,36,M_9201
pdnc,qID,Q1049-0,Mr. Weston,555786,555796,9,1553,36,M_9202
booknlp,COREF,86,I,555830,555831,9,1553,36,M_9203
pdnc,qID,Q1049-0,a certain gentleman,555847,555866,8,1553,36,M_9204
pdnc,qID,Q1049-0,his,556000,556003,8,1553,36,M_9205
booknlp,COREF,103,he,556014,556016,1,1553,36,M_9206
pdnc,qID,Q1049-0,he,556060,556062,8,1553,36,M_9207
booknlp,COREF,86,I,556169,556170,9,1553,36,M_9208
pdnc,qID,Q1049-0,him,556222,556225,8,1553,36,M_9209
booknlp,COREF,86,I,556316,556317,9,1553,36,M_9210
pdnc,qID,Q1049-0,he,556328,556330,8,1553,36,M_9211
booknlp,COREF,86,me,556339,556341,9,1553,36,M_9212
exp,exp_name,mr. weston,Mr. Weston,556411,556421,9,1554,36,M_9213
pdnc,qID,Q1050-0,You,556470,556473,13,1555,36,M_9214
exp,exp_name,churchill,Churchill,556528,556537,1,1555,36,M_9215
pdnc,qID,Q1050-0,Frank,556712,556717,1,1555,36,M_9216
pdnc,qID,Q1050-0,he,556925,556927,1,1555,36,M_9217
pdnc,qID,Q1050-0,you,557057,557060,13,1555,36,M_9218
booknlp,COREF,86,I,557169,557170,9,1555,36,M_9219
pdnc,qID,Q1050-0,Mrs. Elton,557184,557194,13,1555,36,M_9220
pdnc,qID,Q1050-0,his,557287,557290,1,1555,36,M_9221
pdnc,qID,Q1050-0,him,557389,557392,1,1555,36,M_9222
booknlp,COREF,86,I,557416,557417,9,1555,36,M_9223
booknlp,COREF,86,I,557434,557435,9,1555,36,M_9224
booknlp,COREF,86,I,557503,557504,9,1555,36,M_9225
pdnc,qID,Q1050-0,you,557510,557513,13,1555,36,M_9226
pdnc,qID,Q1050-0,my son,557535,557541,1,1555,36,M_9227
pdnc,qID,Q1050-0,you,557547,557550,13,1555,36,M_9228
pdnc,qID,Q1050-0,He,557578,557580,1,1555,36,M_9229
pdnc,qID,Q1050-0,Mrs. Weston,557649,557660,15,1555,36,M_9230
pdnc,qID,Q1050-0,him,557678,557681,1,1555,36,M_9231
pdnc,qID,Q1050-0,you,557705,557708,13,1555,36,M_9232
booknlp,COREF,86,me,557741,557743,9,1555,36,M_9233
pdnc,qID,Q1050-0,She,557745,557748,15,1555,36,M_9234
pdnc,qID,Q1050-0,him,557772,557775,1,1555,36,M_9235
booknlp,COREF,86,I,557784,557785,9,1556,36,M_9236
pdnc,qID,Q1051-0,you,557793,557796,9,1556,36,M_9237
pdnc,qID,Q1051-0,Mr. Weston,557798,557808,9,1556,36,M_9238
booknlp,COREF,86,I,557810,557811,9,1556,36,M_9239
booknlp,COREF,86,my,557840,557842,9,1556,36,M_9240
pdnc,qID,Q1051-0,his,557872,557875,1,1556,36,M_9241
booknlp,COREF,86,I,557884,557885,9,1556,36,M_9242
pdnc,qID,Q1051-0,Mr. Frank Churchill.,557918,557938,1,1556,36,M_9243
booknlp,COREF,86,I,557985,557986,9,1556,36,M_9244
booknlp,COREF,86,I,558085,558086,9,1556,36,M_9245
pdnc,qID,Q1051-0,you,558092,558095,9,1556,36,M_9246
booknlp,COREF,86,I,558111,558112,9,1556,36,M_9247
pdnc,qID,Q1051-0,your son,558118,558126,1,1556,36,M_9248
booknlp,COREF,86,I,558131,558132,9,1556,36,M_9249
pdnc,qID,Q1051-0,him,558148,558151,1,1556,36,M_9250
exp,exp_name,mr. weston,Mr. Weston,558175,558185,9,1557,36,M_9251
booknlp,COREF,86,I,558200,558201,9,1558,36,M_9252
booknlp,COREF,86,he,558214,558216,9,1558,36,M_9253
booknlp,COREF,86,I,558229,558230,9,1558,36,M_9254
exp,exp_name,churchill,Churchill,558267,558276,1,1558,36,M_9255
booknlp,COREF,86,I,558292,558293,9,1558,36,M_9256
booknlp,COREF,86,me,558402,558404,9,1558,36,M_9257
booknlp,COREF,86,I,558442,558443,9,1558,36,M_9258
pdnc,qID,Q1052-1,You,558456,558459,13,1558,36,M_9259
pdnc,qID,Q1052-1,Mrs. Elton,558480,558490,13,1558,36,M_9260
booknlp,COREF,86,my,558495,558497,9,1558,36,M_9261
booknlp,COREF,86,I,558546,558547,9,1558,36,M_9262
pdnc,qID,Q1052-1,Frank,558655,558660,1,1558,36,M_9263
exp,exp_name,mr. churchill,Mr. Churchill,558725,558738,1,1558,36,M_9264
booknlp,COREF,103,his,558754,558757,1,1558,36,M_9265
booknlp,COREF,103,his,558778,558781,1,1558,36,M_9266
booknlp,COREF,103,his,558790,558793,1,1558,36,M_9267
booknlp,COREF,103,himself,558882,558889,1,1558,36,M_9268
booknlp,COREF,103,he,559065,559067,1,1558,36,M_9269
exp,exp_name,churchill,Churchill,559156,559165,1,1558,36,M_9270
exp,exp_name,churchill,Churchill,559178,559187,1,1558,36,M_9271
booknlp,COREF,86,I,559242,559243,9,1558,36,M_9272
pdnc,qID,Q1052-1,you,559251,559254,13,1558,36,M_9273
exp,exp_name,churchill,Churchill,559590,559599,1,1559,36,M_9274
pdnc,qID,Q1053-0,you,560020,560023,9,1559,36,M_9275
pdnc,qID,Q1053-0,Mr. Weston,560030,560040,9,1559,36,M_9276
pdnc,qID,Q1053-0,you,560225,560228,9,1559,36,M_9277
exp,exp_name,mr. weston,Mr. Weston,560679,560689,9,1560,36,M_9278
booknlp,COREF,86,he,560712,560714,9,1560,36,M_9279
exp,exp_name,mrs. weston,Mrs. Weston,560786,560797,15,1561,36,M_9280
exp,exp_name,mr. elton,Mr. Elton,560803,560812,8,1561,36,M_9281
exp,exp_name,mr. woodhouse,Mr. Woodhouse,560827,560840,10,1561,36,M_9282
exp,exp_name,emma,Emma,560905,560909,0,1561,36,M_9283
exp,exp_name,mr. knightley,Mr. Knightley,560950,560963,6,1561,36,M_9284
exp,exp_name,mrs. elton,Mrs. Elton,561005,561015,13,1561,36,M_9285
exp,exp_name,mr. john knightley,Mr. John Knightley,561163,561181,5,1562,36,M_9286
pdnc,qID,Q1054-0,Emma,561296,561300,0,1563,36,M_9287
pdnc,qID,Q1054-0,you,561368,561371,0,1563,36,M_9288
pdnc,qID,Q1054-0,your sister,561377,561388,3,1563,36,M_9289
pdnc,qID,Q1054-0,we,561444,561446,0,1563,36,M_9290
booknlp,COREF,94,I,561646,561647,0,1564,36,M_9291
exp,exp_name,emma,Emma,561687,561691,0,1564,36,M_9292
booknlp,COREF,94,I,561698,561699,0,1564,36,M_9293
booknlp,COREF,94,my,561716,561718,0,1564,36,M_9294
pdnc,qID,Q1055-1,Isabella,561770,561778,3,1564,36,M_9295
pdnc,qID,Q1056-0,you,561847,561850,0,1565,36,M_9296
pdnc,qID,Q1056-0,you,561874,561877,0,1565,36,M_9297
pdnc,qID,Q1057-0,You,561929,561932,5,1566,36,M_9298
pdnc,qID,Q1057-0,you,561950,561953,5,1566,36,M_9299
pdnc,qID,Q1058-0,your father,562007,562018,10,1567,36,M_9300
pdnc,qID,Q1058-0,you,562055,562058,0,1567,36,M_9301
pdnc,qID,Q1058-0,your,562063,562067,0,1567,36,M_9302
pdnc,qID,Q1060-0,you,562171,562174,0,1569,36,M_9303
pdnc,qID,Q1060-0,your,562247,562251,0,1569,36,M_9304
booknlp,COREF,94,I,562290,562291,0,1570,36,M_9305
pdnc,qID,Q1062-0,your,562328,562332,0,1571,36,M_9306
pdnc,qID,Q1062-0,you,562375,562378,0,1571,36,M_9307
pdnc,qID,Q1062-0,you,562457,562460,0,1571,36,M_9308
pdnc,qID,Q1062-0,Your,562544,562548,0,1571,36,M_9309
pdnc,qID,Q1062-0,you,562582,562585,0,1571,36,M_9310
pdnc,qID,Q1062-0,Isabella,562640,562648,3,1571,36,M_9311
exp,exp_name,cole,Cole,562702,562706,12,1571,36,M_9312
pdnc,qID,Q1062-0,your,562788,562792,0,1571,36,M_9313
pdnc,qID,Q1064-0,Emma,563019,563023,0,1573,36,M_9314
exp,exp_name,john,John,563040,563044,5,1573,36,M_9315
pdnc,qID,Q1064-0,you,563102,563105,0,1573,36,M_9316
exp,exp_name,mr. knightley,Mr. Knightley,563139,563152,6,1574,36,M_9317
booknlp,COREF,94,my,563259,563261,0,1575,36,M_9318
exp,exp_name,emma,Emma,563279,563283,0,1575,36,M_9319
pdnc,qID,Q1066-1,you,563286,563289,6,1575,36,M_9320
booknlp,COREF,94,me,563296,563298,0,1575,36,M_9321
booknlp,COREF,94,I,563300,563301,0,1575,36,M_9322
booknlp,COREF,94,my,563338,563340,0,1575,36,M_9323
pdnc,qID,Q1066-1,your,563381,563385,6,1575,36,M_9324
booknlp,COREF,94,I,563414,563415,0,1575,36,M_9325
booknlp,COREF,94,mine,563522,563526,0,1575,36,M_9326
booknlp,COREF,94,I,563630,563631,0,1575,36,M_9327
pdnc,qID,Q1066-1,you,563647,563650,5,1575,36,M_9328
exp,exp_name,mr. john knightley,Mr. John Knightley,563664,563682,5,1575,36,M_9329
pdnc,qID,Q1066-2,your,563685,563689,5,1575,36,M_9330
pdnc,qID,Q1066-2,your,563730,563734,5,1575,36,M_9331
pdnc,qID,Q1066-2,you,563766,563769,5,1575,36,M_9332
pdnc,qID,Q1066-2,you,563802,563805,6,1575,36,M_9333
exp,exp_name,mr. knightley,Mr. Knightley,563819,563832,6,1575,36,M_9334
booknlp,COREF,94,I,563866,563867,0,1575,36,M_9335
pdnc,qID,Q1066-3,you,563906,563909,6,1575,36,M_9336
booknlp,COREF,94,me,563958,563960,0,1575,36,M_9337
booknlp,COREF,94,I,563962,563963,0,1575,36,M_9338
booknlp,COREF,94,my,563990,563992,0,1575,36,M_9339
booknlp,COREF,94,I,564011,564012,0,1575,36,M_9340
exp,exp_name,emma,Emma,564036,564040,0,1575,36,M_9341
booknlp,COREF,94,I,564064,564065,0,1575,36,M_9342
pdnc,qID,Q1066-3,Uncle Knightley,564112,564127,6,1575,36,M_9343
booknlp,COREF,94,she,564176,564179,0,1575,36,M_9344
pdnc,qID,Q1066-3,he,564209,564211,6,1575,36,M_9345
pdnc,qID,Q1066-3,his,564265,564268,6,1575,36,M_9346
exp,exp_name,mr. knightley,Mr. Knightley,564281,564294,6,1576,36,M_9347
exp,exp_name,mrs. elton,Mrs. Elton,564368,564378,13,1576,36,M_9348
exp,exp_name,emma,Emma,564490,564494,0,1579,37,M_9349
booknlp,COREF,94,her,564515,564518,0,1579,37,M_9350
exp,exp_name,frank churchill,Frank Churchill,564553,564568,1,1579,37,M_9351
booknlp,COREF,94,She,564570,564573,0,1579,37,M_9352
booknlp,COREF,94,herself,564613,564620,0,1579,37,M_9353
booknlp,COREF,94,she,564621,564624,0,1579,37,M_9354
booknlp,COREF,103,him,564684,564687,1,1579,37,M_9355
booknlp,COREF,94,Her,564689,564692,0,1579,37,M_9356
booknlp,COREF,103,he,564787,564789,1,1579,37,M_9357
booknlp,COREF,103,he,564921,564923,1,1579,37,M_9358
booknlp,COREF,103,him,565023,565026,1,1579,37,M_9359
booknlp,COREF,103,him,565082,565085,1,1579,37,M_9360
booknlp,COREF,94,herself,565094,565101,0,1579,37,M_9361
booknlp,COREF,94,She,565122,565125,0,1579,37,M_9362
booknlp,COREF,94,her,565147,565150,0,1579,37,M_9363
booknlp,COREF,94,her,565212,565215,0,1579,37,M_9364
booknlp,COREF,103,his,565246,565249,1,1579,37,M_9365
booknlp,COREF,94,She,565252,565255,0,1580,37,M_9366
booknlp,COREF,94,she,565263,565266,0,1580,37,M_9367
booknlp,COREF,103,him,565289,565292,1,1580,37,M_9368
booknlp,COREF,94,she,565406,565409,0,1580,37,M_9369
booknlp,COREF,94,She,565465,565468,0,1580,37,M_9370
booknlp,COREF,94,her,565564,565567,0,1580,37,M_9371
exp,exp_name,mr. weston,Mr. Weston,565654,565664,9,1581,37,M_9372
booknlp,COREF,94,she,565686,565689,0,1581,37,M_9373
exp,exp_name,frank churchill,Frank Churchill,565731,565746,1,1581,37,M_9374
booknlp,COREF,103,he,565836,565838,1,1581,37,M_9375
booknlp,COREF,103,He,565877,565879,1,1581,37,M_9376
booknlp,COREF,103,he,565913,565915,1,1581,37,M_9377
booknlp,COREF,103,he,565946,565948,1,1581,37,M_9378
booknlp,COREF,94,she,565994,565997,0,1581,37,M_9379
booknlp,COREF,94,her,566022,566025,0,1581,37,M_9380
booknlp,COREF,103,he,566072,566074,1,1581,37,M_9381
booknlp,COREF,94,she,566099,566102,0,1581,37,M_9382
booknlp,COREF,103,his,566179,566182,1,1581,37,M_9383
booknlp,COREF,94,her,566208,566211,0,1581,37,M_9384
booknlp,COREF,94,she,566217,566220,0,1581,37,M_9385
booknlp,COREF,103,his,566252,566255,1,1581,37,M_9386
booknlp,COREF,94,her,566267,566270,0,1581,37,M_9387
booknlp,COREF,103,he,566274,566276,1,1581,37,M_9388
booknlp,COREF,103,his,566290,566293,1,1581,37,M_9389
booknlp,COREF,94,She,566342,566345,0,1581,37,M_9390
booknlp,COREF,103,him,566354,566357,1,1581,37,M_9391
booknlp,COREF,103,he,566385,566387,1,1581,37,M_9392
booknlp,COREF,103,he,566410,566412,1,1581,37,M_9393
booknlp,COREF,94,her,566464,566467,0,1581,37,M_9394
booknlp,COREF,103,He,566541,566543,1,1582,37,M_9395
booknlp,COREF,103,his,566634,566637,1,1582,37,M_9396
booknlp,COREF,103,he,566682,566684,1,1582,37,M_9397
booknlp,COREF,103,his,566726,566729,1,1582,37,M_9398
booknlp,COREF,94,she,566744,566747,0,1582,37,M_9399
booknlp,COREF,103,his,566753,566756,1,1582,37,M_9400
booknlp,COREF,103,He,566781,566783,1,1582,37,M_9401
booknlp,COREF,103,his,566798,566801,1,1582,37,M_9402
booknlp,COREF,103,him,566865,566868,1,1582,37,M_9403
booknlp,COREF,103,he,566880,566882,1,1582,37,M_9404
booknlp,COREF,103,himself,566932,566939,1,1582,37,M_9405
booknlp,COREF,94,her,566958,566961,0,1582,37,M_9406
booknlp,COREF,103,his,566989,566992,1,1582,37,M_9407
booknlp,COREF,103,He,567080,567082,1,1582,37,M_9408
booknlp,COREF,103,he,567137,567139,1,1582,37,M_9409
booknlp,COREF,103,he,567148,567150,1,1582,37,M_9410
booknlp,COREF,103,he,567168,567170,1,1582,37,M_9411
booknlp,COREF,103,he,567212,567214,1,1582,37,M_9412
booknlp,COREF,103,he,567269,567271,1,1582,37,M_9413
booknlp,COREF,103,he,567298,567300,1,1582,37,M_9414
booknlp,COREF,103,he,567337,567339,1,1582,37,M_9415
booknlp,COREF,94,She,567357,567360,0,1582,37,M_9416
booknlp,COREF,103,his,567380,567383,1,1582,37,M_9417
booknlp,COREF,103,his,567416,567419,1,1582,37,M_9418
booknlp,COREF,103,his,567442,567445,1,1582,37,M_9419
booknlp,COREF,94,she,567493,567496,0,1582,37,M_9420
booknlp,COREF,94,her,567548,567551,0,1582,37,M_9421
booknlp,COREF,103,himself,567611,567618,1,1582,37,M_9422
booknlp,COREF,94,her,567624,567627,0,1582,37,M_9423
exp,exp_name,frank churchill,Frank Churchill,567664,567679,1,1583,37,M_9424
booknlp,COREF,103,He,567707,567709,1,1583,37,M_9425
booknlp,COREF,103,His,567773,567776,1,1583,37,M_9426
booknlp,COREF,103,him,567805,567808,1,1583,37,M_9427
booknlp,COREF,103,his,567829,567832,1,1583,37,M_9428
booknlp,COREF,103,he,567862,567864,1,1583,37,M_9429
booknlp,COREF,103,he,567888,567890,1,1583,37,M_9430
exp,exp_name,churchill,Churchill,567945,567954,1,1583,37,M_9431
booknlp,COREF,103,he,568087,568089,1,1583,37,M_9432
booknlp,COREF,103,himself,568103,568110,1,1583,37,M_9433
booknlp,COREF,103,he,568169,568171,1,1583,37,M_9434
booknlp,COREF,103,he,568194,568196,1,1583,37,M_9435
booknlp,COREF,103,He,568286,568288,1,1583,37,M_9436
booknlp,COREF,103,he,568451,568453,1,1583,37,M_9437
booknlp,COREF,103,his,568488,568491,1,1583,37,M_9438
exp,exp_name,churchill,Churchill,568886,568895,1,1584,37,M_9439
exp,exp_name,emma,Emma,569108,569112,0,1585,37,M_9440
exp,exp_name,frank,Frank,569124,569129,1,1585,37,M_9441
booknlp,COREF,103,him,569257,569260,1,1585,37,M_9442
booknlp,COREF,94,She,569352,569355,0,1585,37,M_9443
booknlp,COREF,103,he,569374,569376,1,1585,37,M_9444
booknlp,COREF,103,he,569457,569459,1,1585,37,M_9445
exp,exp_name,emma,Emma,569478,569482,0,1586,37,M_9446
exp,exp_name,mr. weston,Mr. Weston,569491,569501,9,1586,37,M_9447
booknlp,COREF,86,He,569537,569539,9,1586,37,M_9448
booknlp,COREF,94,her,569556,569559,0,1586,37,M_9449
booknlp,COREF,94,She,569609,569612,0,1586,37,M_9450
exp,exp_name,mr. weston,Mr. Weston,569674,569684,9,1587,37,M_9451
booknlp,COREF,86,He,569719,569721,9,1587,37,M_9452
booknlp,COREF,86,he,569772,569774,9,1587,37,M_9453
exp,exp_name,frank,Frank,569829,569834,1,1587,37,M_9454
booknlp,COREF,103,He,569913,569915,1,1587,37,M_9455
booknlp,COREF,103,him,570049,570052,1,1587,37,M_9456
booknlp,COREF,103,him,570071,570074,1,1587,37,M_9457
booknlp,COREF,103,he,570188,570190,1,1587,37,M_9458
booknlp,COREF,103,him,570293,570296,1,1587,37,M_9459
booknlp,COREF,103,he,570308,570310,1,1587,37,M_9460
exp,exp_name,frank,Frank,570759,570764,1,1588,37,M_9461
booknlp,COREF,103,his,570778,570781,1,1588,37,M_9462
booknlp,COREF,103,he,570837,570839,1,1588,37,M_9463
exp,exp_name,mr. weston,Mr. Weston,570971,570981,9,1589,37,M_9464
exp,exp_name,mr. woodhouse,Mr. Woodhouse,571094,571107,10,1590,37,M_9465
booknlp,COREF,85,him,571161,571164,10,1590,37,M_9466
exp,exp_name,mrs. bates,Mrs. Bates,571212,571222,11,1590,37,M_9467
booknlp,COREF,103,he,571296,571298,1,1590,37,M_9468
exp,exp_name,john,John,571363,571367,5,1590,37,M_9469
exp,exp_name,emma,Emma,571422,571426,0,1590,37,M_9470
exp,exp_name,frank churchill,Frank Churchill,571588,571603,1,1592,38,M_9471
booknlp,COREF,103,his,571629,571632,1,1592,38,M_9472
booknlp,COREF,103,him,571747,571750,1,1593,38,M_9473
exp,exp_name,emma,Emma,571755,571759,0,1593,38,M_9474
exp,exp_name,mr. weston,Mr. Weston,571860,571870,9,1593,38,M_9475
booknlp,COREF,86,his,571899,571902,9,1593,38,M_9476
booknlp,COREF,94,her,571918,571921,0,1593,38,M_9477
booknlp,COREF,94,her,572001,572004,0,1593,38,M_9478
booknlp,COREF,94,she,572094,572097,0,1593,38,M_9479
booknlp,COREF,86,him,572115,572118,9,1593,38,M_9480
booknlp,COREF,94,She,572193,572196,0,1593,38,M_9481
exp,exp_name,harriet,Harriet,572211,572218,2,1593,38,M_9482
exp,exp_name,frank churchill,Frank Churchill,572313,572328,1,1594,38,M_9483
booknlp,COREF,103,he,572374,572376,1,1594,38,M_9484
booknlp,COREF,103,his,572395,572398,1,1594,38,M_9485
booknlp,COREF,103,he,572418,572420,1,1594,38,M_9486
exp,exp_name,emma,Emma,572614,572618,0,1594,38,M_9487
booknlp,COREF,94,she,572706,572709,0,1594,38,M_9488
booknlp,COREF,94,she,572736,572739,0,1594,38,M_9489
booknlp,COREF,94,herself,572815,572822,0,1594,38,M_9490
exp,exp_name,mr. weston,Mr. Weston,572854,572864,9,1594,38,M_9491
exp,exp_name,emma,Emma,573162,573166,0,1595,38,M_9492
booknlp,COREF,94,her,573182,573185,0,1595,38,M_9493
exp,exp_name,mr. weston,Mr. Weston,573224,573234,9,1595,38,M_9494
booknlp,COREF,94,She,573404,573407,0,1595,38,M_9495
booknlp,COREF,86,his,573414,573417,9,1595,38,M_9496
booknlp,COREF,86,him,573486,573489,9,1595,38,M_9497
exp,exp_name,emma,Emma,573901,573905,0,1596,38,M_9498
exp,exp_name,mr. weston,Mr. Weston,573928,573938,9,1596,38,M_9499
exp,exp_name,mrs. bates,Mrs. Bates,574024,574034,11,1596,38,M_9500
exp,exp_name,frank,Frank,574136,574141,1,1597,38,M_9501
booknlp,COREF,111,her,574158,574161,11,1597,38,M_9502
booknlp,COREF,103,He,574240,574242,1,1597,38,M_9503
booknlp,COREF,103,he,574262,574264,1,1597,38,M_9504
booknlp,COREF,103,he,574288,574290,1,1597,38,M_9505
booknlp,COREF,111,her,574390,574393,11,1597,38,M_9506
exp,exp_name,mrs. elton,Mrs. Elton,574396,574406,13,1598,38,M_9507
booknlp,COREF,103,I,574423,574424,1,1598,38,M_9508
pdnc,qID,Q1067-0,she,574431,574434,13,1598,38,M_9509
booknlp,COREF,103,he,574460,574462,1,1598,38,M_9510
booknlp,COREF,103,I,574465,574466,1,1598,38,M_9511
pdnc,qID,Q1067-1,Mrs. Elton,574497,574507,13,1598,38,M_9512
booknlp,COREF,103,I,574509,574510,1,1598,38,M_9513
pdnc,qID,Q1067-1,her,574533,574536,13,1598,38,M_9514
booknlp,COREF,103,I,574557,574558,1,1598,38,M_9515
pdnc,qID,Q1067-1,she,574573,574576,13,1598,38,M_9516
booknlp,COREF,103,He,574608,574610,1,1599,38,M_9517
booknlp,COREF,103,I,574665,574666,1,1600,38,M_9518
booknlp,COREF,103,I,574686,574687,1,1600,38,M_9519
pdnc,qID,Q1068-0,her,574711,574714,13,1600,38,M_9520
booknlp,COREF,103,I,574716,574717,1,1600,38,M_9521
exp,exp_name,mrs. elton,Mrs. Elton,574748,574758,13,1600,38,M_9522
booknlp,COREF,103,I,574760,574761,1,1600,38,M_9523
booknlp,COREF,103,myself,574786,574792,1,1600,38,M_9524
exp,exp_name,mrs. elton,Mrs. Elton,574812,574822,13,1601,38,M_9525
pdnc,qID,Q1069-0,Miss Bates,574886,574896,7,1602,38,M_9526
pdnc,qID,Q1069-0,Miss Fairfax,574901,574913,4,1602,38,M_9527
exp,exp_name,mr. weston,Mr. Weston,574921,574931,9,1602,38,M_9528
booknlp,COREF,86,you,574960,574963,9,1602,38,M_9529
exp,exp_name,emma,Emma,575051,575055,0,1603,38,M_9530
exp,exp_name,frank,Frank,575076,575081,1,1603,38,M_9531
exp,exp_name,mrs. elton,Mrs. Elton,575101,575111,13,1603,38,M_9532
booknlp,COREF,103,he,575126,575128,1,1603,38,M_9533
booknlp,COREF,103,He,575212,575214,1,1603,38,M_9534
booknlp,COREF,103,himself,575242,575249,1,1603,38,M_9535
exp,exp_name,frank,Frank,575459,575464,1,1604,38,M_9536
booknlp,COREF,103,his,575468,575471,1,1604,38,M_9537
pdnc,qID,Q1070-1,Miss Bates,575481,575491,7,1604,38,M_9538
booknlp,COREF,103,he,575525,575527,1,1604,38,M_9539
exp,exp_name,mr. weston,Mr. Weston,575534,575544,9,1604,38,M_9540
exp,exp_name,mrs. elton,Mrs. Elton,575564,575574,13,1604,38,M_9541
booknlp,COREF,86,him,575584,575587,9,1604,38,M_9542
booknlp,COREF,86,him,575600,575603,9,1604,38,M_9543
booknlp,COREF,86,his,575622,575625,9,1604,38,M_9544
pdnc,qID,Q1071-0,Mr. Weston,575787,575797,9,1605,38,M_9545
pdnc,qID,Q1071-0,You,575799,575802,9,1605,38,M_9546
pdnc,qID,Q1071-0,you,575824,575827,9,1605,38,M_9547
pdnc,qID,Q1071-0,him,575913,575916,1,1605,38,M_9548
pdnc,qID,Q1071-0,You,575919,575922,9,1605,38,M_9549
pdnc,qID,Q1071-0,him,575967,575970,1,1605,38,M_9550
pdnc,qID,Q1071-0,his,576002,576005,1,1605,38,M_9551
pdnc,qID,Q1071-0,You,576116,576119,9,1605,38,M_9552
exp,exp_name,mr. weston,Mr. Weston,576439,576449,9,1606,38,M_9553
booknlp,COREF,86,he,576508,576510,9,1606,38,M_9554
exp,exp_name,mrs. elton,Mrs. Elton,576623,576633,13,1607,38,M_9555
exp,exp_name,mrs. weston,Mrs. Weston,576644,576655,15,1607,38,M_9556
pdnc,qID,Q1072-0,Miss Bates,576705,576715,7,1607,38,M_9557
pdnc,qID,Q1072-0,Jane,576720,576724,4,1607,38,M_9558
pdnc,qID,Q1072-0,you,576896,576899,15,1607,38,M_9559
pdnc,qID,Q1072-0,You,576973,576976,15,1607,38,M_9560
exp,exp_name,miss bates,Miss Bates,577032,577042,7,1608,38,M_9561
exp,exp_name,miss fairfax,Miss Fairfax,577047,577059,4,1608,38,M_9562
exp,exp_name,mrs. elton,Mrs. Elton,577118,577128,13,1608,38,M_9563
exp,exp_name,mrs. weston,Mrs. Weston,577168,577179,15,1608,38,M_9564
exp,exp_name,emma,Emma,577276,577280,0,1608,38,M_9565
exp,exp_name,miss bates,Miss Bates,577360,577370,7,1608,38,M_9566
pdnc,qID,Q1073-0,Jane,577645,577649,4,1609,38,M_9567
booknlp,COREF,149,she,577679,577682,4,1609,38,M_9568
pdnc,qID,Q1073-1,Jane,577861,577865,4,1609,38,M_9569
pdnc,qID,Q1073-1,Jane,577867,577871,4,1609,38,M_9570
pdnc,qID,Q1073-1,you,577884,577887,4,1609,38,M_9571
pdnc,qID,Q1073-1,Mr. Weston,577912,577922,9,1609,38,M_9572
pdnc,qID,Q1073-1,you,577924,577927,9,1609,38,M_9573
exp,exp_name,mrs. weston,Mrs. Weston,578151,578162,15,1609,38,M_9574
pdnc,qID,Q1073-3,you,578185,578188,15,1609,38,M_9575
pdnc,qID,Q1073-3,ma'am,578190,578195,15,1609,38,M_9576
pdnc,qID,Q1073-3,you,578204,578207,15,1609,38,M_9577
pdnc,qID,Q1073-3,you,578257,578260,15,1609,38,M_9578
pdnc,qID,Q1073-3,you,578292,578295,15,1609,38,M_9579
pdnc,qID,Q1073-3,you,578343,578346,15,1609,38,M_9580
pdnc,qID,Q1073-3,dear Mrs. Elton,578391,578406,13,1609,38,M_9581
pdnc,qID,Q1073-3,you,578422,578425,13,1609,38,M_9582
pdnc,qID,Q1073-3,Jane,578461,578465,4,1609,38,M_9583
pdnc,qID,Q1073-3,you,578587,578590,15,1609,38,M_9584
pdnc,qID,Q1073-3,Mrs. Weston,578592,578603,15,1609,38,M_9585
pdnc,qID,Q1073-3,Mrs. Elton,578620,578630,13,1609,38,M_9586
pdnc,qID,Q1073-3,Jane,578652,578656,4,1609,38,M_9587
pdnc,qID,Q1073-3,my mother,578761,578770,11,1609,38,M_9588
pdnc,qID,Q1073-4,my mother,578808,578817,11,1609,38,M_9589
pdnc,qID,Q1073-4,Mr. Woodhouse,578846,578859,10,1609,38,M_9590
pdnc,qID,Q1073-4,her,578870,578873,11,1609,38,M_9591
pdnc,qID,Q1073-4,her,578879,578882,11,1609,38,M_9592
pdnc,qID,Q1073-4,her,578921,578924,11,1609,38,M_9593
pdnc,qID,Q1073-4,my mother,579001,579010,11,1609,38,M_9594
pdnc,qID,Q1073-4,Jane,579087,579091,4,1609,38,M_9595
pdnc,qID,Q1073-4,My dear Jane,579180,579192,4,1609,38,M_9596
pdnc,qID,Q1073-4,you,579198,579201,4,1609,38,M_9597
pdnc,qID,Q1073-4,you,579207,579210,4,1609,38,M_9598
pdnc,qID,Q1073-4,your,579223,579227,4,1609,38,M_9599
pdnc,qID,Q1073-4,Mr. Frank Churchill,579286,579305,1,1609,38,M_9600
pdnc,qID,Q1073-4,his,579379,579382,1,1609,38,M_9601
pdnc,qID,Q1073-4,Mr. Frank Churchill,579408,579427,1,1609,38,M_9602
pdnc,qID,Q1073-4,you,579441,579444,1,1609,38,M_9603
pdnc,qID,Q1073-4,my mother,579445,579454,11,1609,38,M_9604
pdnc,qID,Q1073-4,My mother,579532,579541,11,1609,38,M_9605
pdnc,qID,Q1073-4,your,579557,579561,1,1609,38,M_9606
pdnc,qID,Q1073-4,she,579584,579587,11,1609,38,M_9607
pdnc,qID,Q1073-4,Jane,579589,579593,4,1609,38,M_9608
pdnc,qID,Q1073-4,Mr. Frank Churchill,579620,579639,1,1609,38,M_9609
exp,exp_name,miss woodhouse,Miss Woodhouse,579653,579667,0,1609,38,M_9610
exp,exp_name,miss woodhouse,Miss Woodhouse,579675,579689,0,1609,38,M_9611
booknlp,COREF,149,you,579698,579701,4,1609,38,M_9612
booknlp,COREF,149,you,579725,579728,4,1609,38,M_9613
exp,exp_name,emma,Emma,579840,579844,0,1609,38,M_9614
exp,exp_name,miss woodhouse,Miss Woodhouse,579903,579917,0,1609,38,M_9615
booknlp,COREF,149,you,579919,579922,4,1609,38,M_9616
booknlp,COREF,149,you,579939,579942,4,1609,38,M_9617
pdnc,qID,Q1073-5,Jane,579948,579952,4,1609,38,M_9618
pdnc,qID,Q1073-5,She,579980,579983,4,1609,38,M_9619
booknlp,COREF,149,herself,579995,580002,4,1609,38,M_9620
pdnc,qID,Q1073-5,she,580024,580027,4,1609,38,M_9621
booknlp,COREF,149,her,580033,580036,4,1609,38,M_9622
booknlp,COREF,149,you,580193,580196,4,1609,38,M_9623
booknlp,COREF,149,you,580208,580211,4,1609,38,M_9624
booknlp,COREF,149,you,580236,580239,4,1609,38,M_9625
booknlp,COREF,149,you,580393,580396,4,1609,38,M_9626
booknlp,COREF,149,you,580421,580424,4,1609,38,M_9627
booknlp,COREF,149,you,580442,580445,4,1609,38,M_9628
booknlp,COREF,126,Mr. Otway,580502,580511,6,1609,38,M_9629
exp,exp_name,george,George,580581,580587,6,1609,38,M_9630
booknlp,COREF,149,you,580612,580615,4,1609,38,M_9631
booknlp,COREF,149,you,580627,580630,4,1609,38,M_9632
booknlp,COREF,149,you,580673,580676,4,1609,38,M_9633
pdnc,qID,Q1073-5,the worthy Coles,580755,580771,12,1609,38,M_9634
booknlp,COREF,149,you,580909,580912,4,1609,38,M_9635
booknlp,COREF,149,you,580958,580961,4,1609,38,M_9636
exp,exp_name,frank churchill,Frank Churchill,581040,581055,1,1610,38,M_9637
booknlp,COREF,103,his,581068,581071,1,1610,38,M_9638
exp,exp_name,emma,Emma,581083,581087,0,1610,38,M_9639
exp,exp_name,miss bates,Miss Bates,581104,581114,7,1610,38,M_9640
exp,exp_name,mrs. elton,Mrs. Elton,581185,581195,13,1610,38,M_9641
exp,exp_name,miss fairfax,Miss Fairfax,581200,581212,4,1610,38,M_9642
booknlp,COREF,103,he,581285,581287,1,1610,38,M_9643
exp,exp_name,jane,Jane,581368,581372,4,1610,38,M_9644
booknlp,COREF,149,her,581376,581379,4,1610,38,M_9645
exp,exp_name,mrs. elton,Mrs. Elton,581441,581451,13,1610,38,M_9646
booknlp,COREF,149,you,581522,581525,4,1610,38,M_9647
pdnc,qID,Q1074-0,you,581548,581551,4,1610,38,M_9648
exp,exp_name,mrs. elton,Mrs. Elton,581676,581686,13,1610,38,M_9649
pdnc,qID,Q1075-0,Frank Churchill,582029,582044,1,1610,38,M_9650
pdnc,qID,Q1075-0,Frank Churchill,582145,582160,1,1610,38,M_9651
pdnc,qID,Q1075-0,him,582169,582172,1,1610,38,M_9652
exp,exp_name,frank,Frank,582201,582206,1,1611,38,M_9653
exp,exp_name,emma,Emma,582241,582245,0,1611,38,M_9654
booknlp,COREF,103,he,582268,582270,1,1611,38,M_9655
booknlp,COREF,103,his,582285,582288,1,1611,38,M_9656
exp,exp_name,mrs. elton,Mrs. Elton,582421,582431,13,1611,38,M_9657
exp,exp_name,mr. elton,Mr. Elton,582467,582476,8,1611,38,M_9658
booknlp,COREF,103,his,582503,582506,1,1611,38,M_9659
pdnc,qID,Q1076-0,you,582534,582537,8,1612,38,M_9660
pdnc,qID,Q1076-0,you,582570,582573,8,1612,38,M_9661
pdnc,qID,Q1076-0,Jane,582620,582624,4,1612,38,M_9662
pdnc,qID,Q1076-0,you,582636,582639,8,1612,38,M_9663
pdnc,qID,Q1077-0,Jane,582690,582694,4,1613,38,M_9664
exp,exp_name,frank churchill,Frank Churchill,582707,582722,1,1613,38,M_9665
pdnc,qID,Q1077-1,Miss Fairfax,582785,582797,4,1613,38,M_9666
booknlp,COREF,103,I,582822,582823,1,1613,38,M_9667
pdnc,qID,Q1078-0,you,582843,582846,1,1614,38,M_9668
pdnc,qID,Q1078-0,Mrs. Elton,582852,582862,13,1614,38,M_9669
exp,exp_name,emma,Emma,582870,582874,0,1614,38,M_9670
pdnc,qID,Q1080-0,You,582906,582909,1,1616,38,M_9671
pdnc,qID,Q1081-0,you,582950,582953,0,1617,38,M_9672
pdnc,qID,Q1082-0,you,583048,583051,0,1617,38,M_9673
exp,exp_name,emma,Emma,583112,583116,0,1618,38,M_9674
booknlp,COREF,103,him,583141,583144,1,1618,38,M_9675
booknlp,COREF,103,he,583146,583148,1,1618,38,M_9676
booknlp,COREF,103,He,583174,583176,1,1618,38,M_9677
booknlp,COREF,103,his,583196,583199,1,1618,38,M_9678
exp,exp_name,mrs. weston,Mrs. Weston,583253,583264,15,1618,38,M_9679
booknlp,COREF,103,He,583266,583268,1,1618,38,M_9680
exp,exp_name,emma,Emma,583337,583341,0,1618,38,M_9681
exp,exp_name,mrs. weston,Mrs. Weston,583367,583378,15,1618,38,M_9682
exp,exp_name,mrs. elton,Mrs. Elton,583384,583394,13,1618,38,M_9683
exp,exp_name,emma,Emma,583503,583507,0,1618,38,M_9684
exp,exp_name,emma,Emma,583527,583531,0,1618,38,M_9685
pdnc,qID,Q1083-0,her,583617,583620,13,1619,38,M_9686
exp,exp_name,mr. weston,Mr. Weston,583628,583638,9,1619,38,M_9687
pdnc,qID,Q1083-1,She,583641,583644,13,1619,38,M_9688
pdnc,qID,Q1083-1,Frank,583656,583661,1,1619,38,M_9689
pdnc,qID,Q1083-1,her,583675,583678,13,1619,38,M_9690
exp,exp_name,frank,Frank,583682,583687,1,1620,38,M_9691
exp,exp_name,emma,Emma,583708,583712,0,1620,38,M_9692
booknlp,COREF,94,her,583723,583726,0,1620,38,M_9693
booknlp,COREF,103,himself,583755,583762,1,1620,38,M_9694
booknlp,COREF,103,his,583785,583788,1,1620,38,M_9695
exp,exp_name,mrs. weston,Mrs. Weston,583862,583873,15,1620,38,M_9696
booknlp,COREF,103,him,583887,583890,1,1620,38,M_9697
exp,exp_name,mrs. elton,Mrs. Elton,583906,583916,13,1620,38,M_9698
booknlp,COREF,103,himself,583917,583924,1,1620,38,M_9699
booknlp,COREF,103,him,583974,583977,1,1620,38,M_9700
exp,exp_name,mr. weston,Mr. Weston,584016,584026,9,1620,38,M_9701
exp,exp_name,mrs. elton,Mrs. Elton,584031,584041,13,1620,38,M_9702
exp,exp_name,mr. frank churchill,Mr. Frank Churchill,584055,584074,1,1620,38,M_9703
exp,exp_name,miss woodhouse,Miss Woodhouse,584079,584093,0,1620,38,M_9704
exp,exp_name,emma,Emma,584104,584108,0,1620,38,M_9705
exp,exp_name,mrs. elton,Mrs. Elton,584140,584150,13,1620,38,M_9706
booknlp,COREF,94,she,584159,584162,0,1620,38,M_9707
booknlp,COREF,94,her,584212,584215,0,1620,38,M_9708
booknlp,COREF,94,her,584246,584249,0,1620,38,M_9709
exp,exp_name,mrs. elton,Mrs. Elton,584269,584279,13,1620,38,M_9710
booknlp,COREF,94,she,584368,584371,0,1620,38,M_9711
exp,exp_name,frank churchill,Frank Churchill,584399,584414,1,1620,38,M_9712
booknlp,COREF,94,she,584416,584419,0,1620,38,M_9713
exp,exp_name,mr. weston,Mr. Weston,584450,584460,9,1620,38,M_9714
booknlp,COREF,86,his,584470,584473,9,1620,38,M_9715
exp,exp_name,emma,Emma,584529,584533,0,1620,38,M_9716
booknlp,COREF,94,she,584649,584652,0,1620,38,M_9717
exp,exp_name,mr. knightley,Mr. Knightley,584731,584744,6,1620,38,M_9718
booknlp,COREF,103,he,584790,584792,1,1620,38,M_9719
booknlp,COREF,103,he,584827,584829,1,1620,38,M_9720
booknlp,COREF,103,he,584847,584849,1,1620,38,M_9721
booknlp,COREF,103,himself,584885,584892,1,1620,38,M_9722
booknlp,COREF,103,he,585043,585045,1,1620,38,M_9723
booknlp,COREF,103,he,585132,585134,1,1620,38,M_9724
booknlp,COREF,103,himself,585146,585153,1,1620,38,M_9725
booknlp,COREF,103,His,585155,585158,1,1620,38,M_9726
exp,exp_name,emma,Emma,585264,585268,0,1620,38,M_9727
booknlp,COREF,94,her,585318,585321,0,1620,38,M_9728
booknlp,COREF,103,he,585545,585547,1,1620,38,M_9729
booknlp,COREF,103,he,585572,585574,1,1620,38,M_9730
booknlp,COREF,94,she,585607,585610,0,1620,38,M_9731
booknlp,COREF,103,his,585618,585621,1,1620,38,M_9732
booknlp,COREF,94,she,585627,585630,0,1620,38,M_9733
booknlp,COREF,103,him,585638,585641,1,1620,38,M_9734
booknlp,COREF,103,he,585667,585669,1,1620,38,M_9735
booknlp,COREF,94,She,585689,585692,0,1620,38,M_9736
booknlp,COREF,103,he,585700,585702,1,1620,38,M_9737
exp,exp_name,frank churchill,Frank Churchill,585748,585763,1,1620,38,M_9738
booknlp,COREF,94,her,585799,585802,0,1620,38,M_9739
booknlp,COREF,94,She,585804,585807,0,1620,38,M_9740
booknlp,COREF,94,herself,585825,585832,0,1620,38,M_9741
booknlp,COREF,103,he,585838,585840,1,1620,38,M_9742
booknlp,COREF,94,her,585852,585855,0,1620,38,M_9743
booknlp,COREF,103,he,585872,585874,1,1620,38,M_9744
booknlp,COREF,94,her,585892,585895,0,1620,38,M_9745
booknlp,COREF,94,she,585907,585910,0,1620,38,M_9746
booknlp,COREF,94,her,585974,585977,0,1620,38,M_9747
booknlp,COREF,94,her,585982,585985,0,1620,38,M_9748
exp,exp_name,frank churchill,Frank Churchill,586059,586074,1,1620,38,M_9749
booknlp,COREF,94,her,586091,586094,0,1620,38,M_9750
booknlp,COREF,103,he,586100,586102,1,1620,38,M_9751
exp,exp_name,mrs. weston,Mrs. Weston,586209,586220,15,1621,38,M_9752
exp,exp_name,emma,Emma,586574,586578,0,1621,38,M_9753
exp,exp_name,harriet,Harriet,586652,586659,2,1621,38,M_9754
exp,exp_name,emma,Emma,586830,586834,0,1621,38,M_9755
exp,exp_name,mr. elton,Mr. Elton,586880,586889,8,1621,38,M_9756
booknlp,COREF,150,He,586908,586910,8,1621,38,M_9757
exp,exp_name,harriet,Harriet,586925,586932,2,1621,38,M_9758
booknlp,COREF,94,she,586977,586980,0,1621,38,M_9759
booknlp,COREF,150,he,586990,586992,8,1621,38,M_9760
booknlp,COREF,94,she,587008,587011,0,1621,38,M_9761
booknlp,COREF,150,him,587026,587029,8,1621,38,M_9762
booknlp,COREF,150,his,587099,587102,8,1622,38,M_9763
booknlp,COREF,150,He,587109,587111,8,1622,38,M_9764
booknlp,COREF,150,his,587242,587245,8,1622,38,M_9765
booknlp,COREF,150,his,587259,587262,8,1622,38,M_9766
booknlp,COREF,150,He,587293,587295,8,1622,38,M_9767
exp,exp_name,miss smith,Miss Smith,587341,587351,2,1622,38,M_9768
exp,exp_name,emma,Emma,587398,587402,0,1622,38,M_9769
booknlp,COREF,112,She,587411,587414,2,1622,38,M_9770
booknlp,COREF,112,she,587436,587439,2,1622,38,M_9771
booknlp,COREF,112,her,587452,587455,2,1622,38,M_9772
booknlp,COREF,112,her,587542,587545,2,1622,38,M_9773
booknlp,COREF,112,she,587560,587563,2,1622,38,M_9774
booknlp,COREF,112,she,587581,587584,2,1622,38,M_9775
booknlp,COREF,112,her,587646,587649,2,1622,38,M_9776
booknlp,COREF,112,she,587655,587658,2,1622,38,M_9777
booknlp,COREF,112,her,587681,587684,2,1622,38,M_9778
exp,exp_name,mr. elton,Mr. Elton,587704,587713,8,1622,38,M_9779
booknlp,COREF,112,she,587732,587735,2,1622,38,M_9780
booknlp,COREF,150,him,587806,587809,8,1622,38,M_9781
exp,exp_name,mrs. weston,Mrs. Weston,587814,587825,15,1622,38,M_9782
booknlp,COREF,112,she,587831,587834,2,1622,38,M_9783
booknlp,COREF,150,his,587850,587853,8,1622,38,M_9784
booknlp,COREF,112,her,587895,587898,2,1622,38,M_9785
booknlp,COREF,150,him,587950,587953,8,1622,38,M_9786
exp,exp_name,mrs. weston,Mrs. Weston,588004,588015,15,1622,38,M_9787
booknlp,COREF,150,him,588042,588045,8,1622,38,M_9788
pdnc,qID,Q1084-0,you,588063,588066,8,1622,38,M_9789
pdnc,qID,Q1084-0,Mr. Elton,588074,588083,8,1622,38,M_9790
booknlp,COREF,150,his,588095,588098,8,1622,38,M_9791
pdnc,qID,Q1085-0,Mrs. Weston,588132,588143,15,1622,38,M_9792
pdnc,qID,Q1085-0,you,588148,588151,15,1622,38,M_9793
pdnc,qID,Q1086-0,you,588200,588203,8,1623,38,M_9794
booknlp,COREF,150,he,588292,588294,8,1624,38,M_9795
booknlp,COREF,150,I,588297,588298,8,1624,38,M_9796
booknlp,COREF,150,I,588326,588327,8,1624,38,M_9797
booknlp,COREF,150,myself,588367,588373,8,1624,38,M_9798
booknlp,COREF,150,my,588410,588412,8,1624,38,M_9799
booknlp,COREF,150,me,588450,588452,8,1624,38,M_9800
pdnc,qID,Q1088-0,a young lady disengaged,588588,588611,2,1625,38,M_9801
pdnc,qID,Q1088-0,Miss Smith,588655,588665,2,1625,38,M_9802
pdnc,qID,Q1089-0,Miss Smith,588669,588679,2,1625,38,M_9803
pdnc,qID,Q1089-0,You,588708,588711,15,1625,38,M_9804
booknlp,COREF,150,I,588743,588744,8,1625,38,M_9805
booknlp,COREF,150,my,588779,588781,8,1625,38,M_9806
pdnc,qID,Q1089-0,Mrs. Weston,588805,588816,15,1625,38,M_9807
pdnc,qID,Q1089-0,You,588818,588821,15,1625,38,M_9808
booknlp,COREF,150,me,588834,588836,8,1625,38,M_9809
booknlp,COREF,150,I,588853,588854,8,1625,38,M_9810
pdnc,qID,Q1089-0,your,588886,588890,15,1625,38,M_9811
booknlp,COREF,150,my,588904,588906,8,1625,38,M_9812
exp,exp_name,mrs. weston,Mrs. Weston,588932,588943,15,1626,38,M_9813
exp,exp_name,emma,Emma,588962,588966,0,1626,38,M_9814
booknlp,COREF,94,she,589018,589021,0,1626,38,M_9815
booknlp,COREF,94,her,589043,589046,0,1626,38,M_9816
exp,exp_name,mr. elton,Mr. Elton,589062,589071,8,1626,38,M_9817
exp,exp_name,mr. elton,Mr. Elton,589103,589112,8,1626,38,M_9818
booknlp,COREF,150,he,589146,589148,8,1626,38,M_9819
exp,exp_name,mr. knightley,Mr. Knightley,589160,589173,6,1626,38,M_9820
booknlp,COREF,150,himself,589214,589221,8,1626,38,M_9821
booknlp,COREF,150,him,589289,589292,8,1626,38,M_9822
booknlp,COREF,150,his,589297,589300,8,1626,38,M_9823
booknlp,COREF,94,She,589308,589311,0,1627,38,M_9824
booknlp,COREF,94,Her,589334,589337,0,1627,38,M_9825
booknlp,COREF,94,she,589363,589366,0,1627,38,M_9826
booknlp,COREF,94,her,589374,589377,0,1627,38,M_9827
exp,exp_name,mr. knightley,Mr. Knightley,589448,589461,6,1628,38,M_9828
exp,exp_name,harriet,Harriet,589470,589477,2,1628,38,M_9829
booknlp,COREF,94,she,589501,589504,0,1628,38,M_9830
booknlp,COREF,94,She,589571,589574,0,1628,38,M_9831
exp,exp_name,harriet,Harriet,589616,589623,2,1628,38,M_9832
booknlp,COREF,94,herself,589628,589635,0,1628,38,M_9833
booknlp,COREF,150,him,589663,589666,8,1628,38,M_9834
booknlp,COREF,94,her,589703,589706,0,1628,38,M_9835
booknlp,COREF,94,she,589741,589744,0,1628,38,M_9836
booknlp,COREF,150,his,589757,589760,8,1628,38,M_9837
booknlp,COREF,150,His,589773,589776,8,1629,38,M_9838
booknlp,COREF,94,she,589808,589811,0,1629,38,M_9839
exp,exp_name,harriet,Harriet,589849,589856,2,1629,38,M_9840
booknlp,COREF,94,her,590031,590034,0,1629,38,M_9841
booknlp,COREF,94,her,590087,590090,0,1629,38,M_9842
booknlp,COREF,94,she,590092,590095,0,1629,38,M_9843
exp,exp_name,mr. elton,Mr. Elton,590194,590203,8,1630,38,M_9844
exp,exp_name,emma,Emma,590247,590251,0,1630,38,M_9845
booknlp,COREF,94,She,590275,590278,0,1630,38,M_9846
booknlp,COREF,150,he,590293,590295,8,1630,38,M_9847
booknlp,COREF,150,his,590321,590324,8,1630,38,M_9848
booknlp,COREF,94,her;--_she,590356,590366,0,1630,38,M_9849
booknlp,COREF,94,her,590382,590385,0,1630,38,M_9850
booknlp,COREF,94,her,590420,590423,0,1630,38,M_9851
pdnc,qID,Q1090-0,Knightley,590435,590444,6,1631,38,M_9852
pdnc,qID,Q1090-0,poor little Miss Smith,590463,590485,2,1631,38,M_9853
booknlp,COREF,94,I,590507,590508,0,1631,38,M_9854
exp,exp_name,miss bates,Miss Bates,590562,590572,7,1632,38,M_9855
pdnc,qID,Q1091-0,Jane,590686,590690,4,1633,38,M_9856
pdnc,qID,Q1091-0,Jane,590692,590696,4,1633,38,M_9857
pdnc,qID,Q1091-0,my dear Jane,590698,590710,4,1633,38,M_9858
pdnc,qID,Q1091-0,you,590722,590725,4,1633,38,M_9859
pdnc,qID,Q1091-0,your,590736,590740,4,1633,38,M_9860
pdnc,qID,Q1091-0,Mrs. Weston,590749,590760,15,1633,38,M_9861
pdnc,qID,Q1091-0,you,590766,590769,4,1633,38,M_9862
booknlp,COREF,149,your,590780,590784,4,1633,38,M_9863
pdnc,qID,Q1091-0,She,590793,590796,15,1633,38,M_9864
pdnc,qID,Q1091-0,she,590802,590805,15,1633,38,M_9865
pdnc,qID,Q1091-0,My dear Jane,590932,590944,4,1633,38,M_9866
pdnc,qID,Q1091-0,you,590953,590956,4,1633,38,M_9867
pdnc,qID,Q1091-0,Mr. Churchill,590963,590976,1,1633,38,M_9868
pdnc,qID,Q1091-0,you,590982,590985,1,1633,38,M_9869
pdnc,qID,Q1091-0,you,591013,591016,1,1633,38,M_9870
pdnc,qID,Q1091-0,my dear,591075,591082,4,1633,38,M_9871
booknlp,COREF,94,I,591084,591085,0,1633,38,M_9872
booknlp,COREF,94,I,591099,591100,0,1633,38,M_9873
booknlp,COREF,94,I,591106,591107,0,1633,38,M_9874
pdnc,qID,Q1091-0,grandmama,591124,591133,11,1633,38,M_9875
booknlp,COREF,94,I,591226,591227,0,1633,38,M_9876
pdnc,qID,Q1091-0,you,591233,591236,4,1633,38,M_9877
pdnc,qID,Q1091-0,Grandmama,591238,591247,11,1633,38,M_9878
pdnc,qID,Q1091-0,Mr. Woodhouse,591292,591305,10,1633,38,M_9879
pdnc,qID,Q1091-0,she,591412,591415,11,1633,38,M_9880
pdnc,qID,Q1091-0,her,591451,591454,11,1633,38,M_9881
pdnc,qID,Q1091-0,she,591467,591470,11,1633,38,M_9882
pdnc,qID,Q1091-0,you,591499,591502,4,1633,38,M_9883
pdnc,qID,Q1091-0,you,591508,591511,4,1633,38,M_9884
pdnc,qID,Q1091-0,your,591538,591542,4,1633,38,M_9885
booknlp,COREF,94,I,591564,591565,0,1633,38,M_9886
booknlp,COREF,94,I,591568,591569,0,1633,38,M_9887
exp,exp_name,jane,Jane,591590,591594,4,1633,38,M_9888
booknlp,COREF,94,I,591596,591597,0,1633,38,M_9889
booknlp,COREF,149,her,591603,591606,4,1633,38,M_9890
exp,exp_name,george,George,591624,591630,6,1633,38,M_9891
booknlp,COREF,149,she,591638,591641,4,1633,38,M_9892
booknlp,COREF,149,you,591660,591663,4,1633,38,M_9893
booknlp,COREF,149,herself,591677,591684,4,1633,38,M_9894
booknlp,COREF,149,her,591696,591699,4,1633,38,M_9895
exp,exp_name,mr. elton,Mr. Elton,591718,591727,8,1633,38,M_9896
booknlp,COREF,94,I,591729,591730,0,1633,38,M_9897
booknlp,COREF,149,her,591756,591759,4,1633,38,M_9898
booknlp,COREF,94,My,591792,591794,0,1633,38,M_9899
booknlp,COREF,149,you,591805,591808,4,1633,38,M_9900
booknlp,COREF,149,you,591844,591847,4,1633,38,M_9901
booknlp,COREF,149,you,591891,591894,4,1633,38,M_9902
booknlp,COREF,94,my,591915,591917,0,1633,38,M_9903
pdnc,qID,Q1093-0,Jane,591924,591928,4,1633,38,M_9904
booknlp,COREF,94,me,591945,591947,0,1633,38,M_9905
pdnc,qID,Q1093-0,Mrs. Elton,592003,592013,13,1633,38,M_9906
pdnc,qID,Q1093-0,dear Mrs. Elton,592024,592039,13,1633,38,M_9907
pdnc,qID,Q1093-0,she,592053,592056,13,1633,38,M_9908
pdnc,qID,Q1093-0,her,592103,592106,13,1633,38,M_9909
pdnc,qID,Q1093-0,Jane,592192,592196,4,1633,38,M_9910
booknlp,COREF,94,I,592258,592259,0,1633,38,M_9911
booknlp,COREF,94,I,592304,592305,0,1633,38,M_9912
booknlp,COREF,94,I,592358,592359,0,1633,38,M_9913
pdnc,qID,Q1093-0,you,592447,592450,4,1633,38,M_9914
pdnc,qID,Q1093-0,your grandmama,592454,592468,11,1633,38,M_9915
pdnc,qID,Q1093-0,Jane,592470,592474,4,1633,38,M_9916
pdnc,qID,Q1093-0,you,592568,592571,4,1633,38,M_9917
pdnc,qID,Q1093-0,good Mr. Woodhouse,592671,592689,10,1633,38,M_9918
pdnc,qID,Q1093-0,grandmama,592783,592792,11,1633,38,M_9919
pdnc,qID,Q1093-0,she,592840,592843,11,1633,38,M_9920
pdnc,qID,Q1093-0,dear Miss Woodhouse,592954,592973,0,1633,38,M_9921
booknlp,COREF,94,I,593038,593039,0,1633,38,M_9922
pdnc,qID,Q1093-0,Jane,593223,593227,4,1633,38,M_9923
booknlp,COREF,94,I,593256,593257,0,1633,38,M_9924
pdnc,qID,Q1093-0,you,593292,593295,1,1633,38,M_9925
booknlp,COREF,94,I,593324,593325,0,1633,38,M_9926
pdnc,qID,Q1093-0,Mr. Churchill,593335,593348,1,1633,38,M_9927
pdnc,qID,Q1093-0,you,593386,593389,1,1633,38,M_9928
pdnc,qID,Q1093-0,you,593403,593406,1,1633,38,M_9929
pdnc,qID,Q1093-0,Dear Jane,593445,593454,4,1633,38,M_9930
pdnc,qID,Q1093-0,grandmama,593504,593513,11,1633,38,M_9931
booknlp,COREF,94,me,593531,593533,0,1633,38,M_9932
booknlp,COREF,94,I,593535,593536,0,1633,38,M_9933
booknlp,COREF,94,I,593601,593602,0,1633,38,M_9934
exp,exp_name,emma,Emma,593628,593632,0,1634,38,M_9935
exp,exp_name,mr. knightley,Mr. Knightley,593667,593680,6,1634,38,M_9936
booknlp,COREF,94,her,593747,593750,0,1634,38,M_9937
booknlp,COREF,94,her,593792,593795,0,1634,38,M_9938
exp,exp_name,mr. elton,Mr. Elton,593846,593855,8,1634,38,M_9939
exp,exp_name,mrs. elton,Mrs. Elton,593906,593916,13,1634,38,M_9940
pdnc,qID,Q1094-0,Harriet,594000,594007,2,1635,38,M_9941
pdnc,qID,Q1094-1,Emma,594020,594024,0,1635,38,M_9942
pdnc,qID,Q1094-1,your,594050,594054,0,1635,38,M_9943
pdnc,qID,Q1095-0,She,594140,594143,13,1636,38,M_9944
pdnc,qID,Q1095-0,you,594172,594175,0,1636,38,M_9945
pdnc,qID,Q1095-0,he,594197,594199,8,1636,38,M_9946
pdnc,qID,Q1095-0,you,594226,594229,0,1636,38,M_9947
pdnc,qID,Q1095-0,Emma,594267,594271,0,1636,38,M_9948
pdnc,qID,Q1095-0,you,594278,594281,0,1636,38,M_9949
pdnc,qID,Q1095-0,him,594291,594294,8,1636,38,M_9950
pdnc,qID,Q1095-0,Harriet,594304,594311,2,1636,38,M_9951
booknlp,COREF,94,I,594316,594317,0,1637,38,M_9952
exp,exp_name,emma,Emma,594332,594336,0,1637,38,M_9953
booknlp,COREF,94,me,594363,594365,0,1637,38,M_9954
pdnc,qID,Q1097-0,you,594471,594474,0,1639,38,M_9955
pdnc,qID,Q1097-0,you,594484,594487,0,1639,38,M_9956
pdnc,qID,Q1097-0,your,594491,594495,0,1639,38,M_9957
pdnc,qID,Q1098-0,you,594520,594523,6,1640,38,M_9958
pdnc,qID,Q1099-0,your,594608,594612,0,1641,38,M_9959
pdnc,qID,Q1099-0,your,594630,594634,0,1641,38,M_9960
pdnc,qID,Q1099-0,you,594665,594668,0,1641,38,M_9961
pdnc,qID,Q1099-0,you,594702,594705,0,1641,38,M_9962
pdnc,qID,Q1100-0,Mr. Elton,594768,594777,8,1642,38,M_9963
pdnc,qID,Q1100-0,him,594807,594810,8,1642,38,M_9964
pdnc,qID,Q1100-0,you,594817,594820,6,1642,38,M_9965
pdnc,qID,Q1100-0,his,594883,594886,8,1642,38,M_9966
pdnc,qID,Q1100-0,Harriet,594906,594913,2,1642,38,M_9967
pdnc,qID,Q1101-0,your,594982,594986,0,1643,38,M_9968
pdnc,qID,Q1101-0,you,595020,595023,0,1643,38,M_9969
pdnc,qID,Q1101-0,you,595049,595052,0,1643,38,M_9970
pdnc,qID,Q1101-0,him,595075,595078,8,1643,38,M_9971
pdnc,qID,Q1101-0,he,595091,595093,8,1643,38,M_9972
pdnc,qID,Q1101-0,Harriet Smith,595119,595132,2,1643,38,M_9973
pdnc,qID,Q1101-0,Mrs. Elton,595170,595180,13,1643,38,M_9974
pdnc,qID,Q1101-0,Mrs. Elton,595323,595333,13,1643,38,M_9975
pdnc,qID,Q1101-0,Harriet,595343,595350,2,1643,38,M_9976
exp,exp_name,emma,Emma,595387,595391,0,1644,38,M_9977
exp,exp_name,mr. weston,Mr. Weston,595457,595467,9,1644,38,M_9978
pdnc,qID,Q1102-0,Miss Woodhouse,595521,595535,0,1645,38,M_9979
pdnc,qID,Q1102-0,Miss Fairfax,595549,595561,4,1645,38,M_9980
booknlp,COREF,94,you,595572,595575,0,1645,38,M_9981
pdnc,qID,Q1102-0,Emma,595593,595597,0,1645,38,M_9982
pdnc,qID,Q1102-0,your,595603,595607,0,1645,38,M_9983
booknlp,COREF,94,I,595677,595678,0,1646,38,M_9984
exp,exp_name,emma,Emma,595695,595699,0,1646,38,M_9985
booknlp,COREF,94,I,595711,595712,0,1646,38,M_9986
pdnc,qID,Q1104-0,you,595736,595739,0,1647,38,M_9987
exp,exp_name,mr. knightley,Mr. Knightley,595768,595781,6,1647,38,M_9988
booknlp,COREF,94,She,595784,595787,0,1648,38,M_9989
pdnc,qID,Q1105-0,you,595832,595835,6,1648,38,M_9990
pdnc,qID,Q1105-0,you,595840,595843,6,1648,38,M_9991
booknlp,COREF,94,me,595853,595855,0,1648,38,M_9992
pdnc,qID,Q1106-0,you,595865,595868,0,1649,38,M_9993
booknlp,COREF,94,I,595908,595909,0,1650,38,M_9994
pdnc,qID,Q1107-0,You,595916,595919,6,1650,38,M_9995
pdnc,qID,Q1107-0,you,595936,595939,6,1650,38,M_9996
pdnc,qID,Q1107-0,you,595955,595958,6,1650,38,M_9997
exp,exp_name,mr. knightley,Mr. Knightley,596120,596133,6,1653,39,M_9998
exp,exp_name,emma,Emma,596139,596143,0,1653,39,M_9999
booknlp,COREF,94,she,596228,596231,0,1653,39,M_10000
exp,exp_name,harriet,Harriet,596462,596469,2,1653,39,M_10001
booknlp,COREF,112,her,596489,596492,2,1653,39,M_10002
booknlp,COREF,94,her,596619,596622,0,1653,39,M_10003
booknlp,COREF,94,she,596696,596699,0,1653,39,M_10004
exp,exp_name,harriet,Harriet,596752,596759,2,1653,39,M_10005
exp,exp_name,harriet,Harriet,596781,596788,2,1653,39,M_10006
booknlp,COREF,94,she,596864,596867,0,1653,39,M_10007
booknlp,COREF,94,her,596902,596905,0,1653,39,M_10008
booknlp,COREF,94,she,596937,596940,0,1653,39,M_10009
exp,exp_name,mr. elton,Mr. Elton,596966,596975,8,1653,39,M_10010
booknlp,COREF,94,she,597006,597009,0,1653,39,M_10011
booknlp,COREF,150,him,597023,597026,8,1653,39,M_10012
exp,exp_name,emma,Emma,597052,597056,0,1653,39,M_10013
booknlp,COREF,94,She,597141,597144,0,1653,39,M_10014
exp,exp_name,harriet,Harriet,597275,597282,2,1653,39,M_10015
exp,exp_name,frank churchill,Frank Churchill,597293,597308,1,1653,39,M_10016
exp,exp_name,mr. knightley,Mr. Knightley,597335,597348,6,1653,39,M_10017
booknlp,COREF,94,her,597377,597380,0,1653,39,M_10018
booknlp,COREF,94,her,597421,597424,0,1653,39,M_10019
booknlp,COREF,94,She,597427,597430,0,1654,39,M_10020
exp,exp_name,frank churchill,Frank Churchill,597446,597461,1,1654,39,M_10021
booknlp,COREF,103,He,597476,597478,1,1654,39,M_10022
booknlp,COREF,94,her,597488,597491,0,1654,39,M_10023
booknlp,COREF,103,he,597497,597499,1,1654,39,M_10024
booknlp,COREF,103,himself,597516,597523,1,1654,39,M_10025
booknlp,COREF,103,he,597566,597568,1,1654,39,M_10026
booknlp,COREF,94,She,597613,597616,0,1654,39,M_10027
booknlp,COREF,94,she,597721,597724,0,1655,39,M_10028
booknlp,COREF,94,she,597920,597923,0,1655,39,M_10029
exp,exp_name,frank churchill,Frank Churchill,597965,597980,1,1655,39,M_10030
exp,exp_name,harriet,Harriet,597987,597994,2,1655,39,M_10031
booknlp,COREF,103,his,598006,598009,1,1655,39,M_10032
exp,exp_name,harriet,Harriet,598024,598031,2,1655,39,M_10033
booknlp,COREF,94,her,598064,598067,0,1655,39,M_10034
exp,exp_name,harriet,Harriet,598111,598118,2,1655,39,M_10035
booknlp,COREF,103,he,598152,598154,1,1655,39,M_10036
exp,exp_name,harriet,Harriet,598289,598296,2,1655,39,M_10037
exp,exp_name,emma,Emma,598541,598545,0,1656,39,M_10038
exp,exp_name,miss smith,Miss Smith,598574,598584,2,1657,39,M_10039
exp,exp_name,harriet,Harriet,599279,599286,2,1657,39,M_10040
exp,exp_name,harriet,Harriet,599429,599436,2,1657,39,M_10041
booknlp,COREF,112,She,599455,599458,2,1657,39,M_10042
booknlp,COREF,112,her,599512,599515,2,1657,39,M_10043
booknlp,COREF,112,her,599587,599590,2,1657,39,M_10044
booknlp,COREF,112,she,599659,599662,2,1657,39,M_10045
exp,exp_name,harriet,Harriet,599851,599858,2,1658,39,M_10046
booknlp,COREF,112,she,600042,600045,2,1658,39,M_10047
booknlp,COREF,112,her,600094,600097,2,1658,39,M_10048
booknlp,COREF,112,her,600171,600174,2,1658,39,M_10049
booknlp,COREF,112,her,600252,600255,2,1658,39,M_10050
booknlp,COREF,112,her,600267,600270,2,1658,39,M_10051
booknlp,COREF,112,she,600300,600303,2,1658,39,M_10052
exp,exp_name,frank churchill,Frank Churchill,600390,600405,1,1659,39,M_10053
booknlp,COREF,112,her,600416,600419,2,1659,39,M_10054
booknlp,COREF,112,she,600421,600424,2,1659,39,M_10055
booknlp,COREF,103,his,600504,600507,1,1659,39,M_10056
booknlp,COREF,103,him,600557,600560,1,1659,39,M_10057
booknlp,COREF,112,her,600564,600567,2,1659,39,M_10058
booknlp,COREF,103,him,600648,600651,1,1659,39,M_10059
booknlp,COREF,103,his,600679,600682,1,1659,39,M_10060
booknlp,COREF,103,him,600698,600701,1,1659,39,M_10061
exp,exp_name,miss bates,Miss Bates,600820,600830,7,1659,39,M_10062
booknlp,COREF,103,he,600871,600873,1,1659,39,M_10063
booknlp,COREF,112,her,600902,600905,2,1659,39,M_10064
booknlp,COREF,103,he,600941,600943,1,1659,39,M_10065
booknlp,COREF,103,he,600969,600971,1,1659,39,M_10066
exp,exp_name,harriet,Harriet,601118,601125,2,1659,39,M_10067
booknlp,COREF,103,He,601154,601156,1,1659,39,M_10068
exp,exp_name,harriet,Harriet,601198,601205,2,1659,39,M_10069
booknlp,COREF,103,him,601226,601229,1,1659,39,M_10070
booknlp,COREF,93,Hartfield,601291,601300,0,1659,39,M_10071
booknlp,COREF,112,her,601309,601312,2,1659,39,M_10072
booknlp,COREF,103,his,601349,601352,1,1659,39,M_10073
booknlp,COREF,112,her,601367,601370,2,1659,39,M_10074
booknlp,COREF,103,he,601385,601387,1,1659,39,M_10075
booknlp,COREF,103,his,601464,601467,1,1660,39,M_10076
exp,exp_name,harriet,Harriet,601489,601496,2,1660,39,M_10077
booknlp,COREF,112,she,601510,601513,2,1660,39,M_10078
booknlp,COREF,112,her,601528,601531,2,1660,39,M_10079
booknlp,COREF,112,her,601589,601592,2,1660,39,M_10080
booknlp,COREF,103,him,601625,601628,1,1660,39,M_10081
exp,exp_name,emma,Emma,601661,601665,0,1660,39,M_10082
booknlp,COREF,112,her,601696,601699,2,1660,39,M_10083
exp,exp_name,mr. knightley,Mr. Knightley,601795,601808,6,1660,39,M_10084
booknlp,COREF,103,he,601810,601812,1,1660,39,M_10085
booknlp,COREF,94,she,601859,601862,0,1660,39,M_10086
booknlp,COREF,94,her,601879,601882,0,1660,39,M_10087
booknlp,COREF,94,herself,601894,601901,0,1660,39,M_10088
exp,exp_name,emma,Emma,602100,602104,0,1661,39,M_10089
booknlp,COREF,94,she,602204,602207,0,1661,39,M_10090
booknlp,COREF,94,herself,602428,602435,0,1661,39,M_10091
booknlp,COREF,94,her,602534,602537,0,1661,39,M_10092
booknlp,COREF,94,her,602683,602686,0,1662,39,M_10093
booknlp,COREF,94,she,602919,602922,0,1662,39,M_10094
booknlp,COREF,94,her,602991,602994,0,1662,39,M_10095
booknlp,COREF,94,herself,603059,603066,0,1662,39,M_10096
booknlp,COREF,94,she,603068,603071,0,1662,39,M_10097
booknlp,COREF,94,her,603093,603096,0,1662,39,M_10098
exp,exp_name,mr. elton,Mr. Elton,603107,603116,8,1662,39,M_10099
booknlp,COREF,94,she,603334,603337,0,1663,39,M_10100
exp,exp_name,harriet,Harriet,603366,603373,2,1663,39,M_10101
booknlp,COREF,112,her,603422,603425,2,1663,39,M_10102
booknlp,COREF,112,her,603434,603437,2,1663,39,M_10103
booknlp,COREF,112,her,603447,603450,2,1663,39,M_10104
booknlp,COREF,112,she,603462,603465,2,1663,39,M_10105
exp,exp_name,harriet,Harriet,603560,603567,2,1663,39,M_10106
booknlp,COREF,94,She,603779,603782,0,1663,39,M_10107
booknlp,COREF,94,she,603827,603830,0,1663,39,M_10108
booknlp,COREF,94,she,603960,603963,0,1663,39,M_10109
exp,exp_name,emma,Emma,603994,603998,0,1664,39,M_10110
booknlp,COREF,94,her,604030,604033,0,1664,39,M_10111
booknlp,COREF,94,she,604135,604138,0,1664,39,M_10112
exp,exp_name,mr. woodhouse,Mr. Woodhouse,604459,604472,10,1664,39,M_10113
booknlp,COREF,85,he,604485,604487,10,1664,39,M_10114
exp,exp_name,emma,Emma,604501,604505,0,1664,39,M_10115
booknlp,COREF,85,him,604635,604638,10,1664,39,M_10116
booknlp,COREF,85,himself,604665,604672,10,1664,39,M_10117
exp,exp_name,miss woodhouse,Miss Woodhouse,604677,604691,0,1664,39,M_10118
booknlp,COREF,85,his,604697,604700,10,1664,39,M_10119
booknlp,COREF,85,he,604722,604724,10,1664,39,M_10120
exp,exp_name,miss smith,Miss Smith,604765,604775,2,1664,39,M_10121
booknlp,COREF,85,he,604824,604826,10,1664,39,M_10122
booknlp,COREF,94,she,604942,604945,0,1664,39,M_10123
exp,exp_name,harriet,Harriet,604970,604977,2,1664,39,M_10124
exp,exp_name,emma,Emma,604998,605002,0,1664,39,M_10125
booknlp,COREF,94,She,605029,605032,0,1664,39,M_10126
booknlp,COREF,94,she,605108,605111,0,1664,39,M_10127
booknlp,COREF,94,her,605187,605190,0,1664,39,M_10128
booknlp,COREF,94,she,605192,605195,0,1664,39,M_10129
exp,exp_name,emma,Emma,605492,605496,0,1665,39,M_10130
booknlp,COREF,94,her,605501,605504,0,1665,39,M_10131
booknlp,COREF,94,her,605518,605521,0,1665,39,M_10132
exp,exp_name,john,John,605574,605578,5,1665,39,M_10133
exp,exp_name,harriet,Harriet,605624,605631,2,1665,39,M_10134
booknlp,COREF,94,her,605679,605682,0,1665,39,M_10135
booknlp,COREF,94,she,605692,605695,0,1665,39,M_10136
exp,exp_name,harriet,Harriet,605828,605835,2,1667,40,M_10137
exp,exp_name,emma,Emma,605856,605860,0,1667,40,M_10138
booknlp,COREF,112,her,605884,605887,2,1667,40,M_10139
pdnc,qID,Q1109-0,Miss Woodhouse,605947,605961,0,1668,40,M_10140
pdnc,qID,Q1109-0,you,605966,605969,0,1668,40,M_10141
booknlp,COREF,94,I,605986,605987,0,1668,40,M_10142
booknlp,COREF,94,I,606008,606009,0,1668,40,M_10143
pdnc,qID,Q1109-0,you,606030,606033,0,1668,40,M_10144
pdnc,qID,Q1109-0,you,606075,606078,0,1668,40,M_10145
exp,exp_name,emma,Emma,606104,606108,0,1669,40,M_10146
booknlp,COREF,112,her,606147,606150,2,1669,40,M_10147
exp,exp_name,harriet,Harriet,606188,606195,2,1669,40,M_10148
booknlp,COREF,112,her,606220,606223,2,1669,40,M_10149
booknlp,COREF,112,her,606242,606245,2,1669,40,M_10150
booknlp,COREF,112,my,606295,606297,2,1670,40,M_10151
booknlp,COREF,112,I,606308,606309,2,1670,40,M_10152
booknlp,COREF,112,my,606324,606326,2,1670,40,M_10153
booknlp,COREF,112,she,606334,606337,2,1670,40,M_10154
pdnc,qID,Q1110-1,you,606375,606378,0,1670,40,M_10155
booknlp,COREF,112,I,606399,606400,2,1670,40,M_10156
pdnc,qID,Q1110-1,you,606478,606481,0,1670,40,M_10157
booknlp,COREF,112,I,606526,606527,2,1670,40,M_10158
booknlp,COREF,112,I,606571,606572,2,1670,40,M_10159
booknlp,COREF,112,I,606616,606617,2,1670,40,M_10160
booknlp,COREF,112,I,606633,606634,2,1670,40,M_10161
pdnc,qID,Q1110-1,you,606644,606647,0,1670,40,M_10162
booknlp,COREF,112,me,606659,606661,2,1670,40,M_10163
exp,exp_name,emma,Emma,606677,606681,0,1671,40,M_10164
booknlp,COREF,94,I,606684,606685,0,1671,40,M_10165
booknlp,COREF,94,I,606691,606692,0,1671,40,M_10166
booknlp,COREF,112,I,606704,606705,2,1672,40,M_10167
booknlp,COREF,112,myself,606739,606745,2,1672,40,M_10168
exp,exp_name,harriet,Harriet,606757,606764,2,1672,40,M_10169
pdnc,qID,Q1113-0,him,606840,606843,8,1672,40,M_10170
pdnc,qID,Q1113-0,him,606879,606882,8,1672,40,M_10171
pdnc,qID,Q1113-0,him,606935,606938,8,1672,40,M_10172
pdnc,qID,Q1113-0,him,606990,606993,8,1672,40,M_10173
pdnc,qID,Q1113-0,his wife,607013,607021,13,1672,40,M_10174
pdnc,qID,Q1113-0,her,607053,607056,13,1672,40,M_10175
pdnc,qID,Q1113-0,her,607066,607069,13,1672,40,M_10176
pdnc,qID,Q1113-0,she,607087,607090,13,1672,40,M_10177
pdnc,qID,Q1113-0,her,607147,607150,13,1672,40,M_10178
pdnc,qID,Q1113-0,her,607208,607211,13,1672,40,M_10179
pdnc,qID,Q1113-0,you,607253,607256,0,1672,40,M_10180
pdnc,qID,Q1113-0,Miss Woodhouse,607258,607272,0,1672,40,M_10181
pdnc,qID,Q1113-0,her,607281,607284,13,1672,40,M_10182
pdnc,qID,Q1113-0,you,607394,607397,0,1672,40,M_10183
pdnc,qID,Q1113-1,your,607657,607661,0,1672,40,M_10184
pdnc,qID,Q1113-1,you,607677,607680,0,1672,40,M_10185
pdnc,qID,Q1113-1,you,607721,607724,0,1672,40,M_10186
pdnc,qID,Q1114-0,he,607824,607826,8,1673,40,M_10187
pdnc,qID,Q1114-0,you,607837,607840,2,1673,40,M_10188
exp,exp_name,emma,Emma,607974,607978,0,1675,40,M_10189
booknlp,COREF,94,Her,608036,608039,0,1675,40,M_10190
exp,exp_name,harriet,Harriet,608071,608078,2,1675,40,M_10191
booknlp,COREF,112,she,608104,608107,2,1675,40,M_10192
exp,exp_name,harriet,Harriet,608214,608221,2,1675,40,M_10193
exp,exp_name,emma,Emma,608300,608304,0,1675,40,M_10194
exp,exp_name,harriet,Harriet,608360,608367,2,1676,40,M_10195
pdnc,qID,Q1116-1,you,608370,608373,0,1676,40,M_10196
booknlp,COREF,94,I,608406,608407,0,1677,40,M_10197
booknlp,COREF,112,me,608424,608426,2,1678,40,M_10198
booknlp,COREF,112,I,608428,608429,2,1678,40,M_10199
pdnc,qID,Q1118-0,you,608466,608469,0,1678,40,M_10200
booknlp,COREF,112,I,608616,608617,2,1678,40,M_10201
booknlp,COREF,112,my,608622,608624,2,1678,40,M_10202
exp,exp_name,mrs. john knightley,Mrs. John Knightley,608658,608677,3,1678,40,M_10203
booknlp,COREF,112,I,608684,608685,2,1678,40,M_10204
pdnc,qID,Q1118-0,you,608718,608721,0,1678,40,M_10205
pdnc,qID,Q1118-0,his,608731,608734,8,1678,40,M_10206
pdnc,qID,Q1118-0,his,608743,608746,8,1678,40,M_10207
pdnc,qID,Q1118-0,your,608759,608763,0,1678,40,M_10208
pdnc,qID,Q1118-0,your,608782,608786,0,1678,40,M_10209
pdnc,qID,Q1118-0,you,608825,608828,0,1678,40,M_10210
pdnc,qID,Q1118-0,you,608844,608847,0,1678,40,M_10211
booknlp,COREF,112,I,608858,608859,2,1678,40,M_10212
pdnc,qID,Q1118-0,you,608865,608868,0,1678,40,M_10213
booknlp,COREF,112,me,608877,608879,2,1678,40,M_10214
pdnc,qID,Q1118-0,him,608890,608893,8,1678,40,M_10215
booknlp,COREF,112,I,608902,608903,2,1678,40,M_10216
booknlp,COREF,112,mine,608909,608913,2,1678,40,M_10217
pdnc,qID,Q1118-0,him,608926,608929,8,1678,40,M_10218
pdnc,qID,Q1118-0,he,608978,608980,8,1678,40,M_10219
pdnc,qID,Q1118-0,he,609051,609053,8,1678,40,M_10220
booknlp,COREF,112,me,609070,609072,2,1678,40,M_10221
booknlp,COREF,112,my,609090,609092,2,1678,40,M_10222
booknlp,COREF,112,I,609103,609104,2,1678,40,M_10223
booknlp,COREF,112,I,609148,609149,2,1678,40,M_10224
pdnc,qID,Q1119-0,My dearest Harriet,609229,609247,2,1679,40,M_10225
exp,exp_name,emma,Emma,609256,609260,0,1679,40,M_10226
booknlp,COREF,94,her,609270,609273,0,1679,40,M_10227
booknlp,COREF,94,her,609286,609289,0,1679,40,M_10228
pdnc,qID,Q1119-1,you,609313,609316,2,1679,40,M_10229
booknlp,COREF,94,me,609322,609324,0,1679,40,M_10230
booknlp,COREF,94,myself,609341,609347,0,1679,40,M_10231
booknlp,COREF,94,I,609353,609354,0,1679,40,M_10232
booknlp,COREF,94,I,609383,609384,0,1679,40,M_10233
pdnc,qID,Q1119-1,your,609418,609422,2,1679,40,M_10234
booknlp,COREF,94,I,609442,609443,0,1679,40,M_10235
booknlp,COREF,94,my,609515,609517,0,1679,40,M_10236
booknlp,COREF,94,I,609558,609559,0,1679,40,M_10237
booknlp,COREF,94,my,609584,609586,0,1679,40,M_10238
booknlp,COREF,94,my,609593,609595,0,1679,40,M_10239
booknlp,COREF,94,I,609607,609608,0,1679,40,M_10240
booknlp,COREF,94,my,609637,609639,0,1679,40,M_10241
booknlp,COREF,94,my,609656,609658,0,1679,40,M_10242
booknlp,COREF,94,my,609734,609736,0,1679,40,M_10243
pdnc,qID,Q1120-0,you,609801,609804,0,1680,40,M_10244
booknlp,COREF,112,yourself,609825,609833,2,1680,40,M_10245
booknlp,COREF,94,I,609835,609836,0,1680,40,M_10246
booknlp,COREF,94,I,609845,609846,0,1680,40,M_10247
pdnc,qID,Q1120-0,you,609867,609870,0,1680,40,M_10248
pdnc,qID,Q1121-0,you,609902,609905,2,1681,40,M_10249
pdnc,qID,Q1121-0,his,609955,609958,8,1681,40,M_10250
exp,exp_name,emma,Emma,609972,609976,0,1681,40,M_10251
booknlp,COREF,94,her,609994,609997,0,1681,40,M_10252
booknlp,COREF,94,she,610076,610079,0,1681,40,M_10253
booknlp,COREF,94,herself,610089,610096,0,1681,40,M_10254
booknlp,COREF,94,me,610110,610112,0,1681,40,M_10255
booknlp,COREF,94,I,610126,610127,0,1681,40,M_10256
pdnc,qID,Q1122-0,Frank Churchill,610201,610216,1,1681,40,M_10257
booknlp,COREF,94,I,610241,610242,0,1681,40,M_10258
exp,exp_name,harriet,Harriet,610286,610293,2,1682,40,M_10259
booknlp,COREF,112,her,610306,610309,2,1682,40,M_10260
booknlp,COREF,112,I,610361,610362,2,1682,40,M_10261
pdnc,qID,Q1123-1,him,610448,610451,8,1682,40,M_10262
exp,exp_name,emma,Emma,610491,610495,0,1683,40,M_10263
pdnc,qID,Q1124-0,his,610622,610625,8,1684,40,M_10264
exp,exp_name,harriet,Harriet,610633,610640,2,1684,40,M_10265
pdnc,qID,Q1124-1,you,610651,610654,0,1684,40,M_10266
booknlp,COREF,94,I,610682,610683,0,1684,40,M_10267
pdnc,qID,Q1124-1,you,610693,610696,0,1684,40,M_10268
booknlp,COREF,94,I,610722,610723,0,1684,40,M_10269
pdnc,qID,Q1124-1,he,610817,610819,8,1684,40,M_10270
pdnc,qID,Q1124-1,his,610851,610854,8,1684,40,M_10271
pdnc,qID,Q1124-1,Mr. Knightley,610894,610907,6,1684,40,M_10272
pdnc,qID,Q1124-1,him,610925,610928,8,1684,40,M_10273
pdnc,qID,Q1124-1,he,610970,610972,8,1684,40,M_10274
pdnc,qID,Q1124-1,he,611005,611007,8,1684,40,M_10275
pdnc,qID,Q1124-1,his,611017,611020,8,1684,40,M_10276
pdnc,qID,Q1124-1,he,611059,611061,8,1684,40,M_10277
pdnc,qID,Q1124-1,you,611108,611111,0,1684,40,M_10278
pdnc,qID,Q1124-1,him,611117,611120,8,1684,40,M_10279
booknlp,COREF,94,I,611188,611189,0,1684,40,M_10280
booknlp,COREF,94,my,611195,611197,0,1684,40,M_10281
booknlp,COREF,94,I,611225,611226,0,1684,40,M_10282
booknlp,COREF,94,I,611300,611301,0,1685,40,M_10283
exp,exp_name,emma,Emma,611325,611329,0,1685,40,M_10284
booknlp,COREF,94,I,611332,611333,0,1685,40,M_10285
pdnc,qID,Q1125-1,Mr. Knightley,611395,611408,6,1685,40,M_10286
booknlp,COREF,94,I,611413,611414,0,1685,40,M_10287
pdnc,qID,Q1125-1,Mr. Elton,611444,611453,8,1685,40,M_10288
booknlp,COREF,94,I,611498,611499,0,1685,40,M_10289
pdnc,qID,Q1125-1,Mr. Knightley,611530,611543,6,1685,40,M_10290
pdnc,qID,Q1125-1,he,611576,611578,6,1685,40,M_10291
booknlp,COREF,94,I,611580,611581,0,1685,40,M_10292
pdnc,qID,Q1125-1,he,611595,611597,6,1685,40,M_10293
booknlp,COREF,94,I,611629,611630,0,1686,40,M_10294
booknlp,COREF,94,I,611644,611645,0,1686,40,M_10295
booknlp,COREF,94,I,611685,611686,0,1686,40,M_10296
pdnc,qID,Q1126-0,Mr. Elton,611706,611715,8,1686,40,M_10297
booknlp,COREF,94,I,611734,611735,0,1686,40,M_10298
booknlp,COREF,94,I,611763,611764,0,1686,40,M_10299
booknlp,COREF,94,I,611810,611811,0,1688,40,M_10300
pdnc,qID,Q1128-0,you,611838,611841,0,1688,40,M_10301
booknlp,COREF,94,I,611866,611867,0,1688,40,M_10302
booknlp,COREF,94,I,611921,611922,0,1688,40,M_10303
pdnc,qID,Q1128-0,you,611928,611931,0,1688,40,M_10304
booknlp,COREF,94,me,611939,611941,0,1688,40,M_10305
pdnc,qID,Q1129-0,My poor dear Harriet,611952,611972,2,1689,40,M_10306
pdnc,qID,Q1129-0,you,611983,611986,2,1689,40,M_10307
booknlp,COREF,94,I,612064,612065,0,1690,40,M_10308
booknlp,COREF,94,I,612076,612077,0,1690,40,M_10309
booknlp,COREF,94,I,612115,612116,0,1690,40,M_10310
booknlp,COREF,94,I,612143,612144,0,1690,40,M_10311
booknlp,COREF,94,me,612181,612183,0,1690,40,M_10312
pdnc,qID,Q1130-0,you,612185,612188,0,1690,40,M_10313
pdnc,qID,Q1130-0,he,612227,612229,8,1690,40,M_10314
booknlp,COREF,94,I,612243,612244,0,1690,40,M_10315
pdnc,qID,Q1131-0,Harriet,612315,612322,2,1691,40,M_10316
booknlp,COREF,112,I,612464,612465,2,1692,40,M_10317
exp,exp_name,harriet,Harriet,612504,612511,2,1692,40,M_10318
booknlp,COREF,112,me,612544,612546,2,1692,40,M_10319
booknlp,COREF,112,I,612548,612549,2,1692,40,M_10320
pdnc,qID,Q1132-1,Mr. Elton,612633,612642,8,1692,40,M_10321
exp,exp_name,emma,Emma,612666,612670,0,1693,40,M_10322
pdnc,qID,Q1133-1,Mr. Churchill,612702,612715,1,1693,40,M_10323
booknlp,COREF,94,She,612719,612722,0,1694,40,M_10324
booknlp,COREF,94,she,612844,612847,0,1694,40,M_10325
exp,exp_name,harriet,Harriet,612900,612907,2,1694,40,M_10326
exp,exp_name,emma,Emma,613010,613014,0,1694,40,M_10327
booknlp,COREF,94,she,613080,613083,0,1694,40,M_10328
booknlp,COREF,94,She,613108,613111,0,1694,40,M_10329
exp,exp_name,harriet,Harriet,613168,613175,2,1694,40,M_10330
booknlp,COREF,112,you,613186,613189,2,1694,40,M_10331
booknlp,COREF,94,I,613196,613197,0,1694,40,M_10332
booknlp,COREF,112,you,613211,613214,2,1694,40,M_10333
booknlp,COREF,94,she,613290,613293,0,1694,40,M_10334
exp,exp_name,harriet,Harriet,613300,613307,2,1694,40,M_10335
booknlp,COREF,112,I,613337,613338,2,1694,40,M_10336
exp,exp_name,emma,Emma,613360,613364,0,1695,40,M_10337
booknlp,COREF,112,I,613558,613559,2,1697,40,M_10338
booknlp,COREF,112,I,613624,613625,2,1698,40,M_10339
booknlp,COREF,112,I,613657,613658,2,1698,40,M_10340
pdnc,qID,Q1137-0,Mr. Elton,613691,613700,8,1698,40,M_10341
pdnc,qID,Q1138-0,Mr. Elton,613705,613714,8,1699,40,M_10342
exp,exp_name,harriet,Harriet,613730,613737,2,1699,40,M_10343
exp,exp_name,emma,Emma,613766,613770,0,1699,40,M_10344
pdnc,qID,Q1138-2,Mr. Elton,613815,613824,8,1699,40,M_10345
booknlp,COREF,94,She,613828,613831,0,1700,40,M_10346
booknlp,COREF,94,she,613882,613885,0,1700,40,M_10347
booknlp,COREF,94,she,613914,613917,0,1700,40,M_10348
exp,exp_name,harriet,Harriet,613969,613976,2,1700,40,M_10349
booknlp,COREF,94,her,613989,613992,0,1700,40,M_10350
booknlp,COREF,94,she,614010,614013,0,1700,40,M_10351
booknlp,COREF,94,she,614033,614036,0,1700,40,M_10352
exp,exp_name,harriet,Harriet,614078,614085,2,1700,40,M_10353
booknlp,COREF,94,her,614098,614101,0,1700,40,M_10354
booknlp,COREF,94,she,614237,614240,0,1700,40,M_10355
booknlp,COREF,94,her,614301,614304,0,1700,40,M_10356
booknlp,COREF,94,she,614339,614342,0,1700,40,M_10357
booknlp,COREF,94,She,614397,614400,0,1700,40,M_10358
booknlp,COREF,94,she,614435,614438,0,1700,40,M_10359
booknlp,COREF,94,her,614547,614550,0,1700,40,M_10360
pdnc,qID,Q1139-0,Harriet,614620,614627,2,1701,40,M_10361
booknlp,COREF,94,I,614629,614630,0,1701,40,M_10362
pdnc,qID,Q1139-0,your,614665,614669,2,1701,40,M_10363
pdnc,qID,Q1139-0,Your,614679,614683,2,1701,40,M_10364
pdnc,qID,Q1139-0,your,614706,614710,2,1701,40,M_10365
pdnc,qID,Q1139-0,you,614784,614787,2,1701,40,M_10366
pdnc,qID,Q1139-0,your,614823,614827,2,1701,40,M_10367
pdnc,qID,Q1139-0,you,614862,614865,2,1701,40,M_10368
pdnc,qID,Q1140-0,Miss Woodhouse,614888,614902,0,1702,40,M_10369
booknlp,COREF,94,me,614912,614914,0,1702,40,M_10370
booknlp,COREF,94,I,614915,614916,0,1702,40,M_10371
booknlp,COREF,94,I,614962,614963,0,1702,40,M_10372
booknlp,COREF,94,me,615004,615006,0,1702,40,M_10373
pdnc,qID,Q1140-0,him,615017,615020,6,1702,40,M_10374
pdnc,qID,Q1140-0,his,615052,615055,6,1702,40,M_10375
booknlp,COREF,94,me,615175,615177,0,1702,40,M_10376
booknlp,COREF,94,I,615193,615194,0,1703,40,M_10377
pdnc,qID,Q1141-0,you,615222,615225,2,1703,40,M_10378
pdnc,qID,Q1141-0,Harriet,615227,615234,2,1703,40,M_10379
pdnc,qID,Q1141-0,he,615248,615250,1,1703,40,M_10380
pdnc,qID,Q1141-0,you,615260,615263,2,1703,40,M_10381
pdnc,qID,Q1141-0,your,615283,615287,2,1703,40,M_10382
booknlp,COREF,94,I,615395,615396,0,1704,40,M_10383
booknlp,COREF,94,I,615420,615421,0,1704,40,M_10384
pdnc,qID,Q1142-0,his,615438,615441,6,1704,40,M_10385
booknlp,COREF,94,my,615458,615460,0,1704,40,M_10386
booknlp,COREF,94,I,615646,615647,0,1705,40,M_10387
booknlp,COREF,94,I,615748,615749,0,1705,40,M_10388
booknlp,COREF,94,I,615763,615764,0,1705,40,M_10389
pdnc,qID,Q1143-0,you,615779,615782,2,1705,40,M_10390
pdnc,qID,Q1143-0,Harriet,615802,615809,2,1705,40,M_10391
booknlp,COREF,94,I,615811,615812,0,1705,40,M_10392
pdnc,qID,Q1143-0,you,615878,615881,2,1705,40,M_10393
pdnc,qID,Q1143-0,you,615922,615925,2,1705,40,M_10394
pdnc,qID,Q1143-0,your,615935,615939,2,1705,40,M_10395
pdnc,qID,Q1143-0,you,615955,615958,2,1705,40,M_10396
pdnc,qID,Q1143-0,you,615998,616001,2,1705,40,M_10397
pdnc,qID,Q1143-0,you,616014,616017,2,1705,40,M_10398
pdnc,qID,Q1143-0,his,616035,616038,1,1705,40,M_10399
pdnc,qID,Q1143-0,you,616046,616049,2,1705,40,M_10400
pdnc,qID,Q1143-0,him,616067,616070,1,1705,40,M_10401
pdnc,qID,Q1143-0,his,616076,616079,1,1705,40,M_10402
pdnc,qID,Q1143-0,your,616106,616110,2,1705,40,M_10403
booknlp,COREF,94,I,616123,616124,0,1705,40,M_10404
pdnc,qID,Q1143-0,you,616130,616133,2,1705,40,M_10405
booknlp,COREF,94,I,616160,616161,0,1705,40,M_10406
pdnc,qID,Q1143-0,you,616183,616186,2,1705,40,M_10407
booknlp,COREF,94,I,616209,616210,0,1705,40,M_10408
booknlp,COREF,94,I,616264,616265,0,1705,40,M_10409
pdnc,qID,Q1143-0,He,616379,616381,1,1705,40,M_10410
pdnc,qID,Q1143-0,your,616385,616389,2,1705,40,M_10411
pdnc,qID,Q1143-0,Harriet,616488,616495,2,1705,40,M_10412
booknlp,COREF,112,yourself,616600,616608,2,1705,40,M_10413
booknlp,COREF,94,I,616610,616611,0,1705,40,M_10414
pdnc,qID,Q1143-0,you,616627,616630,2,1705,40,M_10415
pdnc,qID,Q1143-0,your,616684,616688,2,1705,40,M_10416
pdnc,qID,Q1143-0,your,616697,616701,2,1705,40,M_10417
pdnc,qID,Q1143-0,him,616715,616718,1,1705,40,M_10418
booknlp,COREF,94,I,616751,616752,0,1705,40,M_10419
exp,exp_name,harriet,Harriet,616787,616794,2,1706,40,M_10420
booknlp,COREF,112,her,616802,616805,2,1706,40,M_10421
exp,exp_name,emma,Emma,616847,616851,0,1706,40,M_10422
booknlp,COREF,94,her,616917,616920,0,1706,40,M_10423
booknlp,COREF,94,her,616971,616974,0,1706,40,M_10424
booknlp,COREF,94,her,617003,617006,0,1706,40,M_10425
exp,exp_name,jane fairfax,Jane Fairfax,617306,617318,4,1708,41,M_10426
booknlp,COREF,149,her,617332,617335,4,1708,41,M_10427
booknlp,COREF,149,she,617466,617469,4,1708,41,M_10428
booknlp,COREF,149,she,617539,617542,4,1708,41,M_10429
exp,exp_name,mrs. elton,Mrs. Elton,617563,617573,13,1708,41,M_10430
booknlp,COREF,149,her,617588,617591,4,1708,41,M_10431
booknlp,COREF,149,herself,617610,617617,4,1708,41,M_10432
booknlp,COREF,149,her,617673,617676,4,1708,41,M_10433
exp,exp_name,mr. knightley,Mr. Knightley,617684,617697,6,1709,41,M_10434
exp,exp_name,frank churchill,Frank Churchill,617783,617798,1,1709,41,M_10435
exp,exp_name,emma,Emma,617903,617907,0,1709,41,M_10436
exp,exp_name,emma,Emma,617914,617918,0,1709,41,M_10437
exp,exp_name,emma,Emma,618187,618191,0,1709,41,M_10438
exp,exp_name,emma,Emma,618197,618201,0,1709,41,M_10439
booknlp,COREF,94,herself,618202,618209,0,1709,41,M_10440
exp,exp_name,harriet,Harriet,618229,618236,2,1709,41,M_10441
exp,exp_name,mr. knightley,Mr. Knightley,618238,618251,6,1709,41,M_10442
exp,exp_name,jane fairfax,Jane Fairfax,618308,618320,4,1709,41,M_10443
exp,exp_name,emma,Emma,618597,618601,0,1709,41,M_10444
booknlp,COREF,94,She,618628,618631,0,1709,41,M_10445
exp,exp_name,jane,Jane,618725,618729,4,1709,41,M_10446
exp,exp_name,miss fairfax,Miss Fairfax,618799,618811,4,1709,41,M_10447
exp,exp_name,miss woodhouse,Miss Woodhouse,618840,618854,0,1709,41,M_10448
exp,exp_name,frank churchill,Frank Churchill,619214,619229,1,1711,41,M_10449
exp,exp_name,jane,Jane,619234,619238,4,1711,41,M_10450
exp,exp_name,emma,Emma,619337,619341,0,1712,41,M_10451
exp,exp_name,harriet,Harriet,619346,619353,2,1712,41,M_10452
exp,exp_name,mrs. weston,Mrs. Weston,619552,619563,15,1712,41,M_10453
exp,exp_name,miss bates,Miss Bates,619579,619589,7,1712,41,M_10454
exp,exp_name,emma,Emma,619682,619686,0,1712,41,M_10455
booknlp,COREF,94,her,619758,619761,0,1712,41,M_10456
exp,exp_name,miss bates,Miss Bates,619901,619911,7,1712,41,M_10457
exp,exp_name,miss woodhouse,Miss Woodhouse,619986,620000,0,1712,41,M_10458
exp,exp_name,frank churchill,Frank Churchill,620157,620172,1,1714,41,M_10459
exp,exp_name,mrs. weston,Mrs. Weston,620176,620187,15,1714,41,M_10460
exp,exp_name,mrs. weston,Mrs. Weston,620262,620273,15,1715,41,M_10461
booknlp,COREF,103,I,620358,620359,1,1716,41,M_10462
pdnc,qID,Q1146-0,you,620372,620375,15,1716,41,M_10463
pdnc,qID,Q1146-0,You,620377,620380,15,1716,41,M_10464
booknlp,COREF,103,me,620387,620389,1,1716,41,M_10465
pdnc,qID,Q1148-0,you,620448,620451,15,1718,41,M_10466
booknlp,COREF,103,I,620457,620458,1,1718,41,M_10467
pdnc,qID,Q1148-0,You,620482,620485,15,1718,41,M_10468
pdnc,qID,Q1148-0,You,620710,620713,15,1718,41,M_10469
booknlp,COREF,103,me,620822,620824,1,1720,41,M_10470
booknlp,COREF,103,I,620849,620850,1,1720,41,M_10471
booknlp,COREF,103,I,620876,620877,1,1720,41,M_10472
pdnc,qID,Q1150-0,Miss Smith,620904,620914,2,1720,41,M_10473
pdnc,qID,Q1150-0,you,620916,620919,2,1720,41,M_10474
pdnc,qID,Q1150-0,you,620931,620934,2,1720,41,M_10475
pdnc,qID,Q1150-0,You,620947,620950,2,1720,41,M_10476
booknlp,COREF,112,yourself,620977,620985,2,1720,41,M_10477
exp,exp_name,mr. weston,Mr. Weston,621034,621044,9,1721,41,M_10478
pdnc,qID,Q1151-1,Frank,621114,621119,1,1721,41,M_10479
booknlp,COREF,86,I,621121,621122,9,1721,41,M_10480
pdnc,qID,Q1151-1,You,621149,621152,1,1721,41,M_10481
pdnc,qID,Q1151-1,you,621178,621181,1,1721,41,M_10482
pdnc,qID,Q1152-0,sir,621190,621193,9,1722,41,M_10483
booknlp,COREF,86,his,621204,621207,9,1722,41,M_10484
pdnc,qID,Q1152-1,Mrs. Weston,621297,621308,15,1722,41,M_10485
pdnc,qID,Q1152-1,her,621341,621344,15,1722,41,M_10486
pdnc,qID,Q1152-1,she,621417,621420,15,1722,41,M_10487
pdnc,qID,Q1152-1,she,621430,621433,15,1722,41,M_10488
pdnc,qID,Q1153-1,you,621726,621729,1,1723,41,M_10489
pdnc,qID,Q1153-1,you,621818,621821,1,1723,41,M_10490
pdnc,qID,Q1153-1,Frank,622154,622159,1,1723,41,M_10491
pdnc,qID,Q1153-1,your,622161,622165,1,1723,41,M_10492
pdnc,qID,Q1153-1,your,622208,622212,1,1723,41,M_10493
pdnc,qID,Q1153-1,you,622227,622230,1,1723,41,M_10494
pdnc,qID,Q1153-1,Emma,622243,622247,0,1723,41,M_10495
pdnc,qID,Q1153-1,you,622249,622252,0,1723,41,M_10496
exp,exp_name,emma,Emma,622285,622289,0,1724,41,M_10497
booknlp,COREF,94,She,622310,622313,0,1724,41,M_10498
booknlp,COREF,94,her,622336,622339,0,1724,41,M_10499
booknlp,COREF,94,her,622358,622361,0,1724,41,M_10500
exp,exp_name,mr. weston,Mr. Weston,622419,622429,9,1724,41,M_10501
exp,exp_name,miss bates,Miss Bates,622470,622480,7,1725,41,M_10502
pdnc,qID,Q1154-1,Mr. Frank Churchill,622603,622622,1,1725,41,M_10503
pdnc,qID,Q1154-1,he,622661,622663,1,1725,41,M_10504
pdnc,qID,Q1154-1,my mother,622873,622882,11,1725,41,M_10505
pdnc,qID,Q1154-1,the Coles,622888,622897,12,1725,41,M_10506
booknlp,COREF,103,he,623051,623053,1,1725,41,M_10507
pdnc,qID,Q1154-1,my mother,623090,623099,11,1725,41,M_10508
pdnc,qID,Q1154-1,Jane,623168,623172,4,1725,41,M_10509
pdnc,qID,Q1154-1,you,623180,623183,4,1725,41,M_10510
pdnc,qID,Q1154-1,grandmama,623193,623202,11,1725,41,M_10511
pdnc,qID,Q1154-1,my mother,623380,623389,11,1725,41,M_10512
pdnc,qID,Q1154-1,her,623452,623455,11,1725,41,M_10513
pdnc,qID,Q1154-1,Jane,623899,623903,4,1725,41,M_10514
pdnc,qID,Q1154-1,she,623942,623945,4,1725,41,M_10515
pdnc,qID,Q1154-1,she,624001,624004,4,1725,41,M_10516
exp,exp_name,mr. knightley,Mr. Knightley,624125,624138,6,1726,41,M_10517
exp,exp_name,miss bates,Miss Bates,624159,624169,7,1726,41,M_10518
exp,exp_name,jane,Jane,624187,624191,4,1726,41,M_10519
exp,exp_name,frank churchill,Frank Churchill,624198,624213,1,1726,41,M_10520
booknlp,COREF,103,he,624228,624230,1,1726,41,M_10521
booknlp,COREF,103,he,624239,624241,1,1726,41,M_10522
booknlp,COREF,103,he,624284,624286,1,1726,41,M_10523
booknlp,COREF,149,hers,624315,624319,4,1726,41,M_10524
booknlp,COREF,149,she,624325,624328,4,1726,41,M_10525
booknlp,COREF,149,her,624366,624369,4,1726,41,M_10526
exp,exp_name,mr. weston,Mr. Weston,624377,624387,9,1726,41,M_10527
booknlp,COREF,149,her,624453,624456,4,1726,41,M_10528
exp,exp_name,mr. knightley,Mr. Knightley,624463,624476,6,1726,41,M_10529
exp,exp_name,frank churchill,Frank Churchill,624490,624505,1,1726,41,M_10530
booknlp,COREF,149,her,624536,624539,4,1726,41,M_10531
booknlp,COREF,103,he,624545,624547,1,1726,41,M_10532
booknlp,COREF,149,her,624564,624567,4,1726,41,M_10533
exp,exp_name,jane,Jane,624611,624615,4,1726,41,M_10534
exp,exp_name,mr. knightley,Mr. Knightley,624762,624775,6,1727,41,M_10535
exp,exp_name,emma,Emma,624853,624857,0,1727,41,M_10536
exp,exp_name,emma,Emma,624906,624910,0,1727,41,M_10537
booknlp,COREF,94,her,624960,624963,0,1727,41,M_10538
pdnc,qID,Q1155-0,Miss Woodhouse,625146,625160,0,1728,41,M_10539
exp,exp_name,frank churchill,Frank Churchill,625168,625183,1,1728,41,M_10540
booknlp,COREF,103,him,625216,625219,1,1728,41,M_10541
booknlp,COREF,103,he,625227,625229,1,1728,41,M_10542
booknlp,COREF,103,he,625245,625247,1,1728,41,M_10543
pdnc,qID,Q1155-1,your,625259,625263,0,1728,41,M_10544
booknlp,COREF,103,I,625508,625509,1,1728,41,M_10545
pdnc,qID,Q1155-1,you,625525,625528,0,1728,41,M_10546
exp,exp_name,emma,Emma,625538,625542,0,1729,41,M_10547
exp,exp_name,mr. woodhouse,Mr. Woodhouse,625868,625881,10,1729,41,M_10548
exp,exp_name,mr. weston,Mr. Weston,625946,625956,9,1729,41,M_10549
booknlp,COREF,103,he,626134,626136,1,1729,41,M_10550
booknlp,COREF,103,him,626167,626170,1,1729,41,M_10551
exp,exp_name,emma,Emma,626188,626192,0,1729,41,M_10552
exp,exp_name,frank churchill,Frank Churchill,626210,626225,1,1730,41,M_10553
exp,exp_name,miss fairfax,Miss Fairfax,626247,626259,4,1730,41,M_10554
booknlp,COREF,149,She,626261,626264,4,1730,41,M_10555
booknlp,COREF,149,herself,626315,626322,4,1730,41,M_10556
exp,exp_name,frank,Frank,626330,626335,1,1730,41,M_10557
exp,exp_name,emma,Emma,626348,626352,0,1730,41,M_10558
exp,exp_name,jane,Jane,626354,626358,4,1730,41,M_10559
exp,exp_name,mr. knightley,Mr. Knightley,626381,626394,6,1730,41,M_10560
booknlp,COREF,149,she,626646,626649,4,1730,41,M_10561
exp,exp_name,harriet,Harriet,626740,626747,2,1730,41,M_10562
booknlp,COREF,112,She,626840,626843,2,1730,41,M_10563
exp,exp_name,mr. knightley,Mr. Knightley,626859,626872,6,1730,41,M_10564
exp,exp_name,harriet,Harriet,626933,626940,2,1730,41,M_10565
exp,exp_name,jane,Jane,626988,626992,4,1730,41,M_10566
exp,exp_name,mr. knightley,Mr. Knightley,627051,627064,6,1730,41,M_10567
exp,exp_name,frank churchill,Frank Churchill,627469,627484,1,1730,41,M_10568
booknlp,COREF,103,him,627544,627547,1,1731,41,M_10569
exp,exp_name,emma,Emma,627657,627661,0,1731,41,M_10570
booknlp,COREF,94,her,627676,627679,0,1731,41,M_10571
exp,exp_name,emma,Emma,627720,627724,0,1731,41,M_10572
booknlp,COREF,94,she,627811,627814,0,1731,41,M_10573
booknlp,COREF,94,she,627858,627861,0,1731,41,M_10574
exp,exp_name,frank churchill,Frank Churchill,627900,627915,1,1731,41,M_10575
exp,exp_name,jane,Jane,627948,627952,4,1731,41,M_10576
booknlp,COREF,94,I,627955,627956,0,1731,41,M_10577
pdnc,qID,Q1157-0,her,627973,627976,4,1731,41,M_10578
exp,exp_name,emma,Emma,628010,628014,0,1731,41,M_10579
pdnc,qID,Q1158-0,you,628064,628067,1,1731,41,M_10580
pdnc,qID,Q1158-0,you,628078,628081,1,1731,41,M_10581
exp,exp_name,miss fairfax,Miss Fairfax,628264,628276,4,1732,41,M_10582
booknlp,COREF,149,her,628336,628339,4,1732,41,M_10583
exp,exp_name,mr. knightley,Mr. Knightley,628353,628366,6,1732,41,M_10584
exp,exp_name,jane fairfax,Jane Fairfax,628543,628555,4,1732,41,M_10585
booknlp,COREF,149,her,628594,628597,4,1732,41,M_10586
booknlp,COREF,149,She,628722,628725,4,1732,41,M_10587
booknlp,COREF,149,herself,628774,628781,4,1732,41,M_10588
booknlp,COREF,149,her,628838,628841,4,1732,41,M_10589
booknlp,COREF,149,I,628861,628862,4,1732,41,M_10590
booknlp,COREF,149,Her,629034,629037,4,1732,41,M_10591
booknlp,COREF,149,her,629110,629113,4,1732,41,M_10592
pdnc,qID,Q1160-0,my dear,629138,629145,4,1733,41,M_10593
exp,exp_name,jane,Jane,629173,629177,4,1733,41,M_10594
pdnc,qID,Q1160-1,grandmama,629311,629320,11,1733,41,M_10595
pdnc,qID,Q1160-1,My dear sir,629345,629356,10,1733,41,M_10596
pdnc,qID,Q1160-1,you,629358,629361,10,1733,41,M_10597
pdnc,qID,Q1160-1,you,629400,629403,10,1733,41,M_10598
exp,exp_name,jane,Jane,629418,629422,4,1734,41,M_10599
booknlp,COREF,149,her,629453,629456,4,1734,41,M_10600
booknlp,COREF,149,her,629469,629472,4,1734,41,M_10601
booknlp,COREF,149,She,629496,629499,4,1734,41,M_10602
booknlp,COREF,149,she,629586,629589,4,1734,41,M_10603
exp,exp_name,mr. knightley,Mr. Knightley,629614,629627,6,1734,41,M_10604
booknlp,COREF,149,her,629698,629701,4,1734,41,M_10605
booknlp,COREF,149,her,629732,629735,4,1734,41,M_10606
booknlp,COREF,149,She,629748,629751,4,1734,41,M_10607
booknlp,COREF,149,her,629779,629782,4,1734,41,M_10608
exp,exp_name,frank churchill,Frank Churchill,629790,629805,1,1734,41,M_10609
exp,exp_name,mr. knightley,Mr. Knightley,629897,629910,6,1734,41,M_10610
exp,exp_name,emma,Emma,630146,630150,0,1735,41,M_10611
booknlp,COREF,94,her,630166,630169,0,1735,41,M_10612
booknlp,COREF,94,her,630202,630205,0,1735,41,M_10613
booknlp,COREF,94,her,630264,630267,0,1735,41,M_10614
pdnc,qID,Q1161-0,Emma,630294,630298,0,1736,41,M_10615
pdnc,qID,Q1161-1,you,630399,630402,0,1736,41,M_10616
pdnc,qID,Q1161-1,Miss Fairfax,630407,630419,4,1736,41,M_10617
exp,exp_name,emma,Emma,630549,630553,0,1737,41,M_10618
booknlp,COREF,94,She,630578,630581,0,1737,41,M_10619
booknlp,COREF,94,her,630644,630647,0,1737,41,M_10620
booknlp,COREF,94,she,630685,630688,0,1737,41,M_10621
booknlp,COREF,94,she,630745,630748,0,1738,41,M_10622
pdnc,qID,Q1163-1,you,630887,630890,0,1739,41,M_10623
pdnc,qID,Q1163-1,Mr. Churchill,630895,630908,1,1739,41,M_10624
booknlp,COREF,94,she,630925,630928,0,1740,41,M_10625
booknlp,COREF,94,she,630952,630955,0,1740,41,M_10626
booknlp,COREF,94,She,630965,630968,0,1740,41,M_10627
booknlp,COREF,94,herself,630987,630994,0,1740,41,M_10628
exp,exp_name,emma,Emma,631130,631134,0,1740,41,M_10629
booknlp,COREF,94,her,631197,631200,0,1740,41,M_10630
booknlp,COREF,94,her,631254,631257,0,1740,41,M_10631
booknlp,COREF,94,her,631342,631345,0,1740,41,M_10632
pdnc,qID,Q1164-0,My dear Emma,631437,631449,0,1741,41,M_10633
pdnc,qID,Q1164-1,you,631496,631499,0,1741,41,M_10634
pdnc,qID,Q1164-1,you,631506,631509,0,1741,41,M_10635
pdnc,qID,Q1164-1,the gentleman,631566,631579,1,1741,41,M_10636
pdnc,qID,Q1165-0,Mr. Frank Churchill,631626,631645,1,1742,41,M_10637
pdnc,qID,Q1165-0,Miss Fairfax,631650,631662,4,1742,41,M_10638
pdnc,qID,Q1165-0,you,631692,631695,6,1742,41,M_10639
pdnc,qID,Q1166-0,you,631724,631727,0,1743,41,M_10640
pdnc,qID,Q1166-0,he,631771,631773,1,1743,41,M_10641
pdnc,qID,Q1166-0,her,631782,631785,4,1743,41,M_10642
pdnc,qID,Q1166-0,she,631795,631798,4,1743,41,M_10643
pdnc,qID,Q1166-0,him,631807,631810,1,1743,41,M_10644
booknlp,COREF,94,she,631830,631833,0,1744,41,M_10645
booknlp,COREF,94,me,631938,631940,0,1744,41,M_10646
pdnc,qID,Q1167-1,your,631978,631982,6,1744,41,M_10647
pdnc,qID,Q1168-0,them,632057,632061,4,1745,41,M_10648
pdnc,qID,Q1169-0,you,632140,632143,6,1746,41,M_10649
booknlp,COREF,94,me,632150,632152,0,1746,41,M_10650
booknlp,COREF,94,I,632166,632167,0,1746,41,M_10651
pdnc,qID,Q1169-0,you,632194,632197,6,1746,41,M_10652
pdnc,qID,Q1169-0,your,632219,632223,6,1746,41,M_10653
pdnc,qID,Q1169-0,you,632284,632287,6,1746,41,M_10654
pdnc,qID,Q1169-0,your,632291,632295,6,1746,41,M_10655
booknlp,COREF,94,I,632373,632374,0,1746,41,M_10656
pdnc,qID,Q1169-0,you,632385,632388,6,1746,41,M_10657
pdnc,qID,Q1169-0,you,632428,632431,6,1746,41,M_10658
booknlp,COREF,94,I,632797,632798,0,1746,41,M_10659
pdnc,qID,Q1169-0,her,632824,632827,4,1746,41,M_10660
booknlp,COREF,94,I,632838,632839,0,1746,41,M_10661
pdnc,qID,Q1169-0,his,632873,632876,1,1746,41,M_10662
booknlp,COREF,94,I,632878,632879,0,1746,41,M_10663
pdnc,qID,Q1169-0,the gentleman,632896,632909,1,1746,41,M_10664
exp,exp_name,mr. knightley,Mr. Knightley,633009,633022,6,1747,41,M_10665
exp,exp_name,mr. woodhouse,Mr. Woodhouse,633434,633447,10,1747,41,M_10666
exp,exp_name,churchill,Churchill,634097,634106,1,1749,42,M_10667
exp,exp_name,mrs. weston,Mrs. Weston,634189,634200,15,1749,42,M_10668
exp,exp_name,mrs. elton,Mrs. Elton,634360,634370,13,1750,42,M_10669
exp,exp_name,emma,Emma,634943,634947,0,1750,42,M_10670
booknlp,COREF,94,she,634976,634979,0,1750,42,M_10671
booknlp,COREF,94,she,635042,635045,0,1750,42,M_10672
exp,exp_name,mr. weston,Mr. Weston,635050,635060,9,1750,42,M_10673
exp,exp_name,emma,Emma,635438,635442,0,1751,42,M_10674
exp,exp_name,mr. weston,Mr. Weston,635519,635529,9,1751,42,M_10675
booknlp,COREF,86,he,635535,635537,9,1751,42,M_10676
exp,exp_name,mrs. elton,Mrs. Elton,635560,635570,13,1751,42,M_10677
booknlp,COREF,94,her,635575,635578,0,1751,42,M_10678
booknlp,COREF,94,her,635609,635612,0,1751,42,M_10679
exp,exp_name,mrs. elton,Mrs. Elton,635678,635688,13,1751,42,M_10680
exp,exp_name,mrs. elton,Mrs. Elton,635827,635837,13,1751,42,M_10681
exp,exp_name,mr. weston,Mr. Weston,635848,635858,9,1751,42,M_10682
booknlp,COREF,86,him,635976,635979,9,1751,42,M_10683
booknlp,COREF,86,his,636011,636014,9,1751,42,M_10684
exp,exp_name,mrs. elton,Mrs. Elton,636233,636243,13,1751,42,M_10685
exp,exp_name,mr. weston,Mr. Weston,636421,636431,9,1751,42,M_10686
booknlp,COREF,86,I,636444,636445,9,1752,42,M_10687
pdnc,qID,Q1170-0,you,636454,636457,0,1752,42,M_10688
booknlp,COREF,86,I,636474,636475,9,1752,42,M_10689
booknlp,COREF,86,he,636493,636495,9,1752,42,M_10690
booknlp,COREF,86,I,636519,636520,9,1752,42,M_10691
pdnc,qID,Q1170-1,you,636529,636532,0,1752,42,M_10692
pdnc,qID,Q1170-1,she,636671,636674,13,1752,42,M_10693
pdnc,qID,Q1170-1,her,636730,636733,13,1752,42,M_10694
exp,exp_name,emma,Emma,636741,636745,0,1753,42,M_10695
exp,exp_name,mrs. elton,Mrs. Elton,636866,636876,13,1754,42,M_10696
exp,exp_name,mr. weston,Mr. Weston,636932,636942,9,1754,42,M_10697
exp,exp_name,mrs. elton,Mrs. Elton,637202,637212,13,1754,42,M_10698
pdnc,qID,Q1171-0,Knightley,637290,637299,6,1755,42,M_10699
pdnc,qID,Q1171-1,you,637511,637514,6,1755,42,M_10700
exp,exp_name,weston,Weston,637581,637587,9,1755,42,M_10701
pdnc,qID,Q1172-0,You,637592,637595,13,1756,42,M_10702
exp,exp_name,mr. knightley,Mr. Knightley,637636,637649,6,1756,42,M_10703
exp,exp_name,mr. knightley,Mr. Knightley,637745,637758,6,1757,42,M_10704
pdnc,qID,Q1174-0,You,638341,638344,6,1758,42,M_10705
pdnc,qID,Q1174-1,your,638405,638409,6,1758,42,M_10706
pdnc,qID,Q1174-1,You,638432,638435,6,1758,42,M_10707
pdnc,qID,Q1174-1,Jane Fairfax,638459,638471,4,1758,42,M_10708
pdnc,qID,Q1175-1,you,638568,638571,13,1759,42,M_10709
pdnc,qID,Q1176-0,you,638654,638657,6,1760,42,M_10710
pdnc,qID,Q1177-0,you,638720,638723,13,1761,42,M_10711
pdnc,qID,Q1177-0,Elton,638735,638740,8,1761,42,M_10712
pdnc,qID,Q1177-1,you,638776,638779,13,1761,42,M_10713
pdnc,qID,Q1178-0,you,638822,638825,6,1762,42,M_10714
pdnc,qID,Q1178-0,you,638862,638865,6,1762,42,M_10715
pdnc,qID,Q1178-0,you,638967,638970,6,1762,42,M_10716
pdnc,qID,Q1178-0,your,639053,639057,6,1762,42,M_10717
pdnc,qID,Q1180-0,Mrs. Weston,639231,639242,15,1764,42,M_10718
exp,exp_name,mrs. elton,Mrs. Elton,639268,639278,13,1764,42,M_10719
exp,exp_name,knightley,Knightley,639309,639318,6,1765,42,M_10720
pdnc,qID,Q1182-0,you,639389,639392,6,1766,42,M_10721
pdnc,qID,Q1182-1,You,639475,639478,6,1766,42,M_10722
pdnc,qID,Q1182-1,you,639513,639516,6,1766,42,M_10723
pdnc,qID,Q1182-1,Jane,639562,639566,4,1766,42,M_10724
pdnc,qID,Q1182-1,Jane,639576,639580,4,1766,42,M_10725
pdnc,qID,Q1182-1,her aunt,639585,639593,7,1766,42,M_10726
pdnc,qID,Q1182-1,you,639616,639619,6,1766,42,M_10727
pdnc,qID,Q1182-1,you,639704,639707,6,1766,42,M_10728
pdnc,qID,Q1183-0,You,639733,639736,13,1767,42,M_10729
pdnc,qID,Q1183-0,Miss Bates,639800,639810,7,1767,42,M_10730
pdnc,qID,Q1184-0,Jane,639862,639866,4,1768,42,M_10731
pdnc,qID,Q1184-0,you,639886,639889,6,1768,42,M_10732
pdnc,qID,Q1184-0,you,639926,639929,6,1768,42,M_10733
pdnc,qID,Q1184-0,Knightley,639936,639945,6,1768,42,M_10734
pdnc,qID,Q1184-0,you,640126,640129,6,1768,42,M_10735
pdnc,qID,Q1184-0,Jane,640139,640143,4,1768,42,M_10736
pdnc,qID,Q1184-0,your,640246,640250,6,1768,42,M_10737
pdnc,qID,Q1184-0,you,640339,640342,6,1768,42,M_10738
pdnc,qID,Q1184-0,you,640423,640426,6,1768,42,M_10739
pdnc,qID,Q1184-0,your,640492,640496,6,1768,42,M_10740
pdnc,qID,Q1185-0,you,640751,640754,13,1769,42,M_10741
pdnc,qID,Q1186-0,you,640854,640857,6,1770,42,M_10742
pdnc,qID,Q1186-0,you,640957,640960,6,1770,42,M_10743
pdnc,qID,Q1186-0,Knightley,640997,641006,6,1770,42,M_10744
pdnc,qID,Q1186-0,you,641011,641014,6,1770,42,M_10745
pdnc,qID,Q1187-0,you,641117,641120,13,1771,42,M_10746
pdnc,qID,Q1190-0,Jane,641387,641391,4,1774,42,M_10747
pdnc,qID,Q1190-0,Miss Bates,641393,641403,7,1774,42,M_10748
pdnc,qID,Q1190-0,my caro sposo,641417,641430,8,1774,42,M_10749
pdnc,qID,Q1190-0,him,641465,641468,8,1774,42,M_10750
pdnc,qID,Q1190-0,you,641680,641683,6,1774,42,M_10751
pdnc,qID,Q1191-0,You,641747,641750,13,1775,42,M_10752
pdnc,qID,Q1191-0,you,641891,641894,13,1775,42,M_10753
pdnc,qID,Q1191-0,You,641906,641909,13,1775,42,M_10754
pdnc,qID,Q1191-0,Mrs. Cole,641921,641930,12,1775,42,M_10755
pdnc,qID,Q1191-0,your,641976,641980,13,1775,42,M_10756
pdnc,qID,Q1192-0,you,642018,642021,6,1776,42,M_10757
pdnc,qID,Q1192-0,you,642041,642044,6,1776,42,M_10758
pdnc,qID,Q1192-0,you,642124,642127,6,1776,42,M_10759
pdnc,qID,Q1192-0,Mr. E.,642162,642168,8,1776,42,M_10760
pdnc,qID,Q1192-0,you,642170,642173,6,1776,42,M_10761
pdnc,qID,Q1192-0,Knightley,642218,642227,6,1776,42,M_10762
pdnc,qID,Q1192-0,your,642252,642256,6,1776,42,M_10763
pdnc,qID,Q1192-0,You,642302,642305,6,1776,42,M_10764
exp,exp_name,mr. knightley,Mr. Knightley,642351,642364,6,1777,42,M_10765
exp,exp_name,mr. woodhouse,Mr. Woodhouse,642441,642454,10,1777,42,M_10766
exp,exp_name,emma,Emma,642467,642471,0,1777,42,M_10767
exp,exp_name,mr. woodhouse,Mr. Woodhouse,642593,642606,10,1777,42,M_10768
booknlp,COREF,85,his,642721,642724,10,1777,42,M_10769
booknlp,COREF,85,He,642734,642736,10,1778,42,M_10770
booknlp,COREF,85,him,642799,642802,10,1778,42,M_10771
booknlp,COREF,85,his,642807,642810,10,1778,42,M_10772
booknlp,COREF,85,He,642827,642829,10,1778,42,M_10773
booknlp,COREF,85,He,642843,642845,10,1778,42,M_10774
booknlp,COREF,85,he,642910,642912,10,1778,42,M_10775
exp,exp_name,emma,Emma,642918,642922,0,1778,42,M_10776
exp,exp_name,harriet,Harriet,642928,642935,2,1778,42,M_10777
booknlp,COREF,85,he,642961,642963,10,1778,42,M_10778
exp,exp_name,mrs. weston,Mrs. Weston,642985,642996,15,1778,42,M_10779
booknlp,COREF,85,He,643045,643047,10,1778,42,M_10780
booknlp,COREF,85,He,643114,643116,10,1778,42,M_10781
exp,exp_name,mrs. elton,Mrs. Elton,643210,643220,13,1778,42,M_10782
booknlp,COREF,85,his,643239,643242,10,1778,42,M_10783
exp,exp_name,emma,Emma,643306,643310,0,1778,42,M_10784
exp,exp_name,harriet,Harriet,643318,643325,2,1778,42,M_10785
booknlp,COREF,85,He,643364,643366,10,1778,42,M_10786
exp,exp_name,mr. knightley,Mr. Knightley,643396,643409,6,1778,42,M_10787
exp,exp_name,mr. knightley,Mr. Knightley,643515,643528,6,1779,42,M_10788
exp,exp_name,mrs. elton,Mrs. Elton,643658,643668,13,1779,42,M_10789
exp,exp_name,emma,Emma,643745,643749,0,1779,42,M_10790
exp,exp_name,harriet,Harriet,643754,643761,2,1779,42,M_10791
exp,exp_name,mr. weston,Mr. Weston,643820,643830,9,1779,42,M_10792
exp,exp_name,frank,Frank,643857,643862,1,1779,42,M_10793
exp,exp_name,mr. knightley,Mr. Knightley,643971,643984,6,1779,42,M_10794
booknlp,COREF,103,him,644039,644042,1,1779,42,M_10795
exp,exp_name,mr. weston,Mr. Weston,644048,644058,9,1779,42,M_10796
booknlp,COREF,103,him,644128,644131,1,1779,42,M_10797
exp,exp_name,mr. woodhouse,Mr. Woodhouse,644417,644430,10,1781,42,M_10798
booknlp,COREF,85,his,644454,644457,10,1781,42,M_10799
booknlp,COREF,85,him,644605,644608,10,1781,42,M_10800
booknlp,COREF,85,he,644636,644638,10,1781,42,M_10801
booknlp,COREF,85,his,644668,644671,10,1781,42,M_10802
exp,exp_name,mrs. weston,Mrs. Weston,644806,644817,15,1781,42,M_10803
booknlp,COREF,103,him,644901,644904,1,1781,42,M_10804
booknlp,COREF,103,his,644967,644970,1,1781,42,M_10805
exp,exp_name,emma,Emma,645027,645031,0,1782,42,M_10806
booknlp,COREF,94,she,645071,645074,0,1782,42,M_10807
booknlp,COREF,94,her,645092,645095,0,1782,42,M_10808
booknlp,COREF,94,she,645114,645117,0,1782,42,M_10809
booknlp,COREF,94,her,645157,645160,0,1782,42,M_10810
booknlp,COREF,94,her,645191,645194,0,1782,42,M_10811
booknlp,COREF,94,her,645321,645324,0,1782,42,M_10812
booknlp,COREF,94,her,645333,645336,0,1782,42,M_10813
booknlp,COREF,94,She,645346,645349,0,1783,42,M_10814
booknlp,COREF,94,her,645398,645401,0,1783,42,M_10815
booknlp,COREF,94,she,645475,645478,0,1783,42,M_10816
exp,exp_name,emma,Emma,646087,646091,0,1783,42,M_10817
exp,exp_name,john knightley,John Knightley,646241,646255,5,1783,42,M_10818
exp,exp_name,isabella,Isabella,646265,646273,3,1783,42,M_10819
booknlp,COREF,87,herself,646288,646295,3,1783,42,M_10820
booknlp,COREF,87,She,646313,646316,3,1783,42,M_10821
booknlp,COREF,87,she,646428,646431,3,1783,42,M_10822
exp,exp_name,frank churchill,Frank Churchill,646592,646607,1,1783,42,M_10823
exp,exp_name,mrs. elton,Mrs. Elton,646658,646668,13,1783,42,M_10824
exp,exp_name,mrs. weston,Mrs. Weston,647794,647805,15,1784,42,M_10825
exp,exp_name,emma,Emma,648002,648006,0,1785,42,M_10826
exp,exp_name,mrs. elton,Mrs. Elton,648036,648046,13,1785,42,M_10827
exp,exp_name,jane fairfax,Jane Fairfax,648051,648063,4,1785,42,M_10828
exp,exp_name,mrs. elton,Mrs. Elton,648140,648150,13,1785,42,M_10829
exp,exp_name,mrs. elton,Mrs. Elton,648517,648527,13,1785,42,M_10830
exp,exp_name,miss fairfax,Miss Fairfax,648696,648708,4,1785,42,M_10831
exp,exp_name,mrs. elton,Mrs. Elton,648859,648869,13,1785,42,M_10832
exp,exp_name,jane,Jane,648951,648955,4,1785,42,M_10833
exp,exp_name,emma,Emma,648997,649001,0,1785,42,M_10834
exp,exp_name,mr. knightley,Mr. Knightley,649158,649171,6,1785,42,M_10835
exp,exp_name,emma,Emma,650571,650575,0,1788,42,M_10836
exp,exp_name,mr. weston,Mr. Weston,650580,650590,9,1788,42,M_10837
booknlp,COREF,94,she,650645,650648,0,1788,42,M_10838
exp,exp_name,mr. knightley,Mr. Knightley,650671,650684,6,1788,42,M_10839
exp,exp_name,harriet,Harriet,650689,650696,2,1788,42,M_10840
exp,exp_name,mr. knightley,Mr. Knightley,650746,650759,6,1788,42,M_10841
exp,exp_name,harriet,Harriet,650764,650771,2,1788,42,M_10842
booknlp,COREF,94,she,650805,650808,0,1788,42,M_10843
booknlp,COREF,112,her,650879,650882,2,1788,42,M_10844
booknlp,COREF,112,her,650915,650918,2,1788,42,M_10845
exp,exp_name,emma,Emma,651015,651019,0,1788,42,M_10846
exp,exp_name,harriet,Harriet,651049,651056,2,1788,42,M_10847
booknlp,COREF,94,she,651114,651117,0,1788,42,M_10848
exp,exp_name,harriet,Harriet,651410,651417,2,1788,42,M_10849
exp,exp_name,emma,Emma,651467,651471,0,1788,42,M_10850
booknlp,COREF,94,my,651521,651523,0,1788,42,M_10851
booknlp,COREF,94,I,651538,651539,0,1788,42,M_10852
exp,exp_name,harriet,Harriet,651731,651738,2,1788,42,M_10853
exp,exp_name,emma,Emma,651824,651828,0,1788,42,M_10854
exp,exp_name,frank churchill,Frank Churchill,651981,651996,1,1789,42,M_10855
exp,exp_name,mrs. weston,Mrs. Weston,652011,652022,15,1789,42,M_10856
booknlp,COREF,103,His,652051,652054,1,1789,42,M_10857
booknlp,COREF,103,His,652269,652272,1,1789,42,M_10858
exp,exp_name,churchill,Churchill,652354,652363,1,1789,42,M_10859
exp,exp_name,mrs. weston,Mrs. Weston,652522,652533,15,1789,42,M_10860
exp,exp_name,churchill,Churchill,652618,652627,1,1789,42,M_10861
exp,exp_name,emma,Emma,652659,652663,0,1789,42,M_10862
exp,exp_name,harriet,Harriet,652674,652681,2,1789,42,M_10863
booknlp,COREF,112,she,652723,652726,2,1789,42,M_10864
exp,exp_name,mr. woodhouse,Mr. Woodhouse,653051,653064,10,1790,42,M_10865
booknlp,COREF,85,his,653088,653091,10,1790,42,M_10866
booknlp,COREF,85,him,653193,653196,10,1790,42,M_10867
booknlp,COREF,85,his,653219,653222,10,1790,42,M_10868
booknlp,COREF,85,him,653256,653259,10,1790,42,M_10869
exp,exp_name,mrs. weston,Mrs. Weston,653266,653277,15,1790,42,M_10870
exp,exp_name,mr. knightley,Mr. Knightley,653380,653393,6,1791,42,M_10871
exp,exp_name,mr. woodhouse,Mr. Woodhouse,653424,653437,10,1791,42,M_10872
booknlp,COREF,85,his,653560,653563,10,1791,42,M_10873
booknlp,COREF,85,his,653596,653599,10,1791,42,M_10874
exp,exp_name,mr. woodhouse,Mr. Woodhouse,653680,653693,10,1791,42,M_10875
exp,exp_name,mrs. weston,Mrs. Weston,653728,653739,15,1791,42,M_10876
booknlp,COREF,85,him,653769,653772,10,1791,42,M_10877
booknlp,COREF,85,he,653782,653784,10,1791,42,M_10878
exp,exp_name,emma,Emma,653808,653812,0,1791,42,M_10879
booknlp,COREF,85,he,653907,653909,10,1791,42,M_10880
booknlp,COREF,85,he,653919,653921,10,1791,42,M_10881
exp,exp_name,emma,Emma,654011,654015,0,1791,42,M_10882
exp,exp_name,jane fairfax,Jane Fairfax,654158,654170,4,1791,42,M_10883
exp,exp_name,miss woodhouse,Miss Woodhouse,654269,654283,0,1791,42,M_10884
exp,exp_name,miss woodhouse,Miss Woodhouse,654325,654339,0,1791,42,M_10885
booknlp,COREF,94,she,654360,654363,0,1791,42,M_10886
pdnc,qID,Q1194-0,you,654388,654391,0,1792,42,M_10887
booknlp,COREF,93,she,654410,654413,0,1792,42,M_10888
booknlp,COREF,93,I,654421,654422,0,1792,42,M_10889
booknlp,COREF,93,I,654449,654450,0,1792,42,M_10890
pdnc,qID,Q1194-1,My aunt,654491,654498,7,1792,42,M_10891
booknlp,COREF,93,I,654566,654567,0,1792,42,M_10892
booknlp,COREF,93,I,654600,654601,0,1792,42,M_10893
booknlp,COREF,93,I,654798,654799,0,1792,42,M_10894
pdnc,qID,Q1194-1,you,654844,654847,0,1792,42,M_10895
booknlp,COREF,93,I,654878,654879,0,1792,42,M_10896
pdnc,qID,Q1195-0,you,654906,654909,4,1793,42,M_10897
pdnc,qID,Q1195-0,you,654924,654927,4,1793,42,M_10898
booknlp,COREF,93,I,655012,655013,0,1794,42,M_10899
pdnc,qID,Q1197-0,my father,655117,655126,10,1795,42,M_10900
pdnc,qID,Q1197-0,you,655145,655148,4,1795,42,M_10901
pdnc,qID,Q1198-0,you,655220,655223,0,1796,42,M_10902
pdnc,qID,Q1198-0,you,655231,655234,0,1796,42,M_10903
booknlp,COREF,93,me,655287,655289,0,1796,42,M_10904
exp,exp_name,emma,Emma,655402,655406,0,1797,42,M_10905
pdnc,qID,Q1199-0,your,655458,655462,4,1797,42,M_10906
booknlp,COREF,94,I,655492,655493,0,1797,42,M_10907
pdnc,qID,Q1199-0,You,655551,655554,4,1797,42,M_10908
pdnc,qID,Q1200-1,Miss Woodhouse,655685,655699,0,1798,42,M_10909
booknlp,COREF,94,I,655765,655766,0,1798,42,M_10910
pdnc,qID,Q1200-1,you,655813,655816,0,1798,42,M_10911
booknlp,COREF,94,me,655826,655828,0,1798,42,M_10912
booknlp,COREF,94,me,655845,655847,0,1798,42,M_10913
booknlp,COREF,94,my,655853,655855,0,1798,42,M_10914
booknlp,COREF,94,I,655883,655884,0,1798,42,M_10915
exp,exp_name,emma,Emma,655917,655921,0,1799,42,M_10916
booknlp,COREF,94,She,655954,655957,0,1799,42,M_10917
pdnc,qID,Q1201-0,Miss Woodhouse,656160,656174,0,1799,42,M_10918
pdnc,qID,Q1202-0,such an aunt,656405,656417,7,1800,42,M_10919
exp,exp_name,emma,Emma,656425,656429,0,1800,42,M_10920
booknlp,COREF,94,she,656434,656437,0,1800,42,M_10921
booknlp,COREF,94,I,656472,656473,0,1800,42,M_10922
pdnc,qID,Q1202-1,you,656482,656485,4,1800,42,M_10923
pdnc,qID,Q1202-1,you,656512,656515,4,1800,42,M_10924
pdnc,qID,Q1202-1,their,656526,656531,7,1800,42,M_10925
booknlp,COREF,94,I,656555,656556,0,1800,42,M_10926
pdnc,qID,Q1202-1,you,656568,656571,4,1800,42,M_10927
exp,exp_name,jane,Jane,656575,656579,4,1801,42,M_10928
exp,exp_name,frank churchill,Frank Churchill,656696,656711,1,1801,42,M_10929
exp,exp_name,emma,Emma,656730,656734,0,1801,42,M_10930
booknlp,COREF,103,him,656760,656763,1,1801,42,M_10931
booknlp,COREF,94,she,656765,656768,0,1801,42,M_10932
booknlp,COREF,103,him,656795,656798,1,1801,42,M_10933
booknlp,COREF,94,she,656804,656807,0,1801,42,M_10934
booknlp,COREF,103,him,656829,656832,1,1801,42,M_10935
exp,exp_name,mrs. weston,Mrs. Weston,656834,656845,15,1801,42,M_10936
exp,exp_name,churchill,Churchill,656931,656940,1,1801,42,M_10937
booknlp,COREF,103,He,656955,656957,1,1801,42,M_10938
booknlp,COREF,103,he,657071,657073,1,1801,42,M_10939
booknlp,COREF,103,he,657143,657145,1,1801,42,M_10940
booknlp,COREF,103,he,657167,657169,1,1801,42,M_10941
booknlp,COREF,103,his,657206,657209,1,1801,42,M_10942
booknlp,COREF,103,he,657217,657219,1,1801,42,M_10943
booknlp,COREF,103,he,657229,657231,1,1801,42,M_10944
booknlp,COREF,103,he,657241,657243,1,1801,42,M_10945
booknlp,COREF,103,he,657297,657299,1,1801,42,M_10946
booknlp,COREF,103,he,657352,657354,1,1801,42,M_10947
booknlp,COREF,103,him,657389,657392,1,1801,42,M_10948
booknlp,COREF,103,he,657404,657406,1,1801,42,M_10949
booknlp,COREF,103,he,657474,657476,1,1801,42,M_10950
exp,exp_name,mr. woodhouse,Mr. Woodhouse,657548,657561,10,1801,42,M_10951
pdnc,qID,Q1203-0,You,657597,657600,1,1802,42,M_10952
pdnc,qID,Q1203-0,you,657625,657628,1,1802,42,M_10953
exp,exp_name,emma,Emma,657646,657650,0,1802,42,M_10954
booknlp,COREF,103,I,657665,657666,1,1803,42,M_10955
booknlp,COREF,103,I,657677,657678,1,1803,42,M_10956
booknlp,COREF,103,I,657700,657701,1,1803,42,M_10957
booknlp,COREF,103,my,657762,657764,1,1803,42,M_10958
pdnc,qID,Q1204-0,You,657773,657776,0,1803,42,M_10959
booknlp,COREF,103,I,657800,657801,1,1803,42,M_10960
booknlp,COREF,103,I,657840,657841,1,1803,42,M_10961
booknlp,COREF,103,I,657855,657856,1,1803,42,M_10962
exp,exp_name,emma,Emma,657909,657913,0,1804,42,M_10963
exp,exp_name,frank churchill,Frank Churchill,657960,657975,1,1804,42,M_10964
booknlp,COREF,103,his,658119,658122,1,1804,42,M_10965
booknlp,COREF,94,she,658144,658147,0,1804,42,M_10966
booknlp,COREF,94,she,658229,658232,0,1804,42,M_10967
booknlp,COREF,103,his,658245,658248,1,1804,42,M_10968
booknlp,COREF,103,he,658274,658276,1,1804,42,M_10969
booknlp,COREF,94,she,658337,658340,0,1804,42,M_10970
booknlp,COREF,103,he,658378,658380,1,1805,42,M_10971
booknlp,COREF,103,He,658397,658399,1,1805,42,M_10972
booknlp,COREF,103,him,658435,658438,1,1805,42,M_10973
booknlp,COREF,103,he,658473,658475,1,1805,42,M_10974
booknlp,COREF,103,his,658488,658491,1,1805,42,M_10975
exp,exp_name,emma,Emma,658559,658563,0,1805,42,M_10976
booknlp,COREF,94,her,658577,658580,0,1805,42,M_10977
booknlp,COREF,94,her,658594,658597,0,1805,42,M_10978
booknlp,COREF,94,I,658627,658628,0,1806,42,M_10979
booknlp,COREF,94,I,658637,658638,0,1806,42,M_10980
pdnc,qID,Q1205-0,him,658668,658671,1,1806,42,M_10981
booknlp,COREF,94,I,658673,658674,0,1806,42,M_10982
pdnc,qID,Q1205-0,Harriet,658742,658749,2,1806,42,M_10983
booknlp,COREF,103,He,658790,658792,1,1807,42,M_10984
booknlp,COREF,103,himself,658928,658935,1,1807,42,M_10985
booknlp,COREF,103,he,659049,659051,1,1807,42,M_10986
booknlp,COREF,103,He,659071,659073,1,1807,42,M_10987
booknlp,COREF,103,his,659085,659088,1,1807,42,M_10988
booknlp,COREF,103,himself,659157,659164,1,1807,42,M_10989
booknlp,COREF,103,my,659253,659255,1,1808,42,M_10990
booknlp,COREF,103,I,659272,659273,1,1808,42,M_10991
booknlp,COREF,103,he,659297,659299,1,1808,42,M_10992
booknlp,COREF,103,I,659302,659303,1,1808,42,M_10993
booknlp,COREF,103,I,659329,659330,1,1808,42,M_10994
pdnc,qID,Q1206-1,You,659363,659366,0,1808,42,M_10995
booknlp,COREF,103,my,659377,659379,1,1808,42,M_10996
booknlp,COREF,103,my,659425,659427,1,1808,42,M_10997
booknlp,COREF,103,my,659445,659447,1,1808,42,M_10998
booknlp,COREF,103,I,659454,659455,1,1808,42,M_10999
booknlp,COREF,103,myself,659485,659491,1,1808,42,M_11000
pdnc,qID,Q1207-0,You,659545,659548,1,1809,42,M_11001
pdnc,qID,Q1207-0,you,659616,659619,1,1809,42,M_11002
booknlp,COREF,103,I,659714,659715,1,1810,42,M_11003
booknlp,COREF,103,I,659776,659777,1,1810,42,M_11004
pdnc,qID,Q1208-0,you,659785,659788,0,1810,42,M_11005
booknlp,COREF,103,I,659789,659790,1,1810,42,M_11006
booknlp,COREF,103,I,659797,659798,1,1810,42,M_11007
booknlp,COREF,103,I,659844,659845,1,1810,42,M_11008
booknlp,COREF,103,I,659868,659869,1,1810,42,M_11009
booknlp,COREF,103,I,659887,659888,1,1810,42,M_11010
booknlp,COREF,103,I,659916,659917,1,1810,42,M_11011
booknlp,COREF,103,I,659933,659934,1,1810,42,M_11012
pdnc,qID,Q1208-0,Miss Woodhouse,659947,659961,0,1810,42,M_11013
pdnc,qID,Q1208-0,your,659972,659976,0,1810,42,M_11014
booknlp,COREF,103,I,660005,660006,1,1810,42,M_11015
booknlp,COREF,103,I,660060,660061,1,1810,42,M_11016
pdnc,qID,Q1209-0,You,660072,660075,1,1811,42,M_11017
pdnc,qID,Q1209-0,you,660122,660125,1,1811,42,M_11018
booknlp,COREF,103,I,660193,660194,1,1812,42,M_11019
pdnc,qID,Q1210-0,You,660231,660234,0,1812,42,M_11020
booknlp,COREF,103,I,660255,660256,1,1812,42,M_11021
booknlp,COREF,103,myself,660274,660280,1,1812,42,M_11022
booknlp,COREF,103,I,660315,660316,1,1812,42,M_11023
booknlp,COREF,103,I,660354,660355,1,1812,42,M_11024
booknlp,COREF,103,myself,660372,660378,1,1812,42,M_11025
pdnc,qID,Q1211-0,You,660409,660412,1,1813,42,M_11026
pdnc,qID,Q1211-0,you,660457,660460,1,1813,42,M_11027
pdnc,qID,Q1211-0,you,660513,660516,1,1813,42,M_11028
pdnc,qID,Q1211-0,you,660612,660615,1,1813,42,M_11029
booknlp,COREF,103,I,660660,660661,1,1814,42,M_11030
booknlp,COREF,103,I,660678,660679,1,1814,42,M_11031
pdnc,qID,Q1212-0,you,660693,660696,0,1814,42,M_11032
pdnc,qID,Q1212-0,You,660698,660701,0,1814,42,M_11033
booknlp,COREF,103,my,660706,660708,1,1814,42,M_11034
pdnc,qID,Q1213-0,you,660760,660763,1,1815,42,M_11035
pdnc,qID,Q1213-0,You,660871,660874,1,1815,42,M_11036
booknlp,COREF,103,I,660924,660925,1,1816,42,M_11037
pdnc,qID,Q1215-0,you,660975,660978,1,1817,42,M_11038
booknlp,COREF,103,I,661066,661067,1,1818,42,M_11039
booknlp,COREF,103,I,661074,661075,1,1818,42,M_11040
booknlp,COREF,103,I,661133,661134,1,1820,42,M_11041
booknlp,COREF,103,I,661139,661140,1,1820,42,M_11042
booknlp,COREF,103,I,661165,661166,1,1820,42,M_11043
booknlp,COREF,103,me,661216,661218,1,1820,42,M_11044
pdnc,qID,Q1219-0,you,661252,661255,1,1821,42,M_11045
pdnc,qID,Q1219-0,your,661288,661292,1,1821,42,M_11046
pdnc,qID,Q1219-0,you,661332,661335,1,1821,42,M_11047
exp,exp_name,frank churchill,Frank Churchill,661464,661479,1,1822,42,M_11048
exp,exp_name,miss fairfax,Miss Fairfax,661570,661582,4,1822,42,M_11049
exp,exp_name,frank churchill,Frank Churchill,661753,661768,1,1822,42,M_11050
booknlp,COREF,103,himself,661801,661808,1,1822,42,M_11051
booknlp,COREF,103,his,661833,661836,1,1822,42,M_11052
exp,exp_name,emma,Emma,661851,661855,0,1822,42,M_11053
pdnc,qID,Q1220-0,you,661875,661878,0,1823,42,M_11054
booknlp,COREF,103,me,661885,661887,1,1823,42,M_11055
booknlp,COREF,103,I,661916,661917,1,1823,42,M_11056
booknlp,COREF,94,She,661926,661929,0,1824,42,M_11057
booknlp,COREF,94,her,661937,661940,0,1824,42,M_11058
booknlp,COREF,103,him,662011,662014,1,1824,42,M_11059
exp,exp_name,mr. weston,Mr. Weston,662230,662240,9,1826,43,M_11060
exp,exp_name,emma,Emma,662349,662353,0,1826,43,M_11061
exp,exp_name,harriet,Harriet,662358,662365,2,1826,43,M_11062
exp,exp_name,miss bates,Miss Bates,662381,662391,7,1826,43,M_11063
exp,exp_name,mrs. weston,Mrs. Weston,662452,662463,15,1826,43,M_11064
exp,exp_name,mr. woodhouse,Mr. Woodhouse,662478,662491,10,1826,43,M_11065
exp,exp_name,mr. knightley,Mr. Knightley,662877,662890,6,1826,43,M_11066
exp,exp_name,miss bates,Miss Bates,662906,662916,7,1826,43,M_11067
exp,exp_name,jane,Jane,662921,662925,4,1826,43,M_11068
exp,exp_name,emma,Emma,662931,662935,0,1826,43,M_11069
exp,exp_name,harriet,Harriet,662940,662947,2,1826,43,M_11070
exp,exp_name,frank churchill,Frank Churchill,662960,662975,1,1826,43,M_11071
exp,exp_name,mr. weston,Mr. Weston,662981,662991,9,1826,43,M_11072
exp,exp_name,mrs. elton,Mrs. Elton,663122,663132,13,1826,43,M_11073
exp,exp_name,mr. weston,Mr. Weston,663410,663420,9,1826,43,M_11074
exp,exp_name,emma,Emma,663471,663475,0,1827,43,M_11075
booknlp,COREF,94,She,663477,663480,0,1827,43,M_11076
exp,exp_name,frank churchill,Frank Churchill,663496,663511,1,1827,43,M_11077
booknlp,COREF,103,He,663534,663536,1,1827,43,M_11078
booknlp,COREF,94,she,663648,663651,0,1827,43,M_11079
booknlp,COREF,103,he,663664,663666,1,1827,43,M_11080
exp,exp_name,harriet,Harriet,663702,663709,2,1827,43,M_11081
booknlp,COREF,94,her,663810,663813,0,1828,43,M_11082
exp,exp_name,frank churchill,Frank Churchill,663845,663860,1,1828,43,M_11083
booknlp,COREF,94,her,663892,663895,0,1828,43,M_11084
booknlp,COREF,103,his,663896,663899,1,1828,43,M_11085
booknlp,COREF,94,her,663977,663980,0,1828,43,M_11086
booknlp,COREF,94,her,663991,663994,0,1828,43,M_11087
booknlp,COREF,94,her,664016,664019,0,1828,43,M_11088
booknlp,COREF,103,he,664042,664044,1,1828,43,M_11089
exp,exp_name,emma,Emma,664060,664064,0,1828,43,M_11090
booknlp,COREF,103,him,664146,664149,1,1828,43,M_11091
booknlp,COREF,94,she,664217,664220,0,1828,43,M_11092
booknlp,COREF,94,her,664316,664319,0,1828,43,M_11093
exp,exp_name,mr. frank churchill,Mr. Frank Churchill,664497,664516,1,1828,43,M_11094
exp,exp_name,miss woodhouse,Miss Woodhouse,664521,664535,0,1828,43,M_11095
exp,exp_name,emma,Emma,664719,664723,0,1828,43,M_11096
booknlp,COREF,94,she,664794,664797,0,1828,43,M_11097
booknlp,COREF,94,she,664819,664822,0,1828,43,M_11098
booknlp,COREF,94,She,664837,664840,0,1828,43,M_11099
booknlp,COREF,94,she,664857,664860,0,1828,43,M_11100
booknlp,COREF,94,she,664890,664893,0,1828,43,M_11101
booknlp,COREF,103,him,664900,664903,1,1828,43,M_11102
booknlp,COREF,103,his,664908,664911,1,1828,43,M_11103
booknlp,COREF,94,her,665045,665048,0,1828,43,M_11104
booknlp,COREF,94,She,665056,665059,0,1828,43,M_11105
booknlp,COREF,103,him,665075,665078,1,1828,43,M_11106
booknlp,COREF,94,her,665083,665086,0,1828,43,M_11107
booknlp,COREF,103,I,665106,665107,1,1829,43,M_11108
pdnc,qID,Q1221-0,you,665122,665125,0,1829,43,M_11109
booknlp,COREF,103,he,665133,665135,1,1829,43,M_11110
booknlp,COREF,103,me,665150,665152,1,1829,43,M_11111
pdnc,qID,Q1221-1,you,665193,665196,0,1829,43,M_11112
booknlp,COREF,103,I,665198,665199,1,1829,43,M_11113
booknlp,COREF,103,I,665260,665261,1,1829,43,M_11114
pdnc,qID,Q1222-0,you,665309,665312,1,1830,43,M_11115
booknlp,COREF,103,I,665334,665335,1,1830,43,M_11116
pdnc,qID,Q1222-0,you,665372,665375,1,1830,43,M_11117
booknlp,COREF,103,I,665417,665418,1,1830,43,M_11118
pdnc,qID,Q1222-0,you,665444,665447,1,1830,43,M_11119
pdnc,qID,Q1222-0,you,665462,665465,1,1830,43,M_11120
pdnc,qID,Q1222-0,You,665479,665482,1,1830,43,M_11121
booknlp,COREF,103,I,665533,665534,1,1831,43,M_11122
booknlp,COREF,103,I,665546,665547,1,1831,43,M_11123
booknlp,COREF,103,me,665580,665582,1,1831,43,M_11124
booknlp,COREF,103,my,665618,665620,1,1833,43,M_11125
booknlp,COREF,103,I,665631,665632,1,1833,43,M_11126
pdnc,qID,Q1226-0,You,665669,665672,1,1834,43,M_11127
pdnc,qID,Q1226-0,you,665697,665700,1,1834,43,M_11128
pdnc,qID,Q1227-0,Your,665723,665727,0,1835,43,M_11129
booknlp,COREF,103,I,665754,665755,1,1836,43,M_11130
pdnc,qID,Q1228-0,you,665765,665768,1,1836,43,M_11131
booknlp,COREF,103,I,665784,665785,1,1836,43,M_11132
pdnc,qID,Q1228-0,You,665806,665809,1,1836,43,M_11133
pdnc,qID,Q1228-0,your,665876,665880,1,1836,43,M_11134
pdnc,qID,Q1228-0,you,665908,665911,1,1836,43,M_11135
booknlp,COREF,103,I,665939,665940,1,1836,43,M_11136
pdnc,qID,Q1228-0,you,665963,665966,1,1836,43,M_11137
pdnc,qID,Q1228-0,your,665990,665994,1,1836,43,M_11138
pdnc,qID,Q1228-0,your,666008,666012,1,1836,43,M_11139
booknlp,COREF,103,mine,666037,666041,1,1836,43,M_11140
booknlp,COREF,103,I,666074,666075,1,1837,43,M_11141
pdnc,qID,Q1229-0,You,666119,666122,0,1837,43,M_11142
booknlp,COREF,103,me,666129,666131,1,1837,43,M_11143
pdnc,qID,Q1229-0,you,666141,666144,0,1837,43,M_11144
pdnc,qID,Q1229-0,you,666163,666166,0,1837,43,M_11145
booknlp,COREF,103,me,666186,666188,1,1837,43,M_11146
pdnc,qID,Q1229-0,You,666190,666193,0,1837,43,M_11147
booknlp,COREF,103,me,666210,666212,1,1837,43,M_11148
booknlp,COREF,103,My,666254,666256,1,1838,43,M_11149
pdnc,qID,Q1230-0,you,666305,666308,1,1838,43,M_11150
pdnc,qID,Q1231-0,your,666395,666399,0,1839,43,M_11151
booknlp,COREF,103,I,666406,666407,1,1839,43,M_11152
booknlp,COREF,103,I,666416,666417,1,1839,43,M_11153
pdnc,qID,Q1231-0,you,666427,666430,0,1839,43,M_11154
pdnc,qID,Q1232-0,Your,666453,666457,1,1840,43,M_11155
booknlp,COREF,94,her,666506,666509,0,1840,43,M_11156
pdnc,qID,Q1234-1,you,666728,666731,0,1841,43,M_11157
pdnc,qID,Q1234-1,you,666878,666881,0,1841,43,M_11158
pdnc,qID,Q1236-0,Miss Woodhouse,667077,667091,0,1841,43,M_11159
pdnc,qID,Q1236-0,she,667107,667110,0,1841,43,M_11160
pdnc,qID,Q1236-0,she,667138,667141,0,1841,43,M_11161
booknlp,COREF,94,you,667163,667166,0,1841,43,M_11162
exp,exp_name,miss bates,Miss Bates,667234,667244,7,1842,43,M_11163
exp,exp_name,mrs. elton,Mrs. Elton,667264,667274,13,1842,43,M_11164
exp,exp_name,miss woodhouse,Miss Woodhouse,667298,667312,0,1842,43,M_11165
exp,exp_name,mr. knightley,Mr. Knightley,667326,667339,6,1842,43,M_11166
pdnc,qID,Q1237-0,Miss Woodhouse,667377,667391,0,1843,43,M_11167
pdnc,qID,Q1237-0,she,667402,667405,0,1843,43,M_11168
exp,exp_name,emma,Emma,667476,667480,0,1844,43,M_11169
booknlp,COREF,94,she,667508,667511,0,1844,43,M_11170
booknlp,COREF,94,you,667652,667655,0,1844,43,M_11171
exp,exp_name,mr. weston,Mr. Weston,667747,667757,9,1844,43,M_11172
exp,exp_name,harriet,Harriet,667762,667769,2,1844,43,M_11173
exp,exp_name,mrs. elton,Mrs. Elton,667854,667864,13,1845,43,M_11174
pdnc,qID,Q1240-0,my love,668162,668169,13,1847,43,M_11175
pdnc,qID,Q1240-0,you,668314,668317,13,1847,43,M_11176
exp,exp_name,frank,Frank,668350,668355,1,1848,43,M_11177
exp,exp_name,emma,Emma,668359,668363,0,1848,43,M_11178
booknlp,COREF,103,I,668399,668400,1,1848,43,M_11179
booknlp,COREF,103,I,668459,668460,1,1848,43,M_11180
pdnc,qID,Q1242-0,Miss Woodhouse,668475,668489,0,1848,43,M_11181
pdnc,qID,Q1242-0,she,668503,668506,0,1848,43,M_11182
pdnc,qID,Q1242-0,her,668514,668517,0,1848,43,M_11183
booknlp,COREF,94,you,668548,668551,0,1848,43,M_11184
booknlp,COREF,94,you,668635,668638,0,1848,43,M_11185
booknlp,COREF,94,you,668676,668679,0,1848,43,M_11186
booknlp,COREF,103,myself,668689,668695,1,1848,43,M_11187
pdnc,qID,Q1242-0,she,668703,668706,0,1848,43,M_11188
pdnc,qID,Q1242-0,she,668761,668764,0,1848,43,M_11189
booknlp,COREF,94,you,668791,668794,0,1848,43,M_11190
pdnc,qID,Q1242-0,she,668940,668943,0,1848,43,M_11191
exp,exp_name,miss bates,Miss Bates,669012,669022,7,1849,43,M_11192
booknlp,COREF,94,you,669111,669114,0,1849,43,M_11193
booknlp,COREF,94,you,669291,669294,0,1849,43,M_11194
exp,exp_name,emma,Emma,669316,669320,0,1850,43,M_11195
pdnc,qID,Q1244-0,ma'am,669345,669350,7,1851,43,M_11196
booknlp,COREF,103,me,669390,669392,1,1851,43,M_11197
pdnc,qID,Q1244-0,you,669398,669401,7,1851,43,M_11198
exp,exp_name,miss bates,Miss Bates,669454,669464,7,1852,43,M_11199
booknlp,COREF,103,I,669680,669681,1,1853,43,M_11200
pdnc,qID,Q1245-0,she,669691,669694,0,1853,43,M_11201
exp,exp_name,mr. knightley,Mr. Knightley,669714,669727,6,1853,43,M_11202
booknlp,COREF,103,I,669734,669735,1,1853,43,M_11203
booknlp,COREF,103,my,669753,669755,1,1853,43,M_11204
booknlp,COREF,103,I,669764,669765,1,1853,43,M_11205
booknlp,COREF,103,myself,669776,669782,1,1853,43,M_11206
pdnc,qID,Q1246-0,she,669805,669808,0,1853,43,M_11207
booknlp,COREF,86,I,669863,669864,9,1854,43,M_11208
pdnc,qID,Q1247-0,your,669870,669874,1,1854,43,M_11209
exp,exp_name,mr. weston,Mr. Weston,669888,669898,9,1854,43,M_11210
booknlp,COREF,86,I,669917,669918,9,1854,43,M_11211
booknlp,COREF,86,my,669927,669929,9,1854,43,M_11212
booknlp,COREF,86,I,669936,669937,9,1854,43,M_11213
booknlp,COREF,86,I,669998,669999,9,1855,43,M_11214
booknlp,COREF,86,his,670036,670039,9,1855,43,M_11215
exp,exp_name,emma,Emma,670132,670136,0,1856,43,M_11216
pdnc,qID,Q1249-1,Mr. Weston,670178,670188,9,1856,43,M_11217
pdnc,qID,Q1249-1,him,670203,670206,9,1856,43,M_11218
pdnc,qID,Q1249-1,his,670211,670214,9,1856,43,M_11219
pdnc,qID,Q1249-1,sir,670237,670240,9,1856,43,M_11220
booknlp,COREF,94,me,670251,670253,0,1856,43,M_11221
booknlp,COREF,86,I,670266,670267,9,1857,43,M_11222
booknlp,COREF,86,myself,670296,670302,9,1857,43,M_11223
exp,exp_name,mr. weston,Mr. Weston,670310,670320,9,1857,43,M_11224
pdnc,qID,Q1252-0,you,670516,670519,0,1859,43,M_11225
pdnc,qID,Q1252-0,You,670538,670541,0,1859,43,M_11226
exp,exp_name,emma,Emma,670547,670551,0,1859,43,M_11227
booknlp,COREF,86,I,670554,670555,9,1859,43,M_11228
pdnc,qID,Q1253-0,you,670599,670602,0,1859,43,M_11229
exp,exp_name,e.,Em,670616,670618,8,1859,43,M_11230
pdnc,qID,Q1253-0,you,670627,670630,0,1859,43,M_11231
exp,exp_name,emma,Emma,670741,670745,0,1860,43,M_11232
exp,exp_name,frank,Frank,670805,670810,1,1860,43,M_11233
exp,exp_name,harriet,Harriet,670815,670822,2,1860,43,M_11234
exp,exp_name,mr. knightley,Mr. Knightley,670919,670932,6,1860,43,M_11235
pdnc,qID,Q1254-0,Mr. Weston,671008,671018,9,1861,43,M_11236
booknlp,COREF,86,himself,671042,671049,9,1861,43,M_11237
pdnc,qID,Q1254-0,he,671055,671057,9,1861,43,M_11238
exp,exp_name,mrs. elton,Mrs. Elton,671199,671209,13,1862,43,M_11239
pdnc,qID,Q1255-1,You,671418,671421,8,1862,43,M_11240
pdnc,qID,Q1255-2,Miss Woodhouse,671639,671653,0,1862,43,M_11241
pdnc,qID,Q1255-2,you,671908,671911,1,1862,43,M_11242
pdnc,qID,Q1255-2,Mr. Churchill,671920,671933,1,1862,43,M_11243
pdnc,qID,Q1255-2,Mr. E.,671940,671946,8,1862,43,M_11244
pdnc,qID,Q1255-2,Knightley,671948,671957,6,1862,43,M_11245
pdnc,qID,Q1255-2,Jane,671959,671963,4,1862,43,M_11246
pdnc,qID,Q1256-1,Miss Woodhouse,672155,672169,0,1863,43,M_11247
pdnc,qID,Q1256-1,Augusta,672255,672262,13,1863,43,M_11248
pdnc,qID,Q1257-0,Jane,672344,672348,4,1864,43,M_11249
exp,exp_name,jane,Jane,672371,672375,4,1865,43,M_11250
exp,exp_name,frank churchill,Frank Churchill,672456,672471,1,1865,43,M_11251
booknlp,COREF,103,I,672659,672660,1,1865,43,M_11252
exp,exp_name,miss fairfax,Miss Fairfax,673156,673168,4,1866,43,M_11253
booknlp,COREF,149,her,673213,673216,4,1866,43,M_11254
exp,exp_name,frank churchill,Frank Churchill,673313,673328,1,1867,43,M_11255
booknlp,COREF,149,her,673344,673347,4,1867,43,M_11256
pdnc,qID,Q1260-0,You,673361,673364,4,1868,43,M_11257
booknlp,COREF,103,he,673386,673388,1,1868,43,M_11258
booknlp,COREF,149,She,673399,673402,4,1868,43,M_11259
booknlp,COREF,149,her,673413,673416,4,1868,43,M_11260
booknlp,COREF,103,I,673426,673427,1,1869,43,M_11261
booknlp,COREF,103,I,673540,673541,1,1869,43,M_11262
booknlp,COREF,103,I,673686,673687,1,1869,43,M_11263
booknlp,COREF,103,He,673917,673919,1,1870,43,M_11264
booknlp,COREF,149,I,674028,674029,4,1871,43,M_11265
booknlp,COREF,149,my,674059,674061,4,1871,43,M_11266
booknlp,COREF,149,I,674090,674091,4,1871,43,M_11267
booknlp,COREF,149,I,674099,674100,4,1871,43,M_11268
booknlp,COREF,149,my,674127,674129,4,1871,43,M_11269
booknlp,COREF,149,me,674139,674141,4,1871,43,M_11270
pdnc,qID,Q1262-0,you,674148,674151,0,1871,43,M_11271
exp,exp_name,emma,Emma,674165,674169,0,1871,43,M_11272
pdnc,qID,Q1262-1,you,674177,674180,0,1871,43,M_11273
booknlp,COREF,103,me?--I,674198,674204,1,1871,43,M_11274
booknlp,COREF,149,I,674213,674214,4,1871,43,M_11275
pdnc,qID,Q1262-1,you,674248,674251,0,1871,43,M_11276
pdnc,qID,Q1262-1,You,674253,674256,0,1871,43,M_11277
pdnc,qID,Q1262-1,you,674281,674284,0,1871,43,M_11278
booknlp,COREF,103,his,674308,674311,1,1871,43,M_11279
booknlp,COREF,149,me,674340,674342,4,1871,43,M_11280
booknlp,COREF,149,I,674344,674345,4,1871,43,M_11281
booknlp,COREF,103,myself,674407,674413,1,1872,43,M_11282
pdnc,qID,Q1264-0,you,674435,674438,0,1873,43,M_11283
booknlp,COREF,103,I,674458,674459,1,1874,43,M_11284
pdnc,qID,Q1265-0,You,674486,674489,1,1874,43,M_11285
booknlp,COREF,149,I,674567,674568,4,1875,43,M_11286
booknlp,COREF,149,I,674592,674593,4,1875,43,M_11287
booknlp,COREF,149,I,674642,674643,4,1875,43,M_11288
booknlp,COREF,149,I,674652,674653,4,1875,43,M_11289
pdnc,qID,Q1266-0,you,674668,674671,0,1875,43,M_11290
booknlp,COREF,149,my,674676,674678,4,1875,43,M_11291
exp,exp_name,emma,Emma,674697,674701,0,1876,43,M_11292
exp,exp_name,harriet,Harriet,674798,674805,2,1876,43,M_11293
booknlp,COREF,112,her,674885,674888,2,1876,43,M_11294
exp,exp_name,harriet,Harriet,674928,674935,2,1876,43,M_11295
booknlp,COREF,112,her,675009,675012,2,1876,43,M_11296
pdnc,qID,Q1267-0,ma'am,675040,675045,7,1877,43,M_11297
exp,exp_name,jane,Jane,675053,675057,4,1877,43,M_11298
booknlp,COREF,149,her,675061,675064,4,1877,43,M_11299
pdnc,qID,Q1267-1,Mrs. Elton,675086,675096,13,1877,43,M_11300
pdnc,qID,Q1268-0,you,675104,675107,4,1878,43,M_11301
pdnc,qID,Q1268-0,my dear,675116,675123,4,1878,43,M_11302
booknlp,COREF,149,my,675134,675136,4,1878,43,M_11303
booknlp,COREF,149,I,675144,675145,4,1878,43,M_11304
booknlp,COREF,149,I,675162,675163,4,1878,43,M_11305
pdnc,qID,Q1268-0,her,675192,675195,13,1878,43,M_11306
pdnc,qID,Q1268-0,her,675251,675254,13,1878,43,M_11307
pdnc,qID,Q1268-0,she,675262,675265,13,1878,43,M_11308
pdnc,qID,Q1268-0,her,675361,675364,13,1878,43,M_11309
booknlp,COREF,149,I,675373,675374,4,1878,43,M_11310
exp,exp_name,mr. knightley,Mr. Knightley,675433,675446,6,1879,43,M_11311
exp,exp_name,mr. weston,Mr. Weston,675448,675458,9,1879,43,M_11312
booknlp,COREF,86,his,675460,675463,9,1879,43,M_11313
exp,exp_name,emma,Emma,675469,675473,0,1879,43,M_11314
exp,exp_name,harriet,Harriet,675479,675486,2,1879,43,M_11315
exp,exp_name,emma,Emma,675575,675579,0,1879,43,M_11316
booknlp,COREF,94,herself,675637,675644,0,1879,43,M_11317
booknlp,COREF,94,her,675803,675806,0,1879,43,M_11318
exp,exp_name,mrs. elton,Mrs. Elton,675993,676003,13,1879,43,M_11319
booknlp,COREF,94,she,676234,676237,0,1879,43,M_11320
booknlp,COREF,94,she,676310,676313,0,1880,43,M_11321
exp,exp_name,mr. knightley,Mr. Knightley,676320,676333,6,1880,43,M_11322
booknlp,COREF,94,her,676337,676340,0,1880,43,M_11323
pdnc,qID,Q1269-0,Emma,676418,676422,0,1881,43,M_11324
pdnc,qID,Q1269-0,you,676450,676453,0,1881,43,M_11325
pdnc,qID,Q1269-0,you,676569,676572,0,1881,43,M_11326
pdnc,qID,Q1269-0,you,676621,676624,0,1881,43,M_11327
pdnc,qID,Q1269-0,Miss Bates,676644,676654,7,1881,43,M_11328
pdnc,qID,Q1269-0,you,676666,676669,0,1881,43,M_11329
pdnc,qID,Q1269-0,your,676688,676692,0,1881,43,M_11330
pdnc,qID,Q1269-0,her,676711,676714,7,1881,43,M_11331
pdnc,qID,Q1269-0,Emma,676747,676751,0,1881,43,M_11332
exp,exp_name,emma,Emma,676786,676790,0,1882,43,M_11333
pdnc,qID,Q1270-0,she,676959,676962,7,1883,43,M_11334
pdnc,qID,Q1271-0,you,676998,677001,0,1884,43,M_11335
pdnc,qID,Q1271-0,she,677002,677005,7,1884,43,M_11336
pdnc,qID,Q1271-0,She,677011,677014,7,1884,43,M_11337
pdnc,qID,Q1271-0,your,677020,677024,0,1884,43,M_11338
pdnc,qID,Q1271-0,She,677039,677042,7,1884,43,M_11339
pdnc,qID,Q1271-0,you,677074,677077,0,1884,43,M_11340
pdnc,qID,Q1271-0,she,677099,677102,7,1884,43,M_11341
pdnc,qID,Q1271-0,you,677158,677161,0,1884,43,M_11342
pdnc,qID,Q1271-0,her,677179,677182,7,1884,43,M_11343
pdnc,qID,Q1271-0,your,677193,677197,0,1884,43,M_11344
pdnc,qID,Q1271-0,her,677232,677235,7,1884,43,M_11345
pdnc,qID,Q1271-0,she,677256,677259,7,1884,43,M_11346
booknlp,COREF,94,yourself,677288,677296,0,1884,43,M_11347
pdnc,qID,Q1271-0,your father,677301,677312,10,1884,43,M_11348
pdnc,qID,Q1271-0,her,677319,677322,7,1884,43,M_11349
exp,exp_name,emma,Emma,677365,677369,0,1885,43,M_11350
booknlp,COREF,94,I,677372,677373,0,1885,43,M_11351
pdnc,qID,Q1272-1,you,677428,677431,6,1885,43,M_11352
pdnc,qID,Q1272-1,her,677519,677522,7,1885,43,M_11353
pdnc,qID,Q1273-1,she,677581,677584,7,1886,43,M_11354
pdnc,qID,Q1273-1,she,677684,677687,7,1886,43,M_11355
pdnc,qID,Q1273-1,you,677792,677795,0,1886,43,M_11356
pdnc,qID,Q1273-1,she,677830,677833,7,1886,43,M_11357
pdnc,qID,Q1273-1,your,677834,677838,0,1886,43,M_11358
pdnc,qID,Q1273-1,Emma,677864,677868,0,1886,43,M_11359
pdnc,qID,Q1273-1,She,677916,677919,7,1886,43,M_11360
pdnc,qID,Q1273-1,she,677929,677932,7,1886,43,M_11361
pdnc,qID,Q1273-1,she,677960,677963,7,1886,43,M_11362
pdnc,qID,Q1273-1,she,677985,677988,7,1886,43,M_11363
pdnc,qID,Q1273-1,Her,678031,678034,7,1886,43,M_11364
pdnc,qID,Q1273-1,your,678059,678063,0,1886,43,M_11365
pdnc,qID,Q1273-1,You,678103,678106,0,1886,43,M_11366
pdnc,qID,Q1273-1,she,678113,678116,7,1886,43,M_11367
pdnc,qID,Q1273-1,she,678148,678151,7,1886,43,M_11368
pdnc,qID,Q1273-1,her,678188,678191,7,1886,43,M_11369
pdnc,qID,Q1273-1,you,678222,678225,0,1886,43,M_11370
pdnc,qID,Q1273-1,her,678293,678296,7,1886,43,M_11371
pdnc,qID,Q1273-1,her,678305,678308,7,1886,43,M_11372
pdnc,qID,Q1273-1,her niece,678321,678330,4,1886,43,M_11373
pdnc,qID,Q1273-1,your,678418,678422,0,1886,43,M_11374
pdnc,qID,Q1273-1,her,678437,678440,7,1886,43,M_11375
pdnc,qID,Q1273-1,you,678467,678470,0,1886,43,M_11376
pdnc,qID,Q1273-1,Emma,678472,678476,0,1886,43,M_11377
pdnc,qID,Q1273-1,you,678551,678554,0,1886,43,M_11378
pdnc,qID,Q1273-1,your,678605,678609,0,1886,43,M_11379
pdnc,qID,Q1273-1,you,678661,678664,0,1886,43,M_11380
pdnc,qID,Q1273-1,you,678716,678719,0,1886,43,M_11381
exp,exp_name,miss bates,Miss Bates,679876,679886,7,1887,43,M_11382
exp,exp_name,harriet,Harriet,680241,680248,2,1888,43,M_11383
booknlp,COREF,112,herself,680276,680283,2,1888,43,M_11384
exp,exp_name,emma,Emma,680328,680332,0,1888,43,M_11385
booknlp,COREF,94,her,680361,680364,0,1888,43,M_11386
exp,exp_name,emma,Emma,680535,680539,0,1890,44,M_11387
booknlp,COREF,94,she,680621,680624,0,1890,44,M_11388
booknlp,COREF,94,her,680749,680752,0,1890,44,M_11389
booknlp,COREF,94,she,680907,680910,0,1890,44,M_11390
booknlp,COREF,94,her,680964,680967,0,1890,44,M_11391
booknlp,COREF,94,she,681042,681045,0,1890,44,M_11392
booknlp,COREF,94,she,681209,681212,0,1890,44,M_11393
booknlp,COREF,94,her,681227,681230,0,1890,44,M_11394
booknlp,COREF,94,she,681295,681298,0,1890,44,M_11395
booknlp,COREF,94,she,681305,681308,0,1890,44,M_11396
booknlp,COREF,94,She,681334,681337,0,1890,44,M_11397
booknlp,COREF,94,her,681370,681373,0,1890,44,M_11398
booknlp,COREF,94,you,681386,681389,0,1890,44,M_11399
booknlp,COREF,94,your,681409,681413,0,1890,44,M_11400
booknlp,COREF,94,you,681443,681446,0,1890,44,M_11401
exp,exp_name,miss bates,Miss Bates,681468,681478,7,1890,44,M_11402
booknlp,COREF,94,she,681559,681562,0,1890,44,M_11403
booknlp,COREF,94,She,681590,681593,0,1890,44,M_11404
booknlp,COREF,94,her,681617,681620,0,1890,44,M_11405
booknlp,COREF,94,her,681637,681640,0,1890,44,M_11406
booknlp,COREF,94,she,681774,681777,0,1890,44,M_11407
booknlp,COREF,94,her,681794,681797,0,1890,44,M_11408
booknlp,COREF,94,her,681856,681859,0,1890,44,M_11409
booknlp,COREF,94,She,681908,681911,0,1891,44,M_11410
booknlp,COREF,94,her,682000,682003,0,1891,44,M_11411
booknlp,COREF,94,she,682026,682029,0,1891,44,M_11412
booknlp,COREF,94,she,682044,682047,0,1891,44,M_11413
exp,exp_name,mr. knightley,Mr. Knightley,682058,682071,6,1891,44,M_11414
booknlp,COREF,94,her,682075,682078,0,1891,44,M_11415
booknlp,COREF,94,she,682120,682123,0,1891,44,M_11416
booknlp,COREF,94,her,682136,682139,0,1891,44,M_11417
booknlp,COREF,94,She,682147,682150,0,1891,44,M_11418
booknlp,COREF,94,She,682169,682172,0,1891,44,M_11419
booknlp,COREF,94,hers,682250,682254,0,1891,44,M_11420
booknlp,COREF,94,Her,682256,682259,0,1891,44,M_11421
booknlp,COREF,94,she,682289,682292,0,1891,44,M_11422
booknlp,COREF,94,she,682305,682308,0,1891,44,M_11423
booknlp,COREF,94,She,682354,682357,0,1892,44,M_11424
booknlp,COREF,94,her,682598,682601,0,1893,44,M_11425
booknlp,COREF,94,She,682647,682650,0,1893,44,M_11426
exp,exp_name,miss bates,Miss Bates,682657,682667,7,1893,44,M_11427
booknlp,COREF,94,her,682816,682819,0,1893,44,M_11428
exp,exp_name,jane,Jane,682898,682902,4,1893,44,M_11429
booknlp,COREF,94,she,682903,682906,0,1893,44,M_11430
booknlp,COREF,94,she,682997,683000,0,1893,44,M_11431
exp,exp_name,miss bates,Miss Bates,683007,683017,7,1893,44,M_11432
pdnc,qID,Q1274-0,my dear,683033,683040,4,1893,44,M_11433
pdnc,qID,Q1274-0,you,683056,683059,4,1893,44,M_11434
pdnc,qID,Q1274-0,you,683102,683105,4,1893,44,M_11435
exp,exp_name,mrs. bates,Mrs. Bates,683133,683143,11,1894,44,M_11436
booknlp,COREF,111,she,683185,683188,11,1894,44,M_11437
booknlp,COREF,111,I,683235,683236,11,1895,44,M_11438
pdnc,qID,Q1275-0,Jane,683247,683251,4,1895,44,M_11439
booknlp,COREF,111,she,683276,683279,11,1895,44,M_11440
booknlp,COREF,111,I,683286,683287,11,1895,44,M_11441
booknlp,COREF,111,me,683313,683315,11,1895,44,M_11442
pdnc,qID,Q1275-1,she,683316,683319,4,1895,44,M_11443
booknlp,COREF,111,I,683329,683330,11,1895,44,M_11444
pdnc,qID,Q1275-1,my daughter,683340,683351,7,1895,44,M_11445
pdnc,qID,Q1275-1,Miss Woodhouse,683376,683390,0,1895,44,M_11446
booknlp,COREF,111,I,683392,683393,11,1895,44,M_11447
pdnc,qID,Q1275-1,you,683399,683402,0,1895,44,M_11448
booknlp,COREF,111,I,683417,683418,11,1895,44,M_11449
booknlp,COREF,111,I,683444,683445,11,1895,44,M_11450
pdnc,qID,Q1275-1,you,683472,683475,0,1895,44,M_11451
pdnc,qID,Q1275-1,ma'am,683485,683490,0,1895,44,M_11452
pdnc,qID,Q1275-1,you,683495,683498,0,1895,44,M_11453
pdnc,qID,Q1275-1,you,683509,683512,0,1895,44,M_11454
booknlp,COREF,111,I,683519,683520,11,1895,44,M_11455
exp,exp_name,emma,Emma,683559,683563,0,1896,44,M_11456
booknlp,COREF,94,she,683580,683583,0,1896,44,M_11457
booknlp,COREF,94,She,683591,683594,0,1896,44,M_11458
exp,exp_name,miss bates,Miss Bates,683618,683628,7,1896,44,M_11459
booknlp,COREF,94,her,683647,683650,0,1896,44,M_11460
exp,exp_name,miss bates,Miss Bates,683656,683666,7,1896,44,M_11461
exp,exp_name,emma,Emma,683708,683712,0,1896,44,M_11462
booknlp,COREF,94,her,683731,683734,0,1896,44,M_11463
exp,exp_name,miss fairfax,Miss Fairfax,683854,683866,4,1896,44,M_11464
booknlp,COREF,94,she,683868,683871,0,1896,44,M_11465
pdnc,qID,Q1276-0,Miss Woodhouse,683961,683975,0,1897,44,M_11466
pdnc,qID,Q1276-0,you,683986,683989,0,1897,44,M_11467
pdnc,qID,Q1276-0,you,684006,684009,0,1897,44,M_11468
pdnc,qID,Q1277-0,her,684179,684182,4,1897,44,M_11469
pdnc,qID,Q1277-0,her,684201,684204,4,1897,44,M_11470
pdnc,qID,Q1277-0,she,684218,684221,4,1897,44,M_11471
pdnc,qID,Q1277-0,you,684301,684304,0,1897,44,M_11472
booknlp,COREF,94,My,684363,684365,0,1897,44,M_11473
booknlp,COREF,94,I,684378,684379,0,1897,44,M_11474
booknlp,COREF,93,you,684382,684385,0,1897,44,M_11475
pdnc,qID,Q1279-0,her,684426,684429,4,1897,44,M_11476
pdnc,qID,Q1279-0,she,684519,684522,4,1897,44,M_11477
booknlp,COREF,94,I,684565,684566,0,1897,44,M_11478
pdnc,qID,Q1279-0,Miss Woodhouse,684663,684677,0,1897,44,M_11479
pdnc,qID,Q1280-0,poor dear soul,684748,684762,4,1897,44,M_11480
pdnc,qID,Q1280-0,you,684767,684770,0,1897,44,M_11481
pdnc,qID,Q1280-0,she,684799,684802,4,1897,44,M_11482
pdnc,qID,Q1280-0,you,684835,684838,0,1897,44,M_11483
pdnc,qID,Q1280-0,She,684898,684901,4,1897,44,M_11484
pdnc,qID,Q1280-0,her,684936,684939,4,1897,44,M_11485
pdnc,qID,Q1280-0,she,684984,684987,4,1897,44,M_11486
pdnc,qID,Q1280-0,You,685025,685028,0,1897,44,M_11487
pdnc,qID,Q1280-0,her,685041,685044,4,1897,44,M_11488
pdnc,qID,Q1280-0,you,685059,685062,0,1897,44,M_11489
pdnc,qID,Q1280-0,she,685064,685067,4,1897,44,M_11490
pdnc,qID,Q1280-0,she,685081,685084,4,1897,44,M_11491
pdnc,qID,Q1280-0,her,685098,685101,4,1897,44,M_11492
booknlp,COREF,94,I,685112,685113,0,1897,44,M_11493
pdnc,qID,Q1280-0,her,685119,685122,4,1897,44,M_11494
booknlp,COREF,94,My,685150,685152,0,1897,44,M_11495
booknlp,COREF,94,I,685165,685166,0,1897,44,M_11496
booknlp,COREF,94,I,685169,685170,0,1897,44,M_11497
pdnc,qID,Q1282-0,she,685228,685231,4,1897,44,M_11498
pdnc,qID,Q1282-0,she,685240,685243,4,1897,44,M_11499
pdnc,qID,Q1282-0,she,685285,685288,4,1897,44,M_11500
pdnc,qID,Q1282-0,her,685301,685304,4,1897,44,M_11501
pdnc,qID,Q1282-0,she,685314,685317,4,1897,44,M_11502
pdnc,qID,Q1282-0,she,685323,685326,4,1897,44,M_11503
pdnc,qID,Q1282-0,She,685347,685350,4,1897,44,M_11504
pdnc,qID,Q1282-0,you,685390,685393,0,1897,44,M_11505
pdnc,qID,Q1282-0,Miss Woodhouse,685395,685409,0,1897,44,M_11506
pdnc,qID,Q1282-0,your,685415,685419,0,1897,44,M_11507
pdnc,qID,Q1282-0,her,685441,685444,4,1897,44,M_11508
pdnc,qID,Q1282-0,You,685446,685449,0,1897,44,M_11509
booknlp,COREF,94,I,685481,685482,0,1897,44,M_11510
pdnc,qID,Q1282-0,you,685602,685605,0,1897,44,M_11511
exp,exp_name,mrs. cole,Mrs. Cole,685675,685684,12,1897,44,M_11512
booknlp,COREF,94,I,685692,685693,0,1897,44,M_11513
pdnc,qID,Q1285-0,you,685870,685873,0,1897,44,M_11514
booknlp,COREF,94,I,685886,685887,0,1897,44,M_11515
exp,exp_name,miss woodhouse,Miss Woodhouse,685896,685910,0,1897,44,M_11516
booknlp,COREF,94,I,685912,685913,0,1897,44,M_11517
booknlp,COREF,93,you,685922,685925,0,1897,44,M_11518
pdnc,qID,Q1287-0,she,685975,685978,4,1897,44,M_11519
pdnc,qID,Q1287-0,she,685987,685990,4,1897,44,M_11520
pdnc,qID,Q1287-0,you,686046,686049,0,1897,44,M_11521
booknlp,COREF,93,you,686104,686107,0,1897,44,M_11522
booknlp,COREF,94,my,686117,686119,0,1897,44,M_11523
booknlp,COREF,94,I,686132,686133,0,1897,44,M_11524
booknlp,COREF,93,you,686136,686139,0,1897,44,M_11525
booknlp,COREF,94,I,686150,686151,0,1897,44,M_11526
booknlp,COREF,93,you,686161,686164,0,1897,44,M_11527
exp,exp_name,emma,Emma,686196,686200,0,1898,44,M_11528
booknlp,COREF,94,Her,686232,686235,0,1898,44,M_11529
exp,exp_name,jane,Jane,686279,686283,4,1898,44,M_11530
booknlp,COREF,94,her,686305,686308,0,1898,44,M_11531
booknlp,COREF,94,her,686391,686394,0,1898,44,M_11532
booknlp,COREF,94,her,686498,686501,0,1898,44,M_11533
exp,exp_name,jane,Jane,686516,686520,4,1898,44,M_11534
exp,exp_name,mrs. cole,Mrs. Cole,686560,686569,12,1898,44,M_11535
booknlp,COREF,94,she,686603,686606,0,1898,44,M_11536
booknlp,COREF,94,herself,686629,686636,0,1898,44,M_11537
booknlp,COREF,94,She,686638,686641,0,1898,44,M_11538
booknlp,COREF,94,she,686651,686654,0,1898,44,M_11539
booknlp,COREF,94,she,686744,686747,0,1898,44,M_11540
exp,exp_name,miss bates,Miss Bates,686763,686773,7,1898,44,M_11541
exp,exp_name,miss fairfax,Miss Fairfax,686829,686841,4,1898,44,M_11542
booknlp,COREF,94,She,686919,686922,0,1898,44,M_11543
exp,exp_name,miss bates,Miss Bates,687017,687027,7,1899,44,M_11544
pdnc,qID,Q1289-1,you,687034,687037,0,1899,44,M_11545
booknlp,COREF,94,her,687117,687120,0,1900,44,M_11546
exp,exp_name,emma,Emma,687141,687145,0,1900,44,M_11547
booknlp,COREF,94,I,687188,687189,0,1901,44,M_11548
pdnc,qID,Q1290-0,Miss Fairfax,687199,687211,4,1901,44,M_11549
pdnc,qID,Q1291-0,Jane,687598,687602,4,1902,44,M_11550
pdnc,qID,Q1292-0,Mrs. Elton,687648,687658,13,1903,44,M_11551
booknlp,COREF,94,I,687660,687661,0,1903,44,M_11552
pdnc,qID,Q1292-0,Miss Fairfax,687699,687711,4,1903,44,M_11553
pdnc,qID,Q1293-0,our good Mrs. Elton,687727,687746,13,1904,44,M_11554
pdnc,qID,Q1293-0,She,687785,687788,13,1904,44,M_11555
pdnc,qID,Q1293-0,She,687814,687817,13,1904,44,M_11556
pdnc,qID,Q1293-0,Jane,687832,687836,4,1904,44,M_11557
pdnc,qID,Q1293-0,Jane,687857,687861,4,1904,44,M_11558
pdnc,qID,Q1293-0,Jane,687958,687962,4,1904,44,M_11559
pdnc,qID,Q1293-0,she,687982,687985,4,1904,44,M_11560
pdnc,qID,Q1293-0,you,688053,688056,0,1904,44,M_11561
pdnc,qID,Q1293-0,you,688077,688080,0,1904,44,M_11562
pdnc,qID,Q1293-0,she,688086,688089,4,1904,44,M_11563
pdnc,qID,Q1293-0,her,688102,688105,4,1904,44,M_11564
pdnc,qID,Q1293-0,her,688191,688194,4,1904,44,M_11565
pdnc,qID,Q1293-0,she,688243,688246,4,1904,44,M_11566
pdnc,qID,Q1293-0,Mrs. Elton,688252,688262,13,1904,44,M_11567
booknlp,COREF,94,I,688288,688289,0,1904,44,M_11568
booknlp,COREF,94,I,688298,688299,0,1904,44,M_11569
pdnc,qID,Q1293-0,she,688322,688325,4,1904,44,M_11570
pdnc,qID,Q1293-0,her,688339,688342,4,1904,44,M_11571
pdnc,qID,Q1293-0,that good Mrs. Elton,688354,688374,13,1904,44,M_11572
pdnc,qID,Q1293-0,her,688403,688406,13,1904,44,M_11573
booknlp,COREF,94,I,688425,688426,0,1904,44,M_11574
pdnc,qID,Q1293-0,she,688501,688504,13,1904,44,M_11575
pdnc,qID,Q1293-0,Jane,688529,688533,4,1904,44,M_11576
pdnc,qID,Q1293-0,she,688548,688551,13,1904,44,M_11577
pdnc,qID,Q1293-0,she,688572,688575,13,1904,44,M_11578
pdnc,qID,Q1293-0,Jane,688624,688628,4,1904,44,M_11579
pdnc,qID,Q1293-0,her,688636,688639,13,1904,44,M_11580
pdnc,qID,Q1293-0,she,688641,688644,13,1904,44,M_11581
pdnc,qID,Q1293-0,Jane,688717,688721,4,1904,44,M_11582
booknlp,COREF,94,me,688753,688755,0,1904,44,M_11583
booknlp,COREF,94,I,688757,688758,0,1904,44,M_11584
pdnc,qID,Q1293-0,Jane,688784,688788,4,1904,44,M_11585
pdnc,qID,Q1293-0,Mrs. Elton,688794,688804,13,1904,44,M_11586
pdnc,qID,Q1293-0,her,688821,688824,13,1904,44,M_11587
pdnc,qID,Q1293-0,she,688905,688908,4,1904,44,M_11588
pdnc,qID,Q1294-0,You,689010,689013,7,1905,44,M_11589
pdnc,qID,Q1294-0,Mrs. Elton,689037,689047,13,1905,44,M_11590
pdnc,qID,Q1295-0,Mrs. Elton,689068,689078,13,1906,44,M_11591
pdnc,qID,Q1295-0,Mr. Knightley,689166,689179,6,1906,44,M_11592
booknlp,COREF,94,You,689182,689185,0,1906,44,M_11593
booknlp,COREF,94,your,689205,689209,0,1906,44,M_11594
pdnc,qID,Q1296-0,she,689233,689236,13,1906,44,M_11595
booknlp,COREF,94,you,689262,689265,0,1906,44,M_11596
pdnc,qID,Q1297-0,Mr. Knightley,689282,689295,6,1907,44,M_11597
pdnc,qID,Q1297-0,he,689315,689317,6,1907,44,M_11598
pdnc,qID,Q1298-0,Mr. Knightley,689330,689343,6,1908,44,M_11599
pdnc,qID,Q1298-0,he,689345,689347,6,1908,44,M_11600
booknlp,COREF,94,I,689387,689388,0,1908,44,M_11601
pdnc,qID,Q1298-0,he,689397,689399,6,1908,44,M_11602
pdnc,qID,Q1298-0,Mrs. Elton,689420,689430,13,1908,44,M_11603
pdnc,qID,Q1298-0,she,689440,689443,13,1908,44,M_11604
pdnc,qID,Q1298-0,him,689458,689461,6,1908,44,M_11605
pdnc,qID,Q1298-0,he,689467,689469,6,1908,44,M_11606
pdnc,qID,Q1298-0,my mother,689484,689493,11,1908,44,M_11607
pdnc,qID,Q1298-0,Jane,689499,689503,4,1908,44,M_11608
booknlp,COREF,94,I,689509,689510,0,1908,44,M_11609
pdnc,qID,Q1298-0,you,689584,689587,0,1908,44,M_11610
pdnc,qID,Q1298-0,Miss Woodhouse,689594,689608,0,1908,44,M_11611
pdnc,qID,Q1298-0,you,689723,689726,0,1908,44,M_11612
booknlp,COREF,94,I,689751,689752,0,1908,44,M_11613
booknlp,COREF,94,I,689828,689829,0,1908,44,M_11614
booknlp,COREF,94,me,689936,689938,0,1908,44,M_11615
pdnc,qID,Q1299-0,Miss Fairfax,689949,689961,4,1909,44,M_11616
booknlp,COREF,94,I,689963,689964,0,1909,44,M_11617
pdnc,qID,Q1299-0,you,689981,689984,7,1909,44,M_11618
pdnc,qID,Q1299-0,her,690026,690029,4,1909,44,M_11619
booknlp,COREF,94,I,690053,690054,0,1910,44,M_11620
pdnc,qID,Q1300-0,she,690064,690067,4,1910,44,M_11621
pdnc,qID,Q1301-0,her,690128,690131,4,1911,44,M_11622
pdnc,qID,Q1301-0,her,690140,690143,4,1911,44,M_11623
booknlp,COREF,94,I,690157,690158,0,1911,44,M_11624
pdnc,qID,Q1301-0,her,690164,690167,4,1911,44,M_11625
booknlp,COREF,94,I,690225,690226,0,1911,44,M_11626
pdnc,qID,Q1302-0,you,690289,690292,0,1912,44,M_11627
pdnc,qID,Q1302-0,dear Miss Woodhouse,690294,690313,0,1912,44,M_11628
pdnc,qID,Q1302-0,her,690376,690379,4,1912,44,M_11629
pdnc,qID,Q1302-0,Mrs. Elton,690507,690517,13,1912,44,M_11630
pdnc,qID,Q1302-0,Jane,690748,690752,4,1912,44,M_11631
pdnc,qID,Q1302-0,her,690859,690862,4,1912,44,M_11632
pdnc,qID,Q1302-0,her,690904,690907,4,1912,44,M_11633
pdnc,qID,Q1302-0,you,690918,690921,0,1912,44,M_11634
pdnc,qID,Q1302-0,Miss Woodhouse,690923,690937,0,1912,44,M_11635
pdnc,qID,Q1302-0,you,690944,690947,0,1912,44,M_11636
pdnc,qID,Q1302-0,you,690957,690960,0,1912,44,M_11637
pdnc,qID,Q1302-0,Jane,691052,691056,4,1912,44,M_11638
pdnc,qID,Q1303-0,madam,691065,691070,7,1913,44,M_11639
exp,exp_name,emma,Emma,691079,691083,0,1913,44,M_11640
booknlp,COREF,94,I,691125,691126,0,1913,44,M_11641
booknlp,COREF,94,myself,691149,691155,0,1913,44,M_11642
booknlp,COREF,94,I,691157,691158,0,1913,44,M_11643
booknlp,COREF,94,I,691202,691203,0,1913,44,M_11644
booknlp,COREF,94,You,691279,691282,0,1914,44,M_11645
booknlp,COREF,94,your,691299,691303,0,1914,44,M_11646
pdnc,qID,Q1305-0,Miss Fairfax,691326,691338,4,1915,44,M_11647
pdnc,qID,Q1305-0,you,691348,691351,7,1915,44,M_11648
pdnc,qID,Q1306-0,My poor mother,691467,691481,11,1916,44,M_11649
booknlp,COREF,94,I,691521,691522,0,1916,44,M_11650
pdnc,qID,Q1306-0,her,691544,691547,11,1916,44,M_11651
pdnc,qID,Q1306-0,ma'am,691572,691577,11,1916,44,M_11652
pdnc,qID,Q1307-0,Her,691621,691624,4,1917,44,M_11653
pdnc,qID,Q1307-0,her,691659,691662,4,1917,44,M_11654
pdnc,qID,Q1307-0,she,691725,691728,4,1917,44,M_11655
booknlp,COREF,149,herself,691741,691748,4,1917,44,M_11656
pdnc,qID,Q1308-0,Jane,691778,691782,4,1918,44,M_11657
pdnc,qID,Q1308-0,she,691788,691791,4,1918,44,M_11658
pdnc,qID,Q1308-0,she,691848,691851,4,1918,44,M_11659
booknlp,COREF,149,herself,691864,691871,4,1918,44,M_11660
booknlp,COREF,94,I,691896,691897,0,1918,44,M_11661
pdnc,qID,Q1308-0,she,691921,691924,4,1918,44,M_11662
booknlp,COREF,94,me,691936,691938,0,1918,44,M_11663
pdnc,qID,Q1308-0,she,691944,691947,4,1918,44,M_11664
pdnc,qID,Q1308-0,Mrs. Elton,691967,691977,13,1918,44,M_11665
pdnc,qID,Q1308-0,Mrs. Elton,691988,691998,13,1918,44,M_11666
booknlp,COREF,94,me,692038,692040,0,1918,44,M_11667
booknlp,COREF,94,I,692179,692180,0,1918,44,M_11668
booknlp,COREF,94,I,692212,692213,0,1918,44,M_11669
booknlp,COREF,94,I,692229,692230,0,1918,44,M_11670
pdnc,qID,Q1308-0,Mr. Elton,692285,692294,8,1918,44,M_11671
exp,exp_name,john,John,692338,692342,5,1918,44,M_11672
pdnc,qID,Q1308-0,him,692375,692378,8,1918,44,M_11673
exp,exp_name,john,John,692389,692393,5,1918,44,M_11674
booknlp,COREF,94,I,692395,692396,0,1918,44,M_11675
booknlp,COREF,313,him,692421,692424,5,1918,44,M_11676
booknlp,COREF,313,he,692426,692428,5,1918,44,M_11677
booknlp,COREF,94,my,692442,692444,0,1918,44,M_11678
booknlp,COREF,313,he,692500,692502,5,1918,44,M_11679
booknlp,COREF,313,his,692561,692564,5,1918,44,M_11680
booknlp,COREF,94,I,692573,692574,0,1918,44,M_11681
booknlp,COREF,313,him,692591,692594,5,1918,44,M_11682
pdnc,qID,Q1308-0,Jane,692615,692619,4,1918,44,M_11683
booknlp,COREF,94,I,692621,692622,0,1918,44,M_11684
pdnc,qID,Q1308-0,she,692635,692638,4,1918,44,M_11685
exp,exp_name,john,John,692665,692669,5,1918,44,M_11686
pdnc,qID,Q1308-0,Mr. Elton,692692,692701,8,1918,44,M_11687
pdnc,qID,Q1308-0,he,692732,692734,8,1918,44,M_11688
pdnc,qID,Q1308-0,you,692763,692766,0,1918,44,M_11689
pdnc,qID,Q1308-0,Mr. Elton,692908,692917,8,1918,44,M_11690
pdnc,qID,Q1308-0,he,692929,692931,8,1918,44,M_11691
exp,exp_name,john,John,692945,692949,5,1918,44,M_11692
pdnc,qID,Q1308-0,him,692974,692977,8,1918,44,M_11693
pdnc,qID,Q1308-0,Mr. Frank Churchill,693054,693073,1,1918,44,M_11694
pdnc,qID,Q1308-0,Jane,693144,693148,4,1918,44,M_11695
pdnc,qID,Q1308-0,Mrs. Elton,693158,693168,13,1918,44,M_11696
exp,exp_name,miss bates,Miss Bates,693172,693182,7,1919,44,M_11697
exp,exp_name,emma,Emma,693201,693205,0,1919,44,M_11698
booknlp,COREF,94,her,693261,693264,0,1919,44,M_11699
booknlp,COREF,94,she,693308,693311,0,1919,44,M_11700
exp,exp_name,mr. frank churchill,Mr. Frank Churchill,693359,693378,1,1919,44,M_11701
booknlp,COREF,94,she,693388,693391,0,1919,44,M_11702
exp,exp_name,mr. elton,Mr. Elton,693452,693461,8,1920,44,M_11703
exp,exp_name,mr. churchill,Mr. Churchill,693778,693791,1,1920,44,M_11704
booknlp,COREF,103,his,693801,693804,1,1920,44,M_11705
exp,exp_name,churchill,Churchill,693881,693890,1,1920,44,M_11706
exp,exp_name,mr. frank churchill,Mr. Frank Churchill,693978,693997,1,1920,44,M_11707
booknlp,COREF,103,his,694063,694066,1,1920,44,M_11708
exp,exp_name,emma,Emma,694336,694340,0,1921,44,M_11709
booknlp,COREF,94,her,694410,694413,0,1921,44,M_11710
exp,exp_name,churchill,Churchill,694446,694455,1,1921,44,M_11711
exp,exp_name,jane fairfax,Jane Fairfax,694487,694499,4,1921,44,M_11712
booknlp,COREF,94,her,694510,694513,0,1921,44,M_11713
booknlp,COREF,94,she,694559,694562,0,1921,44,M_11714
booknlp,COREF,94,her,694642,694645,0,1921,44,M_11715
exp,exp_name,miss bates,Miss Bates,694678,694688,7,1921,44,M_11716
pdnc,qID,Q1309-0,you,694717,694720,0,1922,44,M_11717
pdnc,qID,Q1309-0,Poor dear Jane,694793,694807,4,1922,44,M_11718
pdnc,qID,Q1309-1,she,694857,694860,4,1922,44,M_11719
booknlp,COREF,94,You,694863,694866,0,1922,44,M_11720
booknlp,COREF,94,You,694884,694887,0,1922,44,M_11721
pdnc,qID,Q1309-2,she,694945,694948,4,1922,44,M_11722
pdnc,qID,Q1309-3,she,695133,695136,4,1922,44,M_11723
exp,exp_name,emma,Emma,695199,695203,0,1923,44,M_11724
booknlp,COREF,94,her,695271,695274,0,1923,44,M_11725
booknlp,COREF,94,she,695343,695346,0,1923,44,M_11726
booknlp,COREF,94,herself,695360,695367,0,1923,44,M_11727
booknlp,COREF,94,her,695379,695382,0,1923,44,M_11728
booknlp,COREF,94,she,695454,695457,0,1923,44,M_11729
booknlp,COREF,94,she,695504,695507,0,1923,44,M_11730
exp,exp_name,emma,Emma,695549,695553,0,1925,45,M_11731
booknlp,COREF,94,she,695580,695583,0,1925,45,M_11732
booknlp,COREF,94,she,695648,695651,0,1925,45,M_11733
booknlp,COREF,94,her,695679,695682,0,1925,45,M_11734
exp,exp_name,mr. knightley,Mr. Knightley,695684,695697,6,1925,45,M_11735
exp,exp_name,harriet,Harriet,695702,695709,2,1925,45,M_11736
booknlp,COREF,94,her,695729,695732,0,1925,45,M_11737
booknlp,COREF,94,her,695764,695767,0,1925,45,M_11738
exp,exp_name,mr. knightley,Mr. Knightley,695777,695790,6,1925,45,M_11739
pdnc,qID,Q1310-0,you,695899,695902,0,1926,45,M_11740
pdnc,qID,Q1310-0,John,696021,696025,5,1926,45,M_11741
pdnc,qID,Q1310-0,Isabella,696030,696038,3,1926,45,M_11742
pdnc,qID,Q1310-0,you,696045,696048,0,1926,45,M_11743
exp,exp_name,emma,Emma,696232,696236,0,1929,45,M_11744
booknlp,COREF,94,her,696266,696269,0,1929,45,M_11745
booknlp,COREF,94,she,696312,696315,0,1929,45,M_11746
booknlp,COREF,94,her,696429,696432,0,1929,45,M_11747
pdnc,qID,Q1313-0,my dear,696469,696476,0,1930,45,M_11748
pdnc,qID,Q1313-0,you,696486,696489,0,1930,45,M_11749
pdnc,qID,Q1313-0,you,696521,696524,0,1930,45,M_11750
pdnc,qID,Q1313-0,my worthy old friend,696530,696550,11,1930,45,M_11751
pdnc,qID,Q1313-0,her daughter,696555,696567,7,1930,45,M_11752
pdnc,qID,Q1313-0,you,696622,696625,0,1930,45,M_11753
pdnc,qID,Q1313-0,Dear Emma,696638,696647,0,1930,45,M_11754
exp,exp_name,miss bates,Miss Bates,696677,696687,7,1930,45,M_11755
pdnc,qID,Q1313-0,Mr. Knightley,696689,696702,6,1930,45,M_11756
pdnc,qID,Q1313-0,you,696714,696717,6,1930,45,M_11757
pdnc,qID,Q1313-0,She,696726,696729,0,1930,45,M_11758
exp,exp_name,emma,Emma,696764,696768,0,1931,45,M_11759
booknlp,COREF,94,she,696875,696878,0,1931,45,M_11760
exp,exp_name,mr. knightley,Mr. Knightley,696889,696902,6,1931,45,M_11761
booknlp,COREF,94,her,696963,696966,0,1931,45,M_11762
booknlp,COREF,94,hers,697014,697018,0,1931,45,M_11763
booknlp,COREF,94,her,697055,697058,0,1931,45,M_11764
booknlp,COREF,94,her,697117,697120,0,1931,45,M_11765
booknlp,COREF,94,She,697144,697147,0,1931,45,M_11766
booknlp,COREF,94,her,697283,697286,0,1931,45,M_11767
booknlp,COREF,94,she,697302,697305,0,1931,45,M_11768
booknlp,COREF,94,herself,697314,697321,0,1931,45,M_11769
booknlp,COREF,94,she,697345,697348,0,1931,45,M_11770
booknlp,COREF,94,she,697364,697367,0,1931,45,M_11771
booknlp,COREF,94,her,697420,697423,0,1931,45,M_11772
booknlp,COREF,94,she,697648,697651,0,1931,45,M_11773
booknlp,COREF,94,she,697702,697705,0,1931,45,M_11774
booknlp,COREF,94,she,697885,697888,0,1931,45,M_11775
exp,exp_name,emma,Emma,698285,698289,0,1932,45,M_11776
booknlp,COREF,94,her,698307,698310,0,1932,45,M_11777
exp,exp_name,miss bates,Miss Bates,698326,698336,7,1932,45,M_11778
booknlp,COREF,94,she,698342,698345,0,1932,45,M_11779
booknlp,COREF,94,she,698353,698356,0,1932,45,M_11780
booknlp,COREF,94,her,698366,698369,0,1932,45,M_11781
exp,exp_name,jane fairfax,Jane Fairfax,698441,698453,4,1932,45,M_11782
exp,exp_name,mr. knightley,Mr. Knightley,698471,698484,6,1932,45,M_11783
booknlp,COREF,94,she,698501,698504,0,1932,45,M_11784
booknlp,COREF,94,she,698561,698564,0,1932,45,M_11785
booknlp,COREF,94,she,698757,698760,0,1932,45,M_11786
booknlp,COREF,94,her,698878,698881,0,1932,45,M_11787
booknlp,COREF,94,she,698887,698890,0,1932,45,M_11788
booknlp,COREF,94,she,698974,698977,0,1932,45,M_11789
booknlp,COREF,94,she,699004,699007,0,1932,45,M_11790
booknlp,COREF,94,her,699061,699064,0,1933,45,M_11791
exp,exp_name,mr. knightley,Mr. Knightley,699112,699125,6,1933,45,M_11792
booknlp,COREF,94,she,699198,699201,0,1933,45,M_11793
exp,exp_name,emma,Emma,699230,699234,0,1933,45,M_11794
booknlp,COREF,94,her,699248,699251,0,1933,45,M_11795
exp,exp_name,jane fairfax,Jane Fairfax,699260,699272,4,1933,45,M_11796
booknlp,COREF,94,her,699278,699281,0,1933,45,M_11797
exp,exp_name,jane fairfax,Jane Fairfax,699424,699436,4,1933,45,M_11798
exp,exp_name,mr. knightley,Mr. Knightley,699500,699513,6,1933,45,M_11799
pdnc,qID,Q1314-0,my dear,699587,699594,0,1934,45,M_11800
pdnc,qID,Q1314-0,she,699604,699607,4,1934,45,M_11801
pdnc,qID,Q1314-0,Mrs. Elton,699641,699651,13,1934,45,M_11802
booknlp,COREF,149,her,699703,699706,4,1934,45,M_11803
pdnc,qID,Q1314-0,her,699791,699794,4,1934,45,M_11804
pdnc,qID,Q1314-0,poor Miss Taylor,699874,699890,15,1934,45,M_11805
pdnc,qID,Q1314-0,You,699913,699916,0,1934,45,M_11806
pdnc,qID,Q1314-0,my dear,699923,699930,0,1934,45,M_11807
pdnc,qID,Q1314-0,she,699932,699935,4,1934,45,M_11808
pdnc,qID,Q1314-0,Miss Taylor,699973,699984,15,1934,45,M_11809
pdnc,qID,Q1314-0,she,700007,700010,4,1934,45,M_11810
pdnc,qID,Q1314-0,her,700094,700097,4,1934,45,M_11811
exp,exp_name,churchill,Churchill,700267,700276,1,1935,45,M_11812
exp,exp_name,churchill,Churchill,700564,700573,1,1935,45,M_11813
exp,exp_name,churchill,Churchill,701016,701025,1,1936,45,M_11814
exp,exp_name,churchill,Churchill,701329,701338,1,1937,45,M_11815
exp,exp_name,mr. churchill,Mr. Churchill,701532,701545,1,1937,45,M_11816
exp,exp_name,mr. churchill,Mr. Churchill,701562,701575,1,1937,45,M_11817
exp,exp_name,mr. churchill,Mr. Churchill,701609,701622,1,1937,45,M_11818
exp,exp_name,mr. weston,Mr. Weston,701655,701665,9,1937,45,M_11819
booknlp,COREF,86,his,701672,701675,9,1937,45,M_11820
booknlp,COREF,86,his,701775,701778,9,1937,45,M_11821
booknlp,COREF,86,his,701827,701830,9,1937,45,M_11822
exp,exp_name,frank,Frank,701957,701962,1,1937,45,M_11823
exp,exp_name,emma,Emma,702046,702050,0,1937,45,M_11824
exp,exp_name,churchill,Churchill,702074,702083,1,1937,45,M_11825
booknlp,COREF,94,her,702111,702114,0,1937,45,M_11826
exp,exp_name,frank,Frank,702215,702220,1,1937,45,M_11827
booknlp,COREF,94,She,702279,702282,0,1937,45,M_11828
exp,exp_name,harriet smith,Harriet Smith,702344,702357,2,1937,45,M_11829
exp,exp_name,mr. churchill,Mr. Churchill,702391,702404,1,1937,45,M_11830
booknlp,COREF,103,his,702421,702424,1,1937,45,M_11831
booknlp,COREF,103,his,702510,702513,1,1937,45,M_11832
booknlp,COREF,94,her,702615,702618,0,1937,45,M_11833
exp,exp_name,emma,Emma,702642,702646,0,1937,45,M_11834
exp,exp_name,harriet,Harriet,702701,702708,2,1938,45,M_11835
booknlp,COREF,112,she,702784,702787,2,1938,45,M_11836
booknlp,COREF,112,she,702817,702820,2,1938,45,M_11837
exp,exp_name,emma,Emma,702839,702843,0,1938,45,M_11838
booknlp,COREF,94,her,702886,702889,0,1938,45,M_11839
exp,exp_name,churchill,Churchill,703017,703026,1,1938,45,M_11840
exp,exp_name,frank,Frank,703080,703085,1,1939,45,M_11841
exp,exp_name,mr. churchill,Mr. Churchill,703188,703201,1,1939,45,M_11842
exp,exp_name,mr. churchill,Mr. Churchill,703373,703386,1,1939,45,M_11843
exp,exp_name,harriet,Harriet,703479,703486,2,1939,45,M_11844
exp,exp_name,emma,Emma,703554,703558,0,1939,45,M_11845
exp,exp_name,jane fairfax,Jane Fairfax,703620,703632,4,1940,45,M_11846
exp,exp_name,harriet,Harriet,703670,703677,2,1940,45,M_11847
booknlp,COREF,94,her,703777,703780,0,1940,45,M_11848
exp,exp_name,emma,Emma,703800,703804,0,1940,45,M_11849
booknlp,COREF,94,She,703837,703840,0,1940,45,M_11850
booknlp,COREF,94,her,703881,703884,0,1940,45,M_11851
booknlp,COREF,94,she,703921,703924,0,1940,45,M_11852
booknlp,COREF,94,she,703990,703993,0,1940,45,M_11853
booknlp,COREF,94,She,704055,704058,0,1940,45,M_11854
booknlp,COREF,94,her,704082,704085,0,1940,45,M_11855
booknlp,COREF,94,her,704114,704117,0,1940,45,M_11856
booknlp,COREF,94,She,704166,704169,0,1940,45,M_11857
booknlp,COREF,94,her,704193,704196,0,1940,45,M_11858
exp,exp_name,miss fairfax,Miss Fairfax,704311,704323,4,1940,45,M_11859
booknlp,COREF,94,she,704431,704434,0,1940,45,M_11860
booknlp,COREF,94,her,704498,704501,0,1940,45,M_11861
booknlp,COREF,94,she,704536,704539,0,1940,45,M_11862
booknlp,COREF,94,her,704651,704654,0,1940,45,M_11863
booknlp,COREF,94,Her,704704,704707,0,1940,45,M_11864
booknlp,COREF,94,her,704954,704957,0,1940,45,M_11865
booknlp,COREF,94,she,704970,704973,0,1940,45,M_11866
booknlp,COREF,94,she,704999,705002,0,1940,45,M_11867
booknlp,COREF,94,she,705026,705029,0,1940,45,M_11868
booknlp,COREF,94,herself,705041,705048,0,1940,45,M_11869
booknlp,COREF,94,she,705057,705060,0,1940,45,M_11870
booknlp,COREF,94,Her,705079,705082,0,1940,45,M_11871
booknlp,COREF,94,Her,705108,705111,0,1940,45,M_11872
booknlp,COREF,94,her,705262,705265,0,1940,45,M_11873
booknlp,COREF,94,Her,705390,705393,0,1940,45,M_11874
exp,exp_name,miss fairfax,Miss Fairfax,705499,705511,4,1940,45,M_11875
exp,exp_name,emma,Emma,705551,705555,0,1940,45,M_11876
booknlp,COREF,94,her,705603,705606,0,1940,45,M_11877
booknlp,COREF,94,her,705692,705695,0,1940,45,M_11878
booknlp,COREF,94,her,705729,705732,0,1940,45,M_11879
booknlp,COREF,94,her,705747,705750,0,1940,45,M_11880
booknlp,COREF,94,her,705843,705846,0,1940,45,M_11881
booknlp,COREF,94,she,705879,705882,0,1940,45,M_11882
booknlp,COREF,94,she,705932,705935,0,1940,45,M_11883
booknlp,COREF,94,she,705956,705959,0,1940,45,M_11884
booknlp,COREF,94,her,705975,705978,0,1940,45,M_11885
exp,exp_name,jane,Jane,706012,706016,4,1940,45,M_11886
booknlp,COREF,94,she,706045,706048,0,1940,45,M_11887
exp,exp_name,miss fairfax,Miss Fairfax,706168,706180,4,1941,45,M_11888
exp,exp_name,emma,Emma,706247,706251,0,1942,45,M_11889
booknlp,COREF,94,her,706262,706265,0,1942,45,M_11890
booknlp,COREF,94,she,706415,706418,0,1942,45,M_11891
booknlp,COREF,94,she,706439,706442,0,1942,45,M_11892
booknlp,COREF,94,she,706543,706546,0,1942,45,M_11893
exp,exp_name,mrs. bates,Mrs. Bates,706582,706592,11,1942,45,M_11894
exp,exp_name,jane,Jane,706613,706617,4,1942,45,M_11895
booknlp,COREF,94,her,706643,706646,0,1942,45,M_11896
exp,exp_name,miss bates,Miss Bates,706670,706680,7,1942,45,M_11897
booknlp,COREF,149,her,706741,706744,4,1942,45,M_11898
exp,exp_name,miss bates,Miss Bates,706882,706892,7,1942,45,M_11899
exp,exp_name,jane,Jane,706932,706936,4,1942,45,M_11900
booknlp,COREF,149,her,707008,707011,4,1942,45,M_11901
exp,exp_name,emma,Emma,707020,707024,0,1942,45,M_11902
booknlp,COREF,149,she,707032,707035,4,1942,45,M_11903
booknlp,COREF,149,her,707052,707055,4,1942,45,M_11904
booknlp,COREF,149,her,707067,707070,4,1942,45,M_11905
booknlp,COREF,149,she,707102,707105,4,1942,45,M_11906
exp,exp_name,miss bates,Miss Bates,707127,707137,7,1942,45,M_11907
booknlp,COREF,149,she,707158,707161,4,1942,45,M_11908
booknlp,COREF,149,her,707175,707178,4,1942,45,M_11909
exp,exp_name,miss woodhouse,Miss Woodhouse,707206,707220,0,1942,45,M_11910
exp,exp_name,jane,Jane,707264,707268,4,1942,45,M_11911
exp,exp_name,mrs. elton,Mrs. Elton,707318,707328,13,1942,45,M_11912
exp,exp_name,mrs. cole,Mrs. Cole,707363,707372,12,1942,45,M_11913
exp,exp_name,jane,Jane,707447,707451,4,1942,45,M_11914
exp,exp_name,emma,Emma,707479,707483,0,1943,45,M_11915
booknlp,COREF,94,she,707621,707624,0,1943,45,M_11916
booknlp,COREF,94,herself,707654,707661,0,1943,45,M_11917
booknlp,COREF,94,she,707663,707666,0,1943,45,M_11918
exp,exp_name,miss bates,Miss Bates,707709,707719,7,1943,45,M_11919
booknlp,COREF,149,her,707734,707737,4,1943,45,M_11920
booknlp,COREF,149,she,707771,707774,4,1943,45,M_11921
exp,exp_name,miss bates,Miss Bates,707825,707835,7,1943,45,M_11922
exp,exp_name,jane,Jane,707878,707882,4,1943,45,M_11923
exp,exp_name,emma,Emma,708050,708054,0,1944,45,M_11924
exp,exp_name,miss bates,Miss Bates,708211,708221,7,1944,45,M_11925
exp,exp_name,miss bates,Miss Bates,708321,708331,7,1944,45,M_11926
exp,exp_name,jane,Jane,708343,708347,4,1944,45,M_11927
booknlp,COREF,149,she,708415,708418,4,1944,45,M_11928
booknlp,COREF,149,she,708450,708453,4,1944,45,M_11929
booknlp,COREF,149,her,708466,708469,4,1944,45,M_11930
booknlp,COREF,149,she,708483,708486,4,1944,45,M_11931
exp,exp_name,emma,Emma,708531,708535,0,1945,45,M_11932
exp,exp_name,jane fairfax,Jane Fairfax,708558,708570,4,1945,45,M_11933
booknlp,COREF,149,she,708688,708691,4,1945,45,M_11934
booknlp,COREF,149,her,708785,708788,4,1945,45,M_11935
booknlp,COREF,149,she,708806,708809,4,1945,45,M_11936
exp,exp_name,jane,Jane,708866,708870,4,1945,45,M_11937
booknlp,COREF,149,her,708913,708916,4,1945,45,M_11938
booknlp,COREF,149,She,708919,708922,4,1945,45,M_11939
booknlp,COREF,149,Her,708946,708949,4,1945,45,M_11940
booknlp,COREF,149,her,709124,709127,4,1945,45,M_11941
booknlp,COREF,149,she,709133,709136,4,1945,45,M_11942
booknlp,COREF,149,she,709230,709233,4,1945,45,M_11943
booknlp,COREF,149,her,709270,709273,4,1945,45,M_11944
booknlp,COREF,149,herself,709324,709331,4,1945,45,M_11945
exp,exp_name,mr. knightley,Mr. Knightley,709344,709357,6,1945,45,M_11946
booknlp,COREF,149,her,709381,709384,4,1945,45,M_11947
exp,exp_name,jane fairfax,Jane Fairfax,709407,709419,4,1945,45,M_11948
booknlp,COREF,149,her,709450,709453,4,1945,45,M_11949
exp,exp_name,churchill,Churchill,709580,709589,1,1947,46,M_11950
exp,exp_name,emma,Emma,709601,709605,0,1947,46,M_11951
exp,exp_name,mr. weston,Mr. Weston,709631,709641,9,1947,46,M_11952
booknlp,COREF,94,her,709715,709718,0,1947,46,M_11953
booknlp,COREF,94,her,709729,709732,0,1947,46,M_11954
booknlp,COREF,94,her,709772,709775,0,1947,46,M_11955
booknlp,COREF,94,she,709780,709783,0,1947,46,M_11956
booknlp,COREF,86,his,709811,709814,9,1947,46,M_11957
booknlp,COREF,94,her,709862,709865,0,1947,46,M_11958
pdnc,qID,Q1316-0,you,709880,709883,0,1948,46,M_11959
pdnc,qID,Q1316-0,Mrs. Weston,709951,709962,15,1948,46,M_11960
pdnc,qID,Q1316-0,you,709976,709979,0,1948,46,M_11961
pdnc,qID,Q1316-0,She,709981,709984,15,1948,46,M_11962
pdnc,qID,Q1316-0,you,709994,709997,0,1948,46,M_11963
pdnc,qID,Q1317-0,she,710005,710008,15,1949,46,M_11964
pdnc,qID,Q1318-0,She,710064,710067,15,1950,46,M_11965
pdnc,qID,Q1318-0,you,710113,710116,0,1950,46,M_11966
pdnc,qID,Q1318-0,she,710122,710125,15,1950,46,M_11967
pdnc,qID,Q1318-0,you,710135,710138,0,1950,46,M_11968
pdnc,qID,Q1318-0,you,710157,710160,0,1950,46,M_11969
pdnc,qID,Q1319-0,you,710209,710212,0,1950,46,M_11970
pdnc,qID,Q1320-0,you,710249,710252,9,1951,46,M_11971
pdnc,qID,Q1320-0,you,710293,710296,9,1951,46,M_11972
pdnc,qID,Q1320-0,she,710348,710351,15,1951,46,M_11973
booknlp,COREF,86,me,710383,710385,9,1952,46,M_11974
pdnc,qID,Q1321-0,You,710414,710417,0,1952,46,M_11975
exp,exp_name,emma,Emma,710549,710553,0,1953,46,M_11976
booknlp,COREF,94,her,710621,710624,0,1953,46,M_11977
booknlp,COREF,94,she,710642,710645,0,1953,46,M_11978
booknlp,COREF,94,her,710697,710700,0,1953,46,M_11979
booknlp,COREF,94,she,710714,710717,0,1953,46,M_11980
booknlp,COREF,94,her,710729,710732,0,1953,46,M_11981
booknlp,COREF,94,she,710743,710746,0,1953,46,M_11982
exp,exp_name,mr. weston,Mr. Weston,710751,710761,9,1953,46,M_11983
exp,exp_name,emma,Emma,710859,710863,0,1954,46,M_11984
pdnc,qID,Q1322-1,Mr. Weston,710917,710927,9,1954,46,M_11985
booknlp,COREF,94,me,710936,710938,0,1954,46,M_11986
booknlp,COREF,94,me,711008,711010,0,1955,46,M_11987
booknlp,COREF,94,I,711012,711013,0,1955,46,M_11988
pdnc,qID,Q1323-1,my wife,711023,711030,15,1955,46,M_11989
pdnc,qID,Q1323-1,her,711050,711053,15,1955,46,M_11990
pdnc,qID,Q1323-1,She,711055,711058,15,1955,46,M_11991
pdnc,qID,Q1323-1,you,711076,711079,0,1955,46,M_11992
booknlp,COREF,94,I,711092,711093,0,1955,46,M_11993
pdnc,qID,Q1323-1,Emma,711120,711124,0,1955,46,M_11994
booknlp,COREF,94,me,711172,711174,0,1956,46,M_11995
exp,exp_name,emma,Emma,711183,711187,0,1956,46,M_11996
pdnc,qID,Q1324-1,Mr. Weston,711230,711240,9,1956,46,M_11997
booknlp,COREF,94,me,711247,711249,0,1956,46,M_11998
booknlp,COREF,94,I,711304,711305,0,1956,46,M_11999
booknlp,COREF,94,me,711324,711326,0,1956,46,M_12000
booknlp,COREF,94,I,711328,711329,0,1956,46,M_12001
pdnc,qID,Q1324-1,you,711337,711340,9,1956,46,M_12002
booknlp,COREF,94,me,711346,711348,0,1956,46,M_12003
pdnc,qID,Q1325-0,you,711387,711390,0,1957,46,M_12004
pdnc,qID,Q1326-0,Mr. Weston,711410,711420,9,1958,46,M_12005
booknlp,COREF,94,my,711466,711468,0,1958,46,M_12006
pdnc,qID,Q1326-0,you,711545,711548,9,1958,46,M_12007
booknlp,COREF,94,my,711608,711610,0,1959,46,M_12008
pdnc,qID,Q1327-0,Emma,711617,711621,0,1959,46,M_12009
pdnc,qID,Q1328-0,Your,711628,711632,9,1960,46,M_12010
pdnc,qID,Q1328-0,your,711648,711652,9,1960,46,M_12011
pdnc,qID,Q1328-0,your,711679,711683,9,1960,46,M_12012
booknlp,COREF,94,me,711780,711782,0,1960,46,M_12013
pdnc,qID,Q1329-1,Knightley,711965,711974,6,1961,46,M_12014
exp,exp_name,emma,Emma,711978,711982,0,1962,46,M_12015
booknlp,COREF,94,she,712007,712010,0,1962,46,M_12016
pdnc,qID,Q1330-1,you,712088,712091,0,1963,46,M_12017
pdnc,qID,Q1330-1,you,712161,712164,0,1963,46,M_12018
pdnc,qID,Q1330-1,my dear Emma,712229,712241,0,1963,46,M_12019
exp,exp_name,emma,Emma,712424,712428,0,1964,46,M_12020
booknlp,COREF,94,she,712440,712443,0,1964,46,M_12021
booknlp,COREF,94,She,712490,712493,0,1964,46,M_12022
booknlp,COREF,94,her,712545,712548,0,1964,46,M_12023
booknlp,COREF,94,her,712589,712592,0,1964,46,M_12024
booknlp,COREF,94,Her,712798,712801,0,1964,46,M_12025
exp,exp_name,frank,Frank,712874,712879,1,1964,46,M_12026
booknlp,COREF,94,her,712952,712955,0,1964,46,M_12027
booknlp,COREF,94,she,713054,713057,0,1965,46,M_12028
exp,exp_name,mr. weston,Mr. Weston,713102,713112,9,1965,46,M_12029
booknlp,COREF,86,his,713124,713127,9,1965,46,M_12030
booknlp,COREF,86,I,713164,713165,9,1966,46,M_12031
pdnc,qID,Q1332-0,Frank,713204,713209,1,1966,46,M_12032
pdnc,qID,Q1332-0,Frank,713222,713227,1,1966,46,M_12033
booknlp,COREF,86,I,713229,713230,9,1966,46,M_12034
booknlp,COREF,86,you,713238,713241,9,1966,46,M_12035
booknlp,COREF,86,You,713243,713246,9,1966,46,M_12036
pdnc,qID,Q1332-0,him,713260,713263,1,1966,46,M_12037
pdnc,qID,Q1332-0,He,713265,713267,1,1966,46,M_12038
pdnc,qID,Q1333-0,your son,713312,713320,1,1967,46,M_12039
booknlp,COREF,86,you,713331,713334,9,1967,46,M_12040
pdnc,qID,Q1334-0,you,713362,713365,0,1968,46,M_12041
booknlp,COREF,86,he,713412,713414,9,1969,46,M_12042
pdnc,qID,Q1335-0,Frank,713490,713495,1,1970,46,M_12043
pdnc,qID,Q1336-0,my dear,713605,713612,15,1971,46,M_12044
booknlp,COREF,86,he,713620,713622,9,1971,46,M_12045
pdnc,qID,Q1336-1,her,713666,713669,0,1971,46,M_12046
booknlp,COREF,86,I,713679,713680,9,1971,46,M_12047
pdnc,qID,Q1336-1,you,713686,713689,15,1971,46,M_12048
booknlp,COREF,86,I,713711,713712,9,1971,46,M_12049
booknlp,COREF,86,I,713765,713766,9,1971,46,M_12050
pdnc,qID,Q1336-1,you,713792,713795,15,1971,46,M_12051
booknlp,COREF,86,me,713801,713803,9,1971,46,M_12052
exp,exp_name,emma,Emma,713811,713815,0,1971,46,M_12053
booknlp,COREF,86,him,713833,713836,9,1971,46,M_12054
booknlp,COREF,86,he,713866,713868,9,1971,46,M_12055
booknlp,COREF,86,my,713912,713914,9,1971,46,M_12056
pdnc,qID,Q1337-0,She,713921,713924,0,1971,46,M_12057
exp,exp_name,mrs. weston,Mrs. Weston,713951,713962,15,1972,46,M_12058
exp,exp_name,emma,Emma,714028,714032,0,1972,46,M_12059
pdnc,qID,Q1338-0,my dear friend,714120,714134,15,1973,46,M_12060
pdnc,qID,Q1338-0,you,714357,714360,15,1973,46,M_12061
pdnc,qID,Q1338-0,your,714378,714382,15,1973,46,M_12062
pdnc,qID,Q1339-0,you,714421,714424,0,1974,46,M_12063
exp,exp_name,mrs. weston,Mrs. Weston,714447,714458,15,1974,46,M_12064
pdnc,qID,Q1339-1,you,714489,714492,0,1974,46,M_12065
pdnc,qID,Q1339-1,my dear Emma,714494,714506,0,1974,46,M_12066
pdnc,qID,Q1339-1,you,714515,714518,0,1974,46,M_12067
pdnc,qID,Q1339-1,you,714543,714546,0,1974,46,M_12068
pdnc,qID,Q1340-0,Mr. Frank Churchill,714592,714611,1,1975,46,M_12069
pdnc,qID,Q1341-0,You,714628,714631,0,1976,46,M_12070
pdnc,qID,Q1341-0,him,714661,714664,1,1976,46,M_12071
pdnc,qID,Q1341-0,you,714682,714685,0,1976,46,M_12072
pdnc,qID,Q1342-0,He,714761,714763,1,1976,46,M_12073
pdnc,qID,Q1342-0,He,714871,714873,1,1976,46,M_12074
pdnc,qID,Q1342-0,his father,714891,714901,9,1976,46,M_12075
exp,exp_name,emma,Emma,714971,714975,0,1977,46,M_12076
booknlp,COREF,94,herself,714993,715000,0,1977,46,M_12077
exp,exp_name,harriet,Harriet,715014,715021,2,1977,46,M_12078
exp,exp_name,mrs. weston,Mrs. Weston,715067,715078,15,1978,46,M_12079
pdnc,qID,Q1343-1,you,715130,715133,0,1978,46,M_12080
pdnc,qID,Q1343-1,Emma,715139,715143,0,1978,46,M_12081
pdnc,qID,Q1343-1,Frank Churchill,715191,715206,1,1978,46,M_12082
pdnc,qID,Q1343-1,Miss Fairfax,715211,715223,4,1978,46,M_12083
exp,exp_name,emma,Emma,715279,715283,0,1979,46,M_12084
pdnc,qID,Q1344-0,Jane Fairfax,715345,715357,4,1980,46,M_12085
pdnc,qID,Q1344-0,You,715370,715373,15,1980,46,M_12086
pdnc,qID,Q1344-0,You,715391,715394,15,1980,46,M_12087
pdnc,qID,Q1345-0,You,715414,715417,0,1981,46,M_12088
exp,exp_name,mrs. weston,Mrs. Weston,715448,715459,15,1981,46,M_12089
exp,exp_name,emma,Emma,715522,715526,0,1981,46,M_12090
pdnc,qID,Q1345-1,You,715557,715560,0,1981,46,M_12091
pdnc,qID,Q1345-1,her,715792,715795,4,1981,46,M_12092
pdnc,qID,Q1345-1,his,715808,715811,1,1981,46,M_12093
pdnc,qID,Q1345-1,him,715961,715964,1,1981,46,M_12094
exp,exp_name,emma,Emma,715968,715972,0,1982,46,M_12095
booknlp,COREF,94,her,716044,716047,0,1982,46,M_12096
exp,exp_name,miss fairfax,Miss Fairfax,716088,716100,4,1982,46,M_12097
exp,exp_name,harriet,Harriet,716111,716118,2,1982,46,M_12098
booknlp,COREF,94,she,716139,716142,0,1982,46,M_12099
booknlp,COREF,94,she,716226,716229,0,1983,46,M_12100
booknlp,COREF,94,herself,716257,716264,0,1983,46,M_12101
booknlp,COREF,94,I,716296,716297,0,1983,46,M_12102
booknlp,COREF,94,I,716340,716341,0,1983,46,M_12103
pdnc,qID,Q1346-1,her,716386,716389,4,1983,46,M_12104
booknlp,COREF,94,me,716504,716506,0,1984,46,M_12105
pdnc,qID,Q1347-0,Emma,716508,716512,0,1984,46,M_12106
pdnc,qID,Q1347-0,his father,716537,716547,9,1984,46,M_12107
pdnc,qID,Q1347-0,his,716574,716577,1,1984,46,M_12108
exp,exp_name,emma,Emma,716606,716610,0,1985,46,M_12109
booknlp,COREF,94,I,716649,716650,0,1985,46,M_12110
pdnc,qID,Q1348-0,you,716688,716691,15,1985,46,M_12111
pdnc,qID,Q1348-0,you,716705,716708,15,1985,46,M_12112
booknlp,COREF,94,my,716727,716729,0,1985,46,M_12113
pdnc,qID,Q1348-0,his,716781,716784,1,1985,46,M_12114
booknlp,COREF,94,me,716799,716801,0,1985,46,M_12115
pdnc,qID,Q1348-0,you,716806,716809,15,1985,46,M_12116
exp,exp_name,mrs. weston,Mrs. Weston,716833,716844,15,1986,46,M_12117
exp,exp_name,emma,Emma,716879,716883,0,1986,46,M_12118
booknlp,COREF,94,her,716915,716918,0,1986,46,M_12119
pdnc,qID,Q1349-0,you,716933,716936,15,1987,46,M_12120
booknlp,COREF,94,my,716990,716992,0,1987,46,M_12121
booknlp,COREF,94,she,717024,717027,0,1987,46,M_12122
booknlp,COREF,94,I,717040,717041,0,1987,46,M_12123
pdnc,qID,Q1349-1,you,717060,717063,15,1987,46,M_12124
booknlp,COREF,94,I,717133,717134,0,1987,46,M_12125
pdnc,qID,Q1349-1,him,717144,717147,1,1987,46,M_12126
booknlp,COREF,94,I,717154,717155,0,1987,46,M_12127
pdnc,qID,Q1349-1,him,717197,717200,1,1987,46,M_12128
booknlp,COREF,94,I,717306,717307,0,1987,46,M_12129
pdnc,qID,Q1349-1,him,717393,717396,1,1987,46,M_12130
pdnc,qID,Q1349-1,You,717398,717401,15,1987,46,M_12131
booknlp,COREF,94,me,717414,717416,0,1987,46,M_12132
pdnc,qID,Q1349-1,Mrs. Weston,717418,717429,15,1987,46,M_12133
exp,exp_name,mrs. weston,Mrs. Weston,717459,717470,15,1988,46,M_12134
booknlp,COREF,94,her,717478,717481,0,1988,46,M_12135
booknlp,COREF,94,her,717544,717547,0,1988,46,M_12136
booknlp,COREF,94,her,717581,717584,0,1988,46,M_12137
pdnc,qID,Q1350-0,Mr. Weston,717640,717650,9,1989,46,M_12138
booknlp,COREF,94,myself,717686,717692,0,1989,46,M_12139
booknlp,COREF,94,she,717700,717703,0,1989,46,M_12140
pdnc,qID,Q1350-1,you,717772,717775,0,1989,46,M_12141
pdnc,qID,Q1350-1,your,717886,717890,0,1989,46,M_12142
booknlp,COREF,94,I,717903,717904,0,1990,46,M_12143
booknlp,COREF,94,I,717928,717929,0,1990,46,M_12144
pdnc,qID,Q1351-0,you,717983,717986,15,1990,46,M_12145
booknlp,COREF,94,myself,717991,717997,0,1990,46,M_12146
pdnc,qID,Q1351-0,him,718025,718028,1,1990,46,M_12147
pdnc,qID,Q1351-0,Mrs. Weston,718031,718042,15,1990,46,M_12148
booknlp,COREF,94,I,718048,718049,0,1990,46,M_12149
booknlp,COREF,94,I,718065,718066,0,1990,46,M_12150
pdnc,qID,Q1351-0,him,718073,718076,1,1990,46,M_12151
pdnc,qID,Q1351-0,he,718110,718112,1,1990,46,M_12152
pdnc,qID,Q1351-0,he,718218,718220,1,1990,46,M_12153
pdnc,qID,Q1351-0,he,718248,718250,1,1990,46,M_12154
pdnc,qID,Q1351-0,he,718332,718334,1,1990,46,M_12155
pdnc,qID,Q1351-0,he,718356,718358,1,1990,46,M_12156
pdnc,qID,Q1351-0,he,718398,718400,1,1990,46,M_12157
pdnc,qID,Q1351-0,he,718420,718422,1,1990,46,M_12158
pdnc,qID,Q1351-0,he,718450,718452,1,1990,46,M_12159
pdnc,qID,Q1351-0,he,718463,718465,1,1990,46,M_12160
booknlp,COREF,94,me,718486,718488,0,1990,46,M_12161
pdnc,qID,Q1351-0,him,718502,718505,1,1990,46,M_12162
pdnc,qID,Q1352-0,he,718562,718564,1,1991,46,M_12163
pdnc,qID,Q1352-0,my dear Emma,718571,718583,0,1991,46,M_12164
booknlp,COREF,94,I,718585,718586,0,1991,46,M_12165
pdnc,qID,Q1353-0,she,718622,718625,4,1992,46,M_12166
pdnc,qID,Q1353-0,her,718751,718754,4,1992,46,M_12167
booknlp,COREF,94,I,718818,718819,0,1992,46,M_12168
pdnc,qID,Q1354-0,Emma,718902,718906,0,1993,46,M_12169
pdnc,qID,Q1354-0,he,718908,718910,1,1993,46,M_12170
pdnc,qID,Q1354-0,He,718930,718932,1,1993,46,M_12171
pdnc,qID,Q1354-0,He,718978,718980,1,1993,46,M_12172
pdnc,qID,Q1354-0,he,719095,719097,1,1993,46,M_12173
pdnc,qID,Q1354-0,he,719152,719154,1,1993,46,M_12174
pdnc,qID,Q1354-0,his,719310,719313,1,1993,46,M_12175
pdnc,qID,Q1355-0,Mrs. Weston,719343,719354,15,1994,46,M_12176
pdnc,qID,Q1355-0,him,719426,719429,1,1994,46,M_12177
booknlp,COREF,94,I,719431,719432,0,1994,46,M_12178
pdnc,qID,Q1355-0,him,719460,719463,1,1994,46,M_12179
booknlp,COREF,94,my,719467,719469,0,1994,46,M_12180
pdnc,qID,Q1355-0,his,719679,719682,1,1994,46,M_12181
pdnc,qID,Q1356-0,dear Emma,719697,719706,0,1995,46,M_12182
booknlp,COREF,94,I,719712,719713,0,1995,46,M_12183
pdnc,qID,Q1356-0,his,719724,719727,1,1995,46,M_12184
pdnc,qID,Q1356-0,he,719745,719747,1,1995,46,M_12185
booknlp,COREF,94,I,719781,719782,0,1995,46,M_12186
pdnc,qID,Q1356-0,him,719794,719797,1,1995,46,M_12187
pdnc,qID,Q1356-0,his,719824,719827,1,1995,46,M_12188
booknlp,COREF,184,Good God,719877,719885,4,1996,46,M_12189
exp,exp_name,emma,Emma,719894,719898,0,1996,46,M_12190
pdnc,qID,Q1357-1,Jane,719946,719950,4,1996,46,M_12191
pdnc,qID,Q1357-1,he,720007,720009,1,1996,46,M_12192
pdnc,qID,Q1357-1,her,720054,720057,4,1996,46,M_12193
booknlp,COREF,184,herself,720068,720075,4,1996,46,M_12194
pdnc,qID,Q1357-1,her,720087,720090,4,1996,46,M_12195
pdnc,qID,Q1358-0,He,720127,720129,1,1997,46,M_12196
pdnc,qID,Q1358-0,Emma,720153,720157,0,1997,46,M_12197
booknlp,COREF,94,I,720175,720176,0,1997,46,M_12198
pdnc,qID,Q1358-0,him,720194,720197,1,1997,46,M_12199
booknlp,COREF,184,hers,720230,720234,4,1997,46,M_12200
pdnc,qID,Q1358-0,him,720256,720259,1,1997,46,M_12201
booknlp,COREF,94,I,720337,720338,0,1997,46,M_12202
pdnc,qID,Q1358-0,he,720344,720346,1,1997,46,M_12203
pdnc,qID,Q1358-0,he,720352,720354,1,1997,46,M_12204
booknlp,COREF,184,her,720377,720380,4,1997,46,M_12205
pdnc,qID,Q1358-0,him,720402,720405,1,1997,46,M_12206
booknlp,COREF,94,I,720407,720408,0,1997,46,M_12207
booknlp,COREF,184,she,720490,720493,4,1997,46,M_12208
pdnc,qID,Q1358-0,hers,720529,720533,0,1997,46,M_12209
pdnc,qID,Q1358-0,him,720552,720555,1,1997,46,M_12210
pdnc,qID,Q1358-0,his,720595,720598,1,1997,46,M_12211
booknlp,COREF,86,himself,720612,720619,9,1997,46,M_12212
pdnc,qID,Q1358-0,his,720623,720626,1,1997,46,M_12213
exp,exp_name,emma,Emma,720738,720742,0,1998,46,M_12214
pdnc,qID,Q1359-0,him,720787,720790,1,1999,46,M_12215
exp,exp_name,mrs. weston,Mrs. Weston,720808,720819,15,1999,46,M_12216
pdnc,qID,Q1359-1,He,720822,720824,1,1999,46,M_12217
pdnc,qID,Q1359-1,he,720850,720852,1,1999,46,M_12218
pdnc,qID,Q1359-1,he,720876,720878,1,1999,46,M_12219
pdnc,qID,Q1359-1,him,721192,721195,1,1999,46,M_12220
pdnc,qID,Q1359-1,him,721231,721234,1,1999,46,M_12221
booknlp,COREF,86,His,721480,721483,9,2000,46,M_12222
exp,exp_name,emma,Emma,721506,721510,0,2000,46,M_12223
booknlp,COREF,86,him,721546,721549,9,2000,46,M_12224
exp,exp_name,mr. churchill,Mr. Churchill,721579,721592,1,2000,46,M_12225
pdnc,qID,Q1361-0,his nephew,721625,721635,1,2001,46,M_12226
booknlp,COREF,103,his,721642,721645,1,2001,46,M_12227
exp,exp_name,churchill,Churchill,721759,721768,1,2001,46,M_12228
booknlp,COREF,94,I,721776,721777,0,2001,46,M_12229
booknlp,COREF,86,his,722072,722075,9,2001,46,M_12230
exp,exp_name,emma,Emma,722129,722133,0,2002,46,M_12231
booknlp,COREF,86,he,722136,722138,9,2002,46,M_12232
pdnc,qID,Q1362-1,Harriet,722167,722174,2,2002,46,M_12233
pdnc,qID,Q1363-0,Frank,722212,722217,1,2003,46,M_12234
pdnc,qID,Q1363-0,He,722255,722257,1,2003,46,M_12235
booknlp,COREF,94,I,722295,722296,0,2003,46,M_12236
pdnc,qID,Q1363-0,his,722379,722382,1,2003,46,M_12237
pdnc,qID,Q1363-0,he,722398,722400,1,2003,46,M_12238
booknlp,COREF,94,I,722448,722449,0,2003,46,M_12239
pdnc,qID,Q1363-0,you,722455,722458,0,2003,46,M_12240
pdnc,qID,Q1363-0,he,722460,722462,1,2003,46,M_12241
pdnc,qID,Q1363-0,He,722509,722511,1,2003,46,M_12242
pdnc,qID,Q1363-0,him,722577,722580,1,2003,46,M_12243
booknlp,COREF,94,I,722630,722631,0,2003,46,M_12244
pdnc,qID,Q1363-0,him,722646,722649,1,2003,46,M_12245
pdnc,qID,Q1363-0,her,722724,722727,4,2003,46,M_12246
pdnc,qID,Q1363-0,he,722750,722752,1,2003,46,M_12247
pdnc,qID,Q1363-0,his,722821,722824,1,2003,46,M_12248
pdnc,qID,Q1364-0,you,722869,722872,15,2004,46,M_12249
exp,exp_name,emma,Emma,723022,723026,0,2005,46,M_12250
pdnc,qID,Q1365-0,He,723102,723104,1,2006,46,M_12251
exp,exp_name,emma,Emma,723206,723210,0,2007,46,M_12252
booknlp,COREF,94,I,723213,723214,0,2007,46,M_12253
booknlp,COREF,94,I,723275,723276,0,2007,46,M_12254
booknlp,COREF,94,I,723303,723304,0,2007,46,M_12255
exp,exp_name,mrs. weston,Mrs. Weston,724002,724013,15,2008,46,M_12256
pdnc,qID,Q1368-0,You,724119,724122,15,2009,46,M_12257
pdnc,qID,Q1368-0,Your,724137,724141,15,2009,46,M_12258
booknlp,COREF,94,my,724171,724173,0,2009,46,M_12259
pdnc,qID,Q1368-0,you,724184,724187,15,2009,46,M_12260
pdnc,qID,Q1368-0,a certain friend of ours,724197,724221,6,2009,46,M_12261
pdnc,qID,Q1368-0,the lady,724235,724243,4,2009,46,M_12262
pdnc,qID,Q1369-0,Miss Fairfax,724308,724320,4,2010,46,M_12263
pdnc,qID,Q1369-0,her,724375,724378,4,2010,46,M_12264
pdnc,qID,Q1369-0,him,724406,724409,1,2010,46,M_12265
exp,exp_name,mr. weston,Mr. Weston,724457,724467,9,2011,46,M_12266
booknlp,COREF,86,His,724539,724542,9,2011,46,M_12267
booknlp,COREF,86,him,724553,724556,9,2011,46,M_12268
booknlp,COREF,86,him,724578,724581,9,2011,46,M_12269
booknlp,COREF,86,he,724597,724599,9,2011,46,M_12270
pdnc,qID,Q1370-0,dearest Emma,724631,724643,0,2011,46,M_12271
booknlp,COREF,86,me,724649,724651,9,2011,46,M_12272
pdnc,qID,Q1370-0,you,724660,724663,0,2011,46,M_12273
pdnc,qID,Q1370-0,his,724705,724708,1,2011,46,M_12274
pdnc,qID,Q1370-0,him,724736,724739,1,2011,46,M_12275
pdnc,qID,Q1370-0,her,724854,724857,4,2011,46,M_12276
exp,exp_name,mr. churchill,Mr. Churchill,724907,724920,1,2011,46,M_12277
pdnc,qID,Q1370-0,him,725004,725007,1,2011,46,M_12278
pdnc,qID,Q1370-0,Frank,725013,725018,1,2011,46,M_12279
booknlp,COREF,86,I,725020,725021,9,2011,46,M_12280
pdnc,qID,Q1370-0,he,725033,725035,1,2011,46,M_12281
booknlp,COREF,103,himself,725057,725064,1,2011,46,M_12282
pdnc,qID,Q1370-0,a girl,725068,725074,4,2011,46,M_12283
booknlp,COREF,86,I,725128,725129,9,2011,46,M_12284
pdnc,qID,Q1370-0,her,725148,725151,4,2011,46,M_12285
pdnc,qID,Q1370-0,her,725194,725197,4,2011,46,M_12286
pdnc,qID,Q1370-0,her,725306,725309,4,2011,46,M_12287
exp,exp_name,emma,Emma,725365,725369,0,2012,46,M_12288
pdnc,qID,Q1371-1,Jane Fairfax,725469,725481,4,2012,46,M_12289
booknlp,COREF,94,She,725571,725574,0,2013,46,M_12290
exp,exp_name,mr. weston,Mr. Weston,725579,725589,9,2013,46,M_12291
booknlp,COREF,86,his,725593,725596,9,2013,46,M_12292
pdnc,qID,Q1372-0,you,725669,725672,9,2014,46,M_12293
booknlp,COREF,94,me,725691,725693,0,2014,46,M_12294
booknlp,COREF,94,my,725700,725702,0,2014,46,M_12295
booknlp,COREF,94,I,725728,725729,0,2014,46,M_12296
booknlp,COREF,94,my,725753,725755,0,2014,46,M_12297
booknlp,COREF,94,my,725780,725782,0,2014,46,M_12298
pdnc,qID,Q1372-0,you,725807,725810,9,2014,46,M_12299
booknlp,COREF,94,me,725829,725831,0,2014,46,M_12300
booknlp,COREF,94,I,725833,725834,0,2014,46,M_12301
pdnc,qID,Q1372-0,you,725843,725846,9,2014,46,M_12302
pdnc,qID,Q1372-0,your,725861,725865,9,2014,46,M_12303
pdnc,qID,Q1372-0,you,725999,726002,9,2014,46,M_12304
pdnc,qID,Q1372-0,Mr. Weston,726004,726014,9,2014,46,M_12305
booknlp,COREF,94,my,726025,726027,0,2014,46,M_12306
pdnc,qID,Q1372-0,one of the most lovely and accomplished young women in England,726061,726123,4,2014,46,M_12307
pdnc,qID,Q1372-0,your,726128,726132,9,2014,46,M_12308
booknlp,COREF,86,him,726169,726172,9,2015,46,M_12309
booknlp,COREF,86,his,726177,726180,9,2015,46,M_12310
booknlp,COREF,86,him,726197,726200,9,2015,46,M_12311
booknlp,COREF,86,his,726274,726277,9,2015,46,M_12312
booknlp,COREF,86,His,726301,726304,9,2015,46,M_12313
booknlp,COREF,86,he,726352,726354,9,2015,46,M_12314
booknlp,COREF,86,he,726456,726458,9,2015,46,M_12315
booknlp,COREF,86,His,726538,726541,9,2015,46,M_12316
booknlp,COREF,86,he,726680,726682,9,2015,46,M_12317
exp,exp_name,emma,Emma,726717,726721,0,2015,46,M_12318
booknlp,COREF,86,he,726756,726758,9,2015,46,M_12319
exp,exp_name,frank,Frank,726846,726851,1,2015,46,M_12320
pdnc,qID,Q1373-0,Harriet,726895,726902,2,2017,47,M_12321
pdnc,qID,Q1373-0,poor Harriet,726904,726916,2,2017,47,M_12322
exp,exp_name,emma,Emma,726981,726985,0,2017,47,M_12323
booknlp,COREF,94,her,727065,727068,0,2017,47,M_12324
exp,exp_name,frank churchill,Frank Churchill,727070,727085,1,2017,47,M_12325
booknlp,COREF,86,his,727167,727170,9,2017,47,M_12326
booknlp,COREF,86,him,727225,727228,9,2017,47,M_12327
booknlp,COREF,86,he,727254,727256,9,2017,47,M_12328
exp,exp_name,harriet,Harriet,727279,727286,2,2017,47,M_12329
booknlp,COREF,86,his,727327,727330,9,2017,47,M_12330
exp,exp_name,harriet,Harriet,727346,727353,2,2017,47,M_12331
booknlp,COREF,112,her,727387,727390,2,2017,47,M_12332
exp,exp_name,mr. knightley,Mr. Knightley,727420,727433,6,2017,47,M_12333
booknlp,COREF,86,he,727465,727467,9,2017,47,M_12334
exp,exp_name,emma,Emma,727480,727484,0,2017,47,M_12335
booknlp,COREF,94,you,727486,727489,0,2017,47,M_12336
exp,exp_name,harriet smith,Harriet Smith,727513,727526,2,2017,47,M_12337
exp,exp_name,harriet,Harriet,727801,727808,2,2017,47,M_12338
exp,exp_name,harriet,Harriet,727828,727835,2,2017,47,M_12339
booknlp,COREF,112,her,727853,727856,2,2017,47,M_12340
exp,exp_name,frank churchill,Frank Churchill,727886,727901,1,2017,47,M_12341
booknlp,COREF,112,she,727909,727912,2,2017,47,M_12342
booknlp,COREF,112,her,727928,727931,2,2017,47,M_12343
booknlp,COREF,112,she,727959,727962,2,2017,47,M_12344
booknlp,COREF,112,she,728012,728015,2,2017,47,M_12345
booknlp,COREF,112,She,728038,728041,2,2017,47,M_12346
booknlp,COREF,112,Her,728111,728114,2,2017,47,M_12347
booknlp,COREF,112,she,728157,728160,2,2017,47,M_12348
booknlp,COREF,112,she,728185,728188,2,2017,47,M_12349
booknlp,COREF,112,she,728234,728237,2,2017,47,M_12350
booknlp,COREF,112,her,728255,728258,2,2017,47,M_12351
booknlp,COREF,112,her,728341,728344,2,2017,47,M_12352
exp,exp_name,harriet,Harriet,728353,728360,2,2017,47,M_12353
booknlp,COREF,112,she,728367,728370,2,2017,47,M_12354
booknlp,COREF,112,herself,728386,728393,2,2017,47,M_12355
booknlp,COREF,103,him,728406,728409,1,2017,47,M_12356
booknlp,COREF,103,his,728467,728470,1,2017,47,M_12357
booknlp,COREF,112,"her.--""But",728487,728497,2,2017,47,M_12358
booknlp,COREF,112,she,728519,728522,2,2017,47,M_12359
booknlp,COREF,112,I,728531,728532,2,2017,47,M_12360
booknlp,COREF,112,I,728543,728544,2,2017,47,M_12361
booknlp,COREF,112,She,728570,728573,2,2018,47,M_12362
booknlp,COREF,112,herself,728599,728606,2,2018,47,M_12363
booknlp,COREF,112,she,728611,728614,2,2018,47,M_12364
exp,exp_name,frank churchill,Frank Churchill,728646,728661,1,2018,47,M_12365
exp,exp_name,jane fairfax,Jane Fairfax,728704,728716,4,2018,47,M_12366
booknlp,COREF,112,she,728718,728721,2,2018,47,M_12367
booknlp,COREF,112,her,728745,728748,2,2018,47,M_12368
booknlp,COREF,112,her,728789,728792,2,2018,47,M_12369
exp,exp_name,harriet,Harriet,728802,728809,2,2018,47,M_12370
booknlp,COREF,112,she,728835,728838,2,2018,47,M_12371
exp,exp_name,jane,Jane,728871,728875,4,2018,47,M_12372
exp,exp_name,emma,Emma,729078,729082,0,2018,47,M_12373
booknlp,COREF,112,her,729105,729108,2,2018,47,M_12374
exp,exp_name,jane,Jane,729230,729234,4,2018,47,M_12375
booknlp,COREF,149,she,729242,729245,4,2018,47,M_12376
booknlp,COREF,149,she,729289,729292,4,2018,47,M_12377
booknlp,COREF,112,She,729470,729473,2,2018,47,M_12378
booknlp,COREF,112,her,729507,729510,2,2018,47,M_12379
booknlp,COREF,112,she,729593,729596,2,2018,47,M_12380
exp,exp_name,jane fairfax,Jane Fairfax,729615,729627,4,2018,47,M_12381
booknlp,COREF,149,her,729678,729681,4,2018,47,M_12382
exp,exp_name,harriet,Harriet,729699,729706,2,2018,47,M_12383
exp,exp_name,emma,Emma,729796,729800,0,2018,47,M_12384
exp,exp_name,harriet,Harriet,729999,730006,2,2018,47,M_12385
exp,exp_name,mr. weston,Mr. Weston,730176,730186,9,2018,47,M_12386
exp,exp_name,mr. churchill,Mr. Churchill,730270,730283,1,2018,47,M_12387
booknlp,COREF,103,he,730342,730344,1,2018,47,M_12388
exp,exp_name,emma,Emma,730433,730437,0,2018,47,M_12389
exp,exp_name,harriet,Harriet,730462,730469,2,2018,47,M_12390
booknlp,COREF,112,her,730495,730498,2,2018,47,M_12391
booknlp,COREF,112,her,730527,730530,2,2019,47,M_12392
booknlp,COREF,112,she,730541,730544,2,2019,47,M_12393
booknlp,COREF,112,she,730595,730598,2,2019,47,M_12394
exp,exp_name,harriet,Harriet,730671,730678,2,2019,47,M_12395
exp,exp_name,mrs. weston,Mrs. Weston,730686,730697,15,2019,47,M_12396
booknlp,COREF,112,her,730791,730794,2,2019,47,M_12397
booknlp,COREF,112,she,730796,730799,2,2019,47,M_12398
booknlp,COREF,94,Her,730847,730850,0,2019,47,M_12399
exp,exp_name,harriet,Harriet,730879,730886,2,2019,47,M_12400
booknlp,COREF,94,she,730913,730916,0,2019,47,M_12401
exp,exp_name,mrs. weston,Mrs. Weston,730936,730947,15,2019,47,M_12402
booknlp,COREF,112,she,730959,730962,2,2019,47,M_12403
pdnc,qID,Q1375-0,Miss Woodhouse,731114,731128,0,2020,47,M_12404
exp,exp_name,harriet,Harriet,731137,731144,2,2020,47,M_12405
booknlp,COREF,112,you,731236,731239,2,2021,47,M_12406
exp,exp_name,emma,Emma,731255,731259,0,2021,47,M_12407
exp,exp_name,harriet,Harriet,731304,731311,2,2021,47,M_12408
pdnc,qID,Q1377-0,Jane Fairfax,731357,731369,4,2022,47,M_12409
pdnc,qID,Q1377-0,you,731375,731378,0,2022,47,M_12410
pdnc,qID,Q1377-0,you,731416,731419,0,2022,47,M_12411
booknlp,COREF,112,me,731455,731457,2,2022,47,M_12412
pdnc,qID,Q1377-0,Mr. Weston,731463,731473,9,2022,47,M_12413
booknlp,COREF,112,me,731483,731485,2,2022,47,M_12414
booknlp,COREF,86,himself,731486,731493,9,2022,47,M_12415
booknlp,COREF,112,I,731495,731496,2,2022,47,M_12416
pdnc,qID,Q1377-0,him,731501,731504,9,2022,47,M_12417
pdnc,qID,Q1377-0,He,731515,731517,9,2022,47,M_12418
booknlp,COREF,112,me,731523,731525,2,2022,47,M_12419
booknlp,COREF,112,I,731571,731572,2,2022,47,M_12420
pdnc,qID,Q1377-0,you,731623,731626,0,2022,47,M_12421
pdnc,qID,Q1377-0,he,731632,731634,9,2022,47,M_12422
pdnc,qID,Q1377-0,you,731640,731643,0,2022,47,M_12423
pdnc,qID,Q1378-0,Mr. Weston,731665,731675,9,2023,47,M_12424
pdnc,qID,Q1378-0,you,731681,731684,2,2023,47,M_12425
exp,exp_name,emma,Emma,731693,731697,0,2023,47,M_12426
pdnc,qID,Q1379-0,he,731722,731724,9,2024,47,M_12427
booknlp,COREF,112,me,731730,731732,2,2024,47,M_12428
pdnc,qID,Q1379-0,Jane Fairfax,731752,731764,4,2024,47,M_12429
pdnc,qID,Q1379-0,Mr. Frank Churchill,731769,731788,1,2024,47,M_12430
exp,exp_name,harriet,Harriet,731922,731929,2,2025,47,M_12431
exp,exp_name,emma,Emma,731969,731973,0,2025,47,M_12432
booknlp,COREF,112,Her,732009,732012,2,2025,47,M_12433
booknlp,COREF,112,She,732052,732055,2,2025,47,M_12434
exp,exp_name,emma,Emma,732153,732157,0,2025,47,M_12435
booknlp,COREF,112,her,732168,732171,2,2025,47,M_12436
pdnc,qID,Q1380-0,you,732202,732205,0,2026,47,M_12437
exp,exp_name,harriet,Harriet,732223,732230,2,2026,47,M_12438
pdnc,qID,Q1380-1,his,732236,732239,1,2026,47,M_12439
pdnc,qID,Q1380-1,her,732259,732262,4,2026,47,M_12440
pdnc,qID,Q1380-1,You,732265,732268,0,2026,47,M_12441
pdnc,qID,Q1380-1,You,732287,732290,0,2026,47,M_12442
booknlp,COREF,112,she,732304,732307,2,2026,47,M_12443
booknlp,COREF,94,my,732378,732380,0,2027,47,M_12444
exp,exp_name,emma,Emma,732393,732397,0,2027,47,M_12445
booknlp,COREF,94,I,732400,732401,0,2027,47,M_12446
booknlp,COREF,94,my,732417,732419,0,2027,47,M_12447
pdnc,qID,Q1381-1,you,732448,732451,2,2027,47,M_12448
booknlp,COREF,94,me,732466,732468,0,2027,47,M_12449
pdnc,qID,Q1381-1,Harriet,732470,732477,2,2027,47,M_12450
booknlp,COREF,94,I,732487,732488,0,2027,47,M_12451
pdnc,qID,Q1381-1,him,732498,732501,1,2027,47,M_12452
booknlp,COREF,94,I,732550,732551,0,2027,47,M_12453
pdnc,qID,Q1381-1,you,732593,732596,2,2027,47,M_12454
pdnc,qID,Q1381-1,your,732612,732616,2,2027,47,M_12455
pdnc,qID,Q1381-1,Mr. Frank Churchill,732699,732718,1,2027,47,M_12456
pdnc,qID,Q1381-1,Jane Fairfax,732749,732761,4,2027,47,M_12457
pdnc,qID,Q1381-1,You,732763,732766,2,2027,47,M_12458
booknlp,COREF,94,I,732792,732793,0,2027,47,M_12459
booknlp,COREF,94,I,732799,732800,0,2027,47,M_12460
pdnc,qID,Q1381-1,you,732823,732826,2,2027,47,M_12461
booknlp,COREF,112,Me,732843,732845,2,2028,47,M_12462
exp,exp_name,harriet,Harriet,732854,732861,2,2028,47,M_12463
pdnc,qID,Q1382-1,you,732902,732905,0,2028,47,M_12464
pdnc,qID,Q1382-1,You,732919,732922,0,2028,47,M_12465
booknlp,COREF,112,I,732936,732937,2,2028,47,M_12466
pdnc,qID,Q1382-1,Mr. Frank Churchill,732949,732968,1,2028,47,M_12467
booknlp,COREF,94,I,732973,732974,0,2029,47,M_12468
pdnc,qID,Q1383-0,you,732996,732999,2,2029,47,M_12469
exp,exp_name,emma,Emma,733042,733046,0,2029,47,M_12470
pdnc,qID,Q1383-1,you,733062,733065,2,2029,47,M_12471
pdnc,qID,Q1383-1,you,733143,733146,2,2029,47,M_12472
booknlp,COREF,94,me,733152,733154,0,2029,47,M_12473
pdnc,qID,Q1383-1,you,733181,733184,2,2029,47,M_12474
pdnc,qID,Q1383-1,him,733200,733203,1,2029,47,M_12475
pdnc,qID,Q1384-0,Him,733208,733211,1,2030,47,M_12476
pdnc,qID,Q1384-0,Dear Miss Woodhouse,733228,733247,0,2030,47,M_12477
pdnc,qID,Q1384-0,you,733259,733262,0,2030,47,M_12478
booknlp,COREF,112,me,733274,733276,2,2030,47,M_12479
pdnc,qID,Q1385-0,Harriet,733307,733314,2,2031,47,M_12480
exp,exp_name,emma,Emma,733323,733327,0,2031,47,M_12481
pdnc,qID,Q1385-1,you,733362,733365,2,2031,47,M_12482
pdnc,qID,Q1385-1,you,733394,733397,2,2031,47,M_12483
pdnc,qID,Q1385-1,you,733413,733416,2,2031,47,M_12484
booknlp,COREF,94,I,733422,733423,0,2031,47,M_12485
booknlp,COREF,94,She,733445,733448,0,2032,47,M_12486
booknlp,COREF,94,she,733504,733507,0,2032,47,M_12487
exp,exp_name,harriet,Harriet,733547,733554,2,2032,47,M_12488
exp,exp_name,harriet,Harriet,733571,733578,2,2033,47,M_12489
booknlp,COREF,112,her,733641,733644,2,2033,47,M_12490
booknlp,COREF,112,she,733690,733693,2,2033,47,M_12491
exp,exp_name,emma,Emma,733745,733749,0,2033,47,M_12492
booknlp,COREF,94,I,733755,733756,0,2034,47,M_12493
booknlp,COREF,94,she,733795,733798,0,2034,47,M_12494
pdnc,qID,Q1386-1,you,733812,733815,0,2034,47,M_12495
booknlp,COREF,94,me,733841,733843,0,2034,47,M_12496
booknlp,COREF,94,I,733845,733846,0,2034,47,M_12497
pdnc,qID,Q1386-1,him,733876,733879,6,2034,47,M_12498
pdnc,qID,Q1386-1,he,733921,733923,6,2034,47,M_12499
booknlp,COREF,94,I,733947,733948,0,2034,47,M_12500
booknlp,COREF,94,I,733990,733991,0,2034,47,M_12501
pdnc,qID,Q1386-1,Mr. Frank Churchill,734036,734055,1,2034,47,M_12502
booknlp,COREF,94,I,734065,734066,0,2034,47,M_12503
booknlp,COREF,94,I,734135,734136,0,2034,47,M_12504
booknlp,COREF,94,I,734142,734143,0,2034,47,M_12505
pdnc,qID,Q1386-1,Mr. Frank Churchill,734181,734200,1,2034,47,M_12506
pdnc,qID,Q1386-1,his,734224,734227,6,2034,47,M_12507
pdnc,qID,Q1386-1,you,734243,734246,0,2034,47,M_12508
booknlp,COREF,94,amazing!--I,734280,734291,0,2034,47,M_12509
pdnc,qID,Q1386-1,you,734324,734327,0,2034,47,M_12510
booknlp,COREF,94,me,734369,734371,0,2034,47,M_12511
booknlp,COREF,94,my,734375,734377,0,2034,47,M_12512
booknlp,COREF,94,I,734390,734391,0,2034,47,M_12513
pdnc,qID,Q1386-1,him,734479,734482,6,2034,47,M_12514
pdnc,qID,Q1386-1,you,734497,734500,0,2034,47,M_12515
booknlp,COREF,94,me,734514,734516,0,2034,47,M_12516
pdnc,qID,Q1386-1,your,734619,734623,0,2034,47,M_12517
booknlp,COREF,94,I,734678,734679,0,2034,47,M_12518
pdnc,qID,Q1386-1,you,734725,734728,0,2034,47,M_12519
pdnc,qID,Q1386-1,him,734767,734770,6,2034,47,M_12520
pdnc,qID,Q1387-0,Harriet,734776,734783,2,2035,47,M_12521
exp,exp_name,emma,Emma,734792,734796,0,2035,47,M_12522
booknlp,COREF,94,herself,734809,734816,0,2035,47,M_12523
pdnc,qID,Q1387-1,you,734912,734915,2,2035,47,M_12524
pdnc,qID,Q1387-1,Mr. Knightley,734929,734942,6,2035,47,M_12525
booknlp,COREF,94,I,734958,734959,0,2036,47,M_12526
booknlp,COREF,94,I,734964,734965,0,2036,47,M_12527
booknlp,COREF,94,I,735016,735017,0,2036,47,M_12528
pdnc,qID,Q1388-0,you,735026,735029,0,2036,47,M_12529
pdnc,qID,Q1388-0,him,735057,735060,6,2036,47,M_12530
exp,exp_name,emma,Emma,735115,735119,0,2037,47,M_12531
pdnc,qID,Q1389-1,you,735157,735160,2,2037,47,M_12532
booknlp,COREF,94,me,735184,735186,0,2037,47,M_12533
booknlp,COREF,94,I,735220,735221,0,2037,47,M_12534
pdnc,qID,Q1389-1,you,735247,735250,2,2037,47,M_12535
pdnc,qID,Q1389-1,Mr. Frank Churchill,735263,735282,1,2037,47,M_12536
booknlp,COREF,94,I,735284,735285,0,2037,47,M_12537
pdnc,qID,Q1389-1,Mr. Frank Churchill,735306,735325,1,2037,47,M_12538
pdnc,qID,Q1389-1,you,735339,735342,2,2037,47,M_12539
pdnc,qID,Q1389-1,you,735358,735361,2,2037,47,M_12540
pdnc,qID,Q1390-0,Miss Woodhouse,735402,735416,0,2038,47,M_12541
pdnc,qID,Q1390-0,you,735422,735425,0,2038,47,M_12542
pdnc,qID,Q1391-0,My dear Harriet,735440,735455,2,2039,47,M_12543
booknlp,COREF,94,I,735457,735458,0,2039,47,M_12544
booknlp,COREF,94,I,735500,735501,0,2039,47,M_12545
booknlp,COREF,94,I,735524,735525,0,2039,47,M_12546
pdnc,qID,Q1391-0,you,735531,735534,2,2039,47,M_12547
booknlp,COREF,94,I,735540,735541,0,2039,47,M_12548
pdnc,qID,Q1391-0,your,735560,735564,2,2039,47,M_12549
pdnc,qID,Q1391-0,he,735606,735608,1,2039,47,M_12550
pdnc,qID,Q1391-0,you,735622,735625,2,2039,47,M_12551
pdnc,qID,Q1391-0,you,735658,735661,2,2039,47,M_12552
booknlp,COREF,94,yourself,735687,735695,0,2039,47,M_12553
pdnc,qID,Q1391-0,your,735714,735718,2,2039,47,M_12554
pdnc,qID,Q1391-0,your,735767,735771,2,2039,47,M_12555
pdnc,qID,Q1391-0,him,735802,735805,1,2039,47,M_12556
pdnc,qID,Q1391-0,your,735822,735826,2,2039,47,M_12557
booknlp,COREF,94,my,735870,735872,0,2039,47,M_12558
exp,exp_name,harriet,Harriet,735901,735908,2,2040,47,M_12559
booknlp,COREF,112,I,735915,735916,2,2040,47,M_12560
pdnc,qID,Q1392-1,you,735932,735935,0,2040,47,M_12561
booknlp,COREF,112,I,735946,735947,2,2040,47,M_12562
pdnc,qID,Q1392-1,Mr. Frank Churchill,736037,736056,1,2040,47,M_12563
booknlp,COREF,112,I,736062,736063,2,2040,47,M_12564
booknlp,COREF,112,I,736097,736098,2,2040,47,M_12565
pdnc,qID,Q1392-2,Mr. Knightley,736153,736166,6,2040,47,M_12566
booknlp,COREF,112,me,736187,736189,2,2040,47,M_12567
pdnc,qID,Q1392-2,Mr. Elton,736205,736214,8,2040,47,M_12568
booknlp,COREF,112,me,736239,736241,2,2040,47,M_12569
booknlp,COREF,112,me,736397,736399,2,2040,47,M_12570
pdnc,qID,Q1392-2,he,736427,736429,6,2040,47,M_12571
booknlp,COREF,184,God,736475,736478,4,2041,47,M_12572
exp,exp_name,emma,Emma,736487,736491,0,2041,47,M_12573
pdnc,qID,Q1394-0,You,736577,736580,0,2042,47,M_12574
booknlp,COREF,94,me,736607,736609,0,2042,47,M_12575
pdnc,qID,Q1394-0,you,736620,736623,0,2042,47,M_12576
booknlp,COREF,94,me,736639,736641,0,2042,47,M_12577
booknlp,COREF,94,I,736662,736663,0,2042,47,M_12578
booknlp,COREF,94,I,736689,736690,0,2042,47,M_12579
booknlp,COREF,94,She,736773,736776,0,2043,47,M_12580
exp,exp_name,emma,Emma,736799,736803,0,2043,47,M_12581
booknlp,COREF,94,I,736823,736824,0,2044,47,M_12582
pdnc,qID,Q1395-0,Miss Woodhouse,736840,736854,0,2044,47,M_12583
booknlp,COREF,94,she,736857,736860,0,2044,47,M_12584
pdnc,qID,Q1395-1,you,736876,736879,0,2044,47,M_12585
booknlp,COREF,94,me,736934,736936,0,2044,47,M_12586
pdnc,qID,Q1395-1,You,736956,736959,0,2044,47,M_12587
booknlp,COREF,94,me,737013,737015,0,2044,47,M_12588
booknlp,COREF,94,I,737036,737037,0,2044,47,M_12589
pdnc,qID,Q1395-1,Miss Woodhouse,737044,737058,0,2044,47,M_12590
pdnc,qID,Q1395-1,you,737117,737120,0,2044,47,M_12591
pdnc,qID,Q1395-1,your,737136,737140,0,2044,47,M_12592
pdnc,qID,Q1395-1,Mr. Frank Churchill,737255,737274,1,2044,47,M_12593
booknlp,COREF,94,me,737279,737281,0,2044,47,M_12594
booknlp,COREF,94,I,737374,737375,0,2044,47,M_12595
pdnc,qID,Q1395-1,Mr. Knightley,737429,737442,6,2044,47,M_12596
pdnc,qID,Q1395-1,he,737462,737464,6,2044,47,M_12597
booknlp,COREF,94,I,737495,737496,0,2044,47,M_12598
pdnc,qID,Q1395-1,dear Miss Woodhouse,737503,737522,0,2044,47,M_12599
pdnc,qID,Q1395-1,you,737524,737527,0,2044,47,M_12600
pdnc,qID,Q1395-1,you,737606,737609,0,2044,47,M_12601
booknlp,COREF,94,I,737633,737634,0,2044,47,M_12602
exp,exp_name,harriet,Harriet,737646,737653,2,2045,47,M_12603
exp,exp_name,emma,Emma,737690,737694,0,2045,47,M_12604
booknlp,COREF,112,her,737719,737722,2,2045,47,M_12605
pdnc,qID,Q1396-0,you,737766,737769,2,2046,47,M_12606
pdnc,qID,Q1396-0,Mr. Knightley,737782,737795,6,2046,47,M_12607
pdnc,qID,Q1396-0,your,737808,737812,2,2046,47,M_12608
exp,exp_name,harriet,Harriet,737841,737848,2,2047,47,M_12609
booknlp,COREF,112,"fearfully--""I",737867,737880,2,2047,47,M_12610
booknlp,COREF,94,I,737895,737896,0,2047,47,M_12611
exp,exp_name,emma,Emma,737905,737909,0,2048,47,M_12612
booknlp,COREF,94,she,737947,737950,0,2048,47,M_12613
booknlp,COREF,94,her,738057,738060,0,2048,47,M_12614
booknlp,COREF,94,her,738077,738080,0,2048,47,M_12615
booknlp,COREF,94,hers,738104,738108,0,2048,47,M_12616
booknlp,COREF,94,She,738158,738161,0,2048,47,M_12617
booknlp,COREF,94,she,738171,738174,0,2048,47,M_12618
booknlp,COREF,94,she,738185,738188,0,2048,47,M_12619
exp,exp_name,harriet,Harriet,738249,738256,2,2048,47,M_12620
exp,exp_name,mr. knightley,Mr. Knightley,738280,738293,6,2048,47,M_12621
exp,exp_name,frank churchill,Frank Churchill,738305,738320,1,2048,47,M_12622
exp,exp_name,harriet,Harriet,738366,738373,2,2048,47,M_12623
booknlp,COREF,112,her,738424,738427,2,2048,47,M_12624
exp,exp_name,mr. knightley,Mr. Knightley,738462,738475,6,2048,47,M_12625
booknlp,COREF,112,herself,738498,738505,2,2048,47,M_12626
booknlp,COREF,112,Her,738508,738511,2,2049,47,M_12627
booknlp,COREF,112,her,738536,738539,2,2049,47,M_12628
booknlp,COREF,112,her,738562,738565,2,2049,47,M_12629
booknlp,COREF,112,She,738591,738594,2,2049,47,M_12630
booknlp,COREF,112,her,738647,738650,2,2049,47,M_12631
booknlp,COREF,112,she,738678,738681,2,2049,47,M_12632
exp,exp_name,harriet,Harriet,738697,738704,2,2049,47,M_12633
booknlp,COREF,112,her,738780,738783,2,2049,47,M_12634
booknlp,COREF,112,her,738831,738834,2,2049,47,M_12635
booknlp,COREF,112,her,738849,738852,2,2049,47,M_12636
booknlp,COREF,112,she,738878,738881,2,2049,47,M_12637
booknlp,COREF,112,herself,738960,738967,2,2049,47,M_12638
booknlp,COREF,112,her,739027,739030,2,2049,47,M_12639
exp,exp_name,harriet,Harriet,739080,739087,2,2049,47,M_12640
booknlp,COREF,112,herself,739154,739161,2,2049,47,M_12641
exp,exp_name,mr. knightley,Mr. Knightley,739171,739184,6,2049,47,M_12642
booknlp,COREF,112,she,739212,739215,2,2049,47,M_12643
exp,exp_name,emma,Emma,739270,739274,0,2049,47,M_12644
booknlp,COREF,94,her,739365,739368,0,2049,47,M_12645
exp,exp_name,harriet,Harriet,739428,739435,2,2049,47,M_12646
exp,exp_name,harriet,Harriet,739473,739480,2,2049,47,M_12647
booknlp,COREF,112,her,739659,739662,2,2049,47,M_12648
booknlp,COREF,112,her,739720,739723,2,2049,47,M_12649
booknlp,COREF,112,she,739733,739736,2,2049,47,M_12650
exp,exp_name,harriet,Harriet,739747,739754,2,2049,47,M_12651
exp,exp_name,jane fairfax,Jane Fairfax,739896,739908,4,2049,47,M_12652
exp,exp_name,mr. knightley,Mr. Knightley,739972,739985,6,2049,47,M_12653
exp,exp_name,harriet,Harriet,740003,740010,2,2050,47,M_12654
exp,exp_name,miss woodhouse,Miss Woodhouse,740165,740179,0,2050,47,M_12655
booknlp,COREF,112,her,740232,740235,2,2050,47,M_12656
exp,exp_name,emma,Emma,740281,740285,0,2050,47,M_12657
booknlp,COREF,112,she,740302,740305,2,2050,47,M_12658
booknlp,COREF,112,she,740320,740323,2,2050,47,M_12659
exp,exp_name,harriet,Harriet,740361,740368,2,2050,47,M_12660
booknlp,COREF,112,Her,740396,740399,2,2050,47,M_12661
booknlp,COREF,112,her,740428,740431,2,2050,47,M_12662
exp,exp_name,harriet,Harriet,740675,740682,2,2050,47,M_12663
booknlp,COREF,112,her,740889,740892,2,2050,47,M_12664
booknlp,COREF,112,her,740956,740959,2,2050,47,M_12665
exp,exp_name,mr. knightley,Mr. Knightley,740992,741005,6,2050,47,M_12666
exp,exp_name,harriet,Harriet,741033,741040,2,2050,47,M_12667
exp,exp_name,harriet,Harriet,741043,741050,2,2051,47,M_12668
exp,exp_name,emma,Emma,741142,741146,0,2051,47,M_12669
booknlp,COREF,112,her,741189,741192,2,2051,47,M_12670
exp,exp_name,miss woodhouse,Miss Woodhouse,741275,741289,0,2051,47,M_12671
booknlp,COREF,112,her,741304,741307,2,2051,47,M_12672
exp,exp_name,harriet,Harriet,741325,741332,2,2051,47,M_12673
booknlp,COREF,112,her,741376,741379,2,2051,47,M_12674
booknlp,COREF,112,her,741477,741480,2,2051,47,M_12675
booknlp,COREF,112,she,741528,741531,2,2051,47,M_12676
booknlp,COREF,112,her,741644,741647,2,2051,47,M_12677
booknlp,COREF,112,her,741723,741726,2,2051,47,M_12678
exp,exp_name,emma,Emma,741728,741732,0,2051,47,M_12679
booknlp,COREF,94,She,741774,741777,0,2051,47,M_12680
exp,exp_name,harriet,Harriet,741837,741844,2,2051,47,M_12681
exp,exp_name,emma,Emma,741906,741910,0,2051,47,M_12682
booknlp,COREF,94,she,741962,741965,0,2051,47,M_12683
exp,exp_name,harriet,Harriet,741994,742001,2,2051,47,M_12684
booknlp,COREF,112,her,742014,742017,2,2051,47,M_12685
exp,exp_name,harriet,Harriet,742149,742156,2,2051,47,M_12686
booknlp,COREF,112,her,742182,742185,2,2051,47,M_12687
exp,exp_name,harriet,Harriet,742222,742229,2,2051,47,M_12688
booknlp,COREF,112,she,742278,742281,2,2051,47,M_12689
exp,exp_name,emma,Emma,742449,742453,0,2051,47,M_12690
booknlp,COREF,112,her,742549,742552,2,2051,47,M_12691
booknlp,COREF,112,her,742598,742601,2,2051,47,M_12692
exp,exp_name,harriet,Harriet,742702,742709,2,2051,47,M_12693
exp,exp_name,emma,Emma,742756,742760,0,2051,47,M_12694
booknlp,COREF,112,her,742803,742806,2,2051,47,M_12695
exp,exp_name,emma,Emma,742904,742908,0,2051,47,M_12696
booknlp,COREF,94,she,742942,742945,0,2051,47,M_12697
booknlp,COREF,112,her,742969,742972,2,2051,47,M_12698
booknlp,COREF,112,her,743030,743033,2,2051,47,M_12699
exp,exp_name,harriet,Harriet,743124,743131,2,2051,47,M_12700
booknlp,COREF,112,her,743200,743203,2,2051,47,M_12701
booknlp,COREF,112,her,743213,743216,2,2051,47,M_12702
booknlp,COREF,112,she,743258,743261,2,2051,47,M_12703
exp,exp_name,miss woodhouse,Miss Woodhouse,743263,743277,0,2051,47,M_12704
booknlp,COREF,112,her,743411,743414,2,2051,47,M_12705
exp,exp_name,emma,Emma,743442,743446,0,2051,47,M_12706
booknlp,COREF,94,her,743462,743465,0,2051,47,M_12707
booknlp,COREF,112,her,743622,743625,2,2051,47,M_12708
exp,exp_name,emma,Emma,743779,743783,0,2051,47,M_12709
booknlp,COREF,94,her,743819,743822,0,2051,47,M_12710
exp,exp_name,harriet,Harriet,743867,743874,2,2051,47,M_12711
booknlp,COREF,112,her,743912,743915,2,2051,47,M_12712
booknlp,COREF,112,she,743984,743987,2,2052,47,M_12713
pdnc,qID,Q1398-0,he,744059,744061,6,2052,47,M_12714
pdnc,qID,Q1398-0,you,744112,744115,2,2052,47,M_12715
pdnc,qID,Q1398-0,your,744143,744147,2,2052,47,M_12716
pdnc,qID,Q1398-0,he,744160,744162,6,2052,47,M_12717
pdnc,qID,Q1398-0,he,744196,744198,6,2052,47,M_12718
exp,exp_name,harriet,Harriet,744246,744253,2,2052,47,M_12719
booknlp,COREF,112,I,744352,744353,2,2053,47,M_12720
booknlp,COREF,112,I,744359,744360,2,2053,47,M_12721
exp,exp_name,harriet,Harriet,744440,744447,2,2054,47,M_12722
booknlp,COREF,112,her,744459,744462,2,2054,47,M_12723
booknlp,COREF,112,she,744473,744476,2,2054,47,M_12724
booknlp,COREF,112,her,744489,744492,2,2054,47,M_12725
exp,exp_name,miss woodhouse,Miss Woodhouse,744498,744512,0,2054,47,M_12726
booknlp,COREF,112,she,744529,744532,2,2054,47,M_12727
booknlp,COREF,112,I,744565,744566,2,2055,47,M_12728
booknlp,COREF,112,she,744625,744628,2,2055,47,M_12729
pdnc,qID,Q1400-1,you,744639,744642,0,2055,47,M_12730
pdnc,qID,Q1400-1,You,744644,744647,0,2055,47,M_12731
booknlp,COREF,112,me,744653,744655,2,2055,47,M_12732
pdnc,qID,Q1400-1,him,744667,744670,6,2055,47,M_12733
pdnc,qID,Q1400-1,his,744690,744693,6,2055,47,M_12734
booknlp,COREF,112,mine,744719,744723,2,2055,47,M_12735
booknlp,COREF,112,I,744732,744733,2,2055,47,M_12736
booknlp,COREF,112,I,744748,744749,2,2055,47,M_12737
booknlp,COREF,112,I,744768,744769,2,2055,47,M_12738
pdnc,qID,Q1400-1,him,744782,744785,6,2055,47,M_12739
pdnc,qID,Q1400-1,he,744799,744801,6,2055,47,M_12740
booknlp,COREF,112,me,744813,744815,2,2055,47,M_12741
exp,exp_name,emma,Emma,744974,744978,0,2056,47,M_12742
booknlp,COREF,112,her,744997,745000,2,2056,47,M_12743
pdnc,qID,Q1401-0,Harriet,745020,745027,2,2057,47,M_12744
booknlp,COREF,112,I,745029,745030,2,2057,47,M_12745
pdnc,qID,Q1401-0,Mr. Knightley,745066,745079,6,2057,47,M_12746
pdnc,qID,Q1401-0,his,745161,745164,6,2057,47,M_12747
pdnc,qID,Q1401-0,he,745191,745193,6,2057,47,M_12748
exp,exp_name,harriet,Harriet,745209,745216,2,2058,47,M_12749
booknlp,COREF,112,her,745241,745244,2,2058,47,M_12750
exp,exp_name,emma,Emma,745288,745292,0,2058,47,M_12751
booknlp,COREF,94,her,745407,745410,0,2058,47,M_12752
exp,exp_name,harriet,Harriet,745463,745470,2,2058,47,M_12753
booknlp,COREF,112,She,745512,745515,2,2058,47,M_12754
booknlp,COREF,112,herself--,745534,745543,2,2058,47,M_12755
exp,exp_name,mr. woodhouse,Mr. Woodhouse,745544,745557,10,2058,47,M_12756
booknlp,COREF,112,she,745576,745579,2,2058,47,M_12757
booknlp,COREF,112,her,745632,745635,2,2058,47,M_12758
booknlp,COREF,112,she,745655,745658,2,2058,47,M_12759
booknlp,COREF,112,she,745707,745710,2,2058,47,M_12760
exp,exp_name,emma,Emma,745755,745759,0,2058,47,M_12761
booknlp,COREF,112,I,745786,745787,2,2058,47,M_12762
pdnc,qID,Q1402-0,her,745803,745806,2,2058,47,M_12763
booknlp,COREF,112,her,745875,745878,2,2059,47,M_12764
booknlp,COREF,112,her,745956,745959,2,2059,47,M_12765
booknlp,COREF,112,she,746147,746150,2,2059,47,M_12766
booknlp,COREF,112,herself,746179,746186,2,2059,47,M_12767
booknlp,COREF,112,her,746238,746241,2,2059,47,M_12768
booknlp,COREF,112,she,746278,746281,2,2059,47,M_12769
booknlp,COREF,112,she,746296,746299,2,2059,47,M_12770
booknlp,COREF,112,her,746306,746309,2,2059,47,M_12771
booknlp,COREF,112,she,746320,746323,2,2059,47,M_12772
booknlp,COREF,112,she,746376,746379,2,2059,47,M_12773
booknlp,COREF,112,she,746395,746398,2,2059,47,M_12774
booknlp,COREF,112,she,746427,746430,2,2059,47,M_12775
booknlp,COREF,112,she,746495,746498,2,2059,47,M_12776
booknlp,COREF,112,herself,746520,746527,2,2059,47,M_12777
booknlp,COREF,112,she,746566,746569,2,2059,47,M_12778
booknlp,COREF,112,her,746691,746694,2,2060,47,M_12779
booknlp,COREF,112,her,746777,746780,2,2060,47,M_12780
booknlp,COREF,112,her,746800,746803,2,2060,47,M_12781
exp,exp_name,mr. knightley,Mr. Knightley,746876,746889,6,2061,47,M_12782
booknlp,COREF,112,her,746906,746909,2,2061,47,M_12783
booknlp,COREF,112,her,747039,747042,2,2061,47,M_12784
exp,exp_name,frank churchill,Frank Churchill,747060,747075,1,2061,47,M_12785
booknlp,COREF,112,she,747134,747137,2,2061,47,M_12786
booknlp,COREF,112,her,747199,747202,2,2061,47,M_12787
booknlp,COREF,112,her,747263,747266,2,2061,47,M_12788
booknlp,COREF,112,her,747319,747322,2,2061,47,M_12789
booknlp,COREF,112,her,747381,747384,2,2061,47,M_12790
booknlp,COREF,112,she,747462,747465,2,2061,47,M_12791
exp,exp_name,mr. knightley,Mr. Knightley,747483,747496,6,2061,47,M_12792
booknlp,COREF,112,her,747548,747551,2,2061,47,M_12793
booknlp,COREF,112,She,747591,747594,2,2061,47,M_12794
booknlp,COREF,112,herself,747619,747626,2,2061,47,M_12795
booknlp,COREF,112,she,747668,747671,2,2061,47,M_12796
booknlp,COREF,112,her,747728,747731,2,2061,47,M_12797
booknlp,COREF,112,she,747763,747766,2,2061,47,M_12798
exp,exp_name,frank churchill,Frank Churchill,747794,747809,1,2061,47,M_12799
booknlp,COREF,112,herself,747904,747911,2,2062,47,M_12800
booknlp,COREF,112,she,747953,747956,2,2062,47,M_12801
booknlp,COREF,112,her,748093,748096,2,2062,47,M_12802
booknlp,COREF,112,her,748098,748101,2,2062,47,M_12803
exp,exp_name,mr. knightley,Mr. Knightley,748116,748129,6,2062,47,M_12804
booknlp,COREF,112,her,748152,748155,2,2062,47,M_12805
booknlp,COREF,112,she,748207,748210,2,2063,47,M_12806
booknlp,COREF,112,herself,748220,748227,2,2063,47,M_12807
booknlp,COREF,112,She,748338,748341,2,2063,47,M_12808
booknlp,COREF,112,she,748392,748395,2,2063,47,M_12809
booknlp,COREF,112,she,748428,748431,2,2063,47,M_12810
booknlp,COREF,112,She,748451,748454,2,2063,47,M_12811
exp,exp_name,harriet,Harriet,748475,748482,2,2063,47,M_12812
booknlp,COREF,112,herself,748487,748494,2,2063,47,M_12813
booknlp,COREF,112,she,748500,748503,2,2063,47,M_12814
exp,exp_name,mr. knightley,Mr. Knightley,748524,748537,6,2063,47,M_12815
booknlp,COREF,112,her,748599,748602,2,2063,47,M_12816
booknlp,COREF,112,she,748682,748685,2,2063,47,M_12817
exp,exp_name,harriet,Harriet,748741,748748,2,2063,47,M_12818
exp,exp_name,harriet,Harriet,748812,748819,2,2063,47,M_12819
booknlp,COREF,112,her,748835,748838,2,2063,47,M_12820
exp,exp_name,mr. knightley,Mr. Knightley,748847,748860,6,2064,47,M_12821
exp,exp_name,harriet smith,Harriet Smith,748865,748878,2,2064,47,M_12822
exp,exp_name,frank churchill,Frank Churchill,748953,748968,1,2064,47,M_12823
exp,exp_name,jane fairfax,Jane Fairfax,748973,748985,4,2064,47,M_12824
exp,exp_name,mr. knightley,Mr. Knightley,749132,749145,6,2064,47,M_12825
exp,exp_name,harriet smith,Harriet Smith,749150,749163,2,2064,47,M_12826
booknlp,COREF,112,her,749187,749190,2,2064,47,M_12827
exp,exp_name,emma,Emma,749242,749246,0,2064,47,M_12828
booknlp,COREF,112,she,749915,749918,2,2065,47,M_12829
exp,exp_name,harriet,Harriet,749933,749940,2,2065,47,M_12830
booknlp,COREF,112,she,749954,749957,2,2065,47,M_12831
booknlp,COREF,330,her,749963,749966,2,2065,47,M_12832
booknlp,COREF,330,she,749973,749976,2,2065,47,M_12833
booknlp,COREF,330,her,750006,750009,2,2065,47,M_12834
booknlp,COREF,330,she,750010,750013,2,2065,47,M_12835
booknlp,COREF,330,she,750026,750029,2,2065,47,M_12836
booknlp,COREF,330,her,750089,750092,2,2065,47,M_12837
booknlp,COREF,330,her,750152,750155,2,2065,47,M_12838
booknlp,COREF,330,she,750207,750210,2,2065,47,M_12839
exp,exp_name,harriet,Harriet,750305,750312,2,2066,47,M_12840
booknlp,COREF,330,her,750358,750361,2,2066,47,M_12841
exp,exp_name,mr. knightley,Mr. Knightley,750374,750387,6,2066,47,M_12842
booknlp,COREF,330,she,750394,750397,2,2066,47,M_12843
booknlp,COREF,330,herself,750418,750425,2,2066,47,M_12844
exp,exp_name,harriet,Harriet,750485,750492,2,2066,47,M_12845
exp,exp_name,mr. elton,Mr. Elton,750645,750654,8,2066,47,M_12846
booknlp,COREF,330,her,750684,750687,2,2066,47,M_12847
booknlp,COREF,330,she,750694,750697,2,2066,47,M_12848
exp,exp_name,mr. knightley,Mr. Knightley,750712,750725,6,2066,47,M_12849
booknlp,COREF,330,her,750749,750752,2,2066,47,M_12850
exp,exp_name,harriet,Harriet,750798,750805,2,2066,47,M_12851
booknlp,COREF,330,herself,750856,750863,2,2066,47,M_12852
booknlp,COREF,330,her,750875,750878,2,2066,47,M_12853
booknlp,COREF,330,she,750885,750888,2,2066,47,M_12854
booknlp,COREF,330,herself,750904,750911,2,2066,47,M_12855
booknlp,COREF,330,her,750934,750937,2,2066,47,M_12856
exp,exp_name,harriet,Harriet,750993,751000,2,2066,47,M_12857
booknlp,COREF,330,her,751045,751048,2,2066,47,M_12858
booknlp,COREF,330,she,751091,751094,2,2068,48,M_12859
exp,exp_name,emma,Emma,751125,751129,0,2068,48,M_12860
booknlp,COREF,330,her,751158,751161,2,2068,48,M_12861
exp,exp_name,mr. knightley,Mr. Knightley,751203,751216,6,2068,48,M_12862
booknlp,COREF,330,her,751293,751296,2,2068,48,M_12863
booknlp,COREF,330,she,751302,751305,2,2068,48,M_12864
booknlp,COREF,330,she,751449,751452,2,2068,48,M_12865
booknlp,COREF,330,she,751458,751461,2,2068,48,M_12866
exp,exp_name,isabella,Isabella,751543,751551,3,2068,48,M_12867
booknlp,COREF,330,hers,751588,751592,2,2068,48,M_12868
booknlp,COREF,330,she,751598,751601,2,2068,48,M_12869
exp,exp_name,isabella,Isabella,751657,751665,3,2068,48,M_12870
booknlp,COREF,330,She,751667,751670,2,2068,48,M_12871
booknlp,COREF,330,herself,751675,751682,2,2068,48,M_12872
booknlp,COREF,330,She,751724,751727,2,2068,48,M_12873
booknlp,COREF,330,she,751749,751752,2,2068,48,M_12874
booknlp,COREF,330,her,751933,751936,2,2068,48,M_12875
booknlp,COREF,330,her,751968,751971,2,2068,48,M_12876
booknlp,COREF,330,her,752068,752071,2,2068,48,M_12877
booknlp,COREF,330,her,752090,752093,2,2068,48,M_12878
booknlp,COREF,330,her,752136,752139,2,2068,48,M_12879
booknlp,COREF,330,her,752160,752163,2,2068,48,M_12880
booknlp,COREF,330,her,752236,752239,2,2068,48,M_12881
booknlp,COREF,330,she,752248,752251,2,2068,48,M_12882
booknlp,COREF,330,she,752257,752260,2,2068,48,M_12883
booknlp,COREF,330,she,752284,752287,2,2068,48,M_12884
booknlp,COREF,330,she,752394,752397,2,2068,48,M_12885
exp,exp_name,harriet smith,Harriet Smith,752433,752446,2,2068,48,M_12886
booknlp,COREF,112,herself,752459,752466,2,2068,48,M_12887
exp,exp_name,mr. knightley,Mr. Knightley,752536,752549,6,2068,48,M_12888
booknlp,COREF,112,She,752552,752555,2,2068,48,M_12889
booknlp,COREF,112,She,752568,752571,2,2068,48,M_12890
booknlp,COREF,112,herself,752590,752597,2,2068,48,M_12891
booknlp,COREF,330,her,752647,752650,2,2068,48,M_12892
booknlp,COREF,112,She,752653,752656,2,2068,48,M_12893
booknlp,COREF,112,her,752739,752742,2,2068,48,M_12894
exp,exp_name,miss bates,Miss Bates,752756,752766,7,2068,48,M_12895
booknlp,COREF,112,her,752823,752826,2,2068,48,M_12896
booknlp,COREF,112,herself,753087,753094,2,2068,48,M_12897
exp,exp_name,harriet,Harriet,753197,753204,2,2068,48,M_12898
booknlp,COREF,112,herself,753225,753232,2,2068,48,M_12899
booknlp,COREF,112,she,753283,753286,2,2068,48,M_12900
booknlp,COREF,112,herself,753337,753344,2,2068,48,M_12901
booknlp,COREF,112,she,753391,753394,2,2068,48,M_12902
booknlp,COREF,112,she,753452,753455,2,2068,48,M_12903
booknlp,COREF,112,she,753465,753468,2,2068,48,M_12904
exp,exp_name,mr. knightley,Mr. Knightley,753531,753544,6,2068,48,M_12905
booknlp,COREF,112,her,753548,753551,2,2068,48,M_12906
booknlp,COREF,112,her,753556,753559,2,2068,48,M_12907
exp,exp_name,mr. knightley,Mr. Knightley,753577,753590,6,2068,48,M_12908
booknlp,COREF,93,Hartfield,753625,753634,0,2068,48,M_12909
booknlp,COREF,112,her,753709,753712,2,2068,48,M_12910
booknlp,COREF,112,her,753780,753783,2,2068,48,M_12911
booknlp,COREF,112,she,753820,753823,2,2068,48,M_12912
booknlp,COREF,112,her,753832,753835,2,2068,48,M_12913
booknlp,COREF,112,she,753858,753861,2,2068,48,M_12914
booknlp,COREF,112,her,753900,753903,2,2068,48,M_12915
booknlp,COREF,112,her,753909,753912,2,2068,48,M_12916
booknlp,COREF,112,She,753921,753924,2,2068,48,M_12917
booknlp,COREF,112,she,753950,753953,2,2068,48,M_12918
exp,exp_name,mr. knightley,Mr. Knightley,753968,753981,6,2068,48,M_12919
booknlp,COREF,112,her,753995,753998,2,2069,48,M_12920
exp,exp_name,harriet,Harriet,754016,754023,2,2069,48,M_12921
booknlp,COREF,112,she,754051,754054,2,2069,48,M_12922
booknlp,COREF,112,she,754105,754108,2,2069,48,M_12923
booknlp,COREF,112,she,754256,754259,2,2069,48,M_12924
booknlp,COREF,112,she,754298,754301,2,2069,48,M_12925
booknlp,COREF,112,she,754316,754319,2,2069,48,M_12926
booknlp,COREF,112,she,754351,754354,2,2069,48,M_12927
booknlp,COREF,112,her,754491,754494,2,2069,48,M_12928
booknlp,COREF,112,she,754542,754545,2,2069,48,M_12929
exp,exp_name,harriet,Harriet,754570,754577,2,2069,48,M_12930
booknlp,COREF,112,she,754726,754729,2,2069,48,M_12931
exp,exp_name,harriet,Harriet,754781,754788,2,2069,48,M_12932
booknlp,COREF,112,her,754852,754855,2,2069,48,M_12933
booknlp,COREF,112,she,754904,754907,2,2069,48,M_12934
booknlp,COREF,112,her,754973,754976,2,2069,48,M_12935
booknlp,COREF,112,she,755176,755179,2,2069,48,M_12936
exp,exp_name,harriet,Harriet,755295,755302,2,2069,48,M_12937
exp,exp_name,emma,Emma,755408,755412,0,2070,48,M_12938
exp,exp_name,mrs. weston,Mrs. Weston,755528,755539,15,2070,48,M_12939
booknlp,COREF,93,Hartfield,755601,755610,0,2070,48,M_12940
exp,exp_name,emma,Emma,755654,755658,0,2070,48,M_12941
booknlp,COREF,94,herself,755677,755684,0,2070,48,M_12942
exp,exp_name,mr. weston,Mr. Weston,755749,755759,9,2071,48,M_12943
booknlp,COREF,94,her,755776,755779,0,2071,48,M_12944
exp,exp_name,mrs. bates,Mrs. Bates,755783,755793,11,2071,48,M_12945
booknlp,COREF,86,his,755814,755817,9,2071,48,M_12946
booknlp,COREF,94,she,755873,755876,0,2071,48,M_12947
exp,exp_name,miss fairfax,Miss Fairfax,755897,755909,4,2071,48,M_12948
booknlp,COREF,94,her,755918,755921,0,2071,48,M_12949
exp,exp_name,mrs. bates,Mrs. Bates,756051,756061,11,2071,48,M_12950
exp,exp_name,emma,Emma,756160,756164,0,2072,48,M_12951
booknlp,COREF,94,she,756174,756177,0,2072,48,M_12952
booknlp,COREF,94,her,756204,756207,0,2072,48,M_12953
exp,exp_name,mrs. weston,Mrs. Weston,756224,756235,15,2072,48,M_12954
exp,exp_name,miss fairfax,Miss Fairfax,756398,756410,4,2072,48,M_12955
exp,exp_name,mr. churchill,Mr. Churchill,756490,756503,1,2072,48,M_12956
exp,exp_name,mr. weston,Mr. Weston,756665,756675,9,2072,48,M_12957
booknlp,COREF,86,he,756701,756703,9,2072,48,M_12958
booknlp,COREF,86,his,756734,756737,9,2072,48,M_12959
exp,exp_name,miss fairfax,Miss Fairfax,756753,756765,4,2072,48,M_12960
booknlp,COREF,149,her,756770,756773,4,2072,48,M_12961
booknlp,COREF,86,he,756918,756920,9,2072,48,M_12962
exp,exp_name,emma,Emma,756951,756955,0,2072,48,M_12963
exp,exp_name,mr. weston,Mr. Weston,756978,756988,9,2072,48,M_12964
exp,exp_name,jane,Jane,757556,757560,4,2072,48,M_12965
exp,exp_name,miss fairfax,Miss Fairfax,757662,757674,4,2072,48,M_12966
exp,exp_name,mrs. weston,Mrs. Weston,757720,757731,15,2072,48,M_12967
booknlp,COREF,149,her,757742,757745,4,2072,48,M_12968
booknlp,COREF,149,she,757760,757763,4,2072,48,M_12969
exp,exp_name,mrs. weston,Mrs. Weston,757872,757883,15,2072,48,M_12970
booknlp,COREF,149,her,757934,757937,4,2072,48,M_12971
booknlp,COREF,149,her,757965,757968,4,2072,48,M_12972
booknlp,COREF,149,her,758021,758024,4,2072,48,M_12973
booknlp,COREF,149,she,758125,758128,4,2072,48,M_12974
booknlp,COREF,149,herself,758156,758163,4,2072,48,M_12975
exp,exp_name,mr. weston,Mr. Weston,758168,758178,9,2072,48,M_12976
exp,exp_name,mrs. weston,Mrs. Weston,758337,758348,15,2072,48,M_12977
booknlp,COREF,149,her,758447,758450,4,2072,48,M_12978
booknlp,COREF,149,she,758533,758536,4,2072,48,M_12979
pdnc,qID,Q1403-0,she,758586,758589,4,2073,48,M_12980
exp,exp_name,mrs. weston,Mrs. Weston,758657,758668,15,2073,48,M_12981
pdnc,qID,Q1403-1,she,758671,758674,4,2073,48,M_12982
pdnc,qID,Q1403-1,her,758706,758709,4,2073,48,M_12983
pdnc,qID,Q1403-2,Emma,758915,758919,0,2073,48,M_12984
pdnc,qID,Q1404-0,Poor girl,758986,758995,4,2074,48,M_12985
exp,exp_name,emma,Emma,759003,759007,0,2074,48,M_12986
pdnc,qID,Q1404-1,She,759010,759013,4,2074,48,M_12987
booknlp,COREF,149,herself,759021,759028,4,2074,48,M_12988
pdnc,qID,Q1405-0,her,759127,759130,4,2075,48,M_12989
pdnc,qID,Q1405-0,she,759141,759144,4,2075,48,M_12990
booknlp,COREF,149,herself,759166,759173,4,2075,48,M_12991
pdnc,qID,Q1406-0,she,759199,759202,4,2075,48,M_12992
pdnc,qID,Q1407-0,she,759622,759625,4,2075,48,M_12993
pdnc,qID,Q1408-0,Poor girl,759948,759957,4,2076,48,M_12994
exp,exp_name,emma,Emma,759965,759969,0,2076,48,M_12995
pdnc,qID,Q1408-1,She,759978,759981,4,2076,48,M_12996
pdnc,qID,Q1408-1,him,759988,759991,1,2076,48,M_12997
booknlp,COREF,94,I,760010,760011,0,2076,48,M_12998
pdnc,qID,Q1408-1,she,760066,760069,4,2076,48,M_12999
pdnc,qID,Q1408-1,Her,760107,760110,4,2076,48,M_13000
pdnc,qID,Q1408-1,her,760143,760146,4,2076,48,M_13001
pdnc,qID,Q1409-0,her,760184,760187,4,2077,48,M_13002
pdnc,qID,Q1409-0,him,760216,760219,1,2077,48,M_13003
booknlp,COREF,94,I,760224,760225,0,2078,48,M_13004
exp,exp_name,emma,Emma,760247,760251,0,2078,48,M_13005
booknlp,COREF,94,I,760268,760269,0,2078,48,M_13006
pdnc,qID,Q1410-1,her,760306,760309,4,2078,48,M_13007
pdnc,qID,Q1411-0,your,760325,760329,0,2079,48,M_13008
pdnc,qID,Q1411-0,my love,760336,760343,0,2079,48,M_13009
pdnc,qID,Q1411-0,she,760378,760381,4,2079,48,M_13010
pdnc,qID,Q1411-0,her,760416,760419,4,2079,48,M_13011
pdnc,qID,Q1411-0,he,760475,760477,1,2079,48,M_13012
pdnc,qID,Q1411-0,she,760544,760547,4,2079,48,M_13013
booknlp,COREF,94,she,760574,760577,0,2079,48,M_13014
pdnc,qID,Q1411-1,her,760604,760607,4,2079,48,M_13015
pdnc,qID,Q1411-1,her,760676,760679,4,2079,48,M_13016
pdnc,qID,Q1411-1,her,760716,760719,4,2079,48,M_13017
pdnc,qID,Q1411-1,him,760800,760803,1,2079,48,M_13018
booknlp,COREF,94,I,760814,760815,0,2079,48,M_13019
pdnc,qID,Q1411-2,she,760851,760854,4,2079,48,M_13020
booknlp,COREF,94,I,760863,760864,0,2079,48,M_13021
booknlp,COREF,94,I,761032,761033,0,2079,48,M_13022
booknlp,COREF,94,me,761081,761083,0,2079,48,M_13023
pdnc,qID,Q1411-3,She,761109,761112,4,2079,48,M_13024
pdnc,qID,Q1411-3,you,761136,761139,0,2079,48,M_13025
pdnc,qID,Q1411-3,you,761167,761170,0,2079,48,M_13026
pdnc,qID,Q1411-3,her,761181,761184,4,2079,48,M_13027
pdnc,qID,Q1411-3,her,761192,761195,4,2079,48,M_13028
booknlp,COREF,94,me,761235,761237,0,2079,48,M_13029
booknlp,COREF,94,me,761272,761274,0,2079,48,M_13030
booknlp,COREF,94,I,761285,761286,0,2079,48,M_13031
pdnc,qID,Q1411-3,you,761316,761319,0,2079,48,M_13032
booknlp,COREF,94,I,761321,761322,0,2079,48,M_13033
pdnc,qID,Q1411-3,you,761339,761342,0,2079,48,M_13034
pdnc,qID,Q1411-3,her,761394,761397,4,2079,48,M_13035
pdnc,qID,Q1411-3,She,761404,761407,4,2079,48,M_13036
pdnc,qID,Q1411-3,you,761426,761429,0,2079,48,M_13037
booknlp,COREF,94,I,761495,761496,0,2080,48,M_13038
pdnc,qID,Q1412-0,her,761510,761513,4,2080,48,M_13039
exp,exp_name,emma,Emma,761537,761541,0,2080,48,M_13040
pdnc,qID,Q1412-1,her,761601,761604,4,2080,48,M_13041
pdnc,qID,Q1412-1,she,761628,761631,4,2080,48,M_13042
booknlp,COREF,94,I,761641,761642,0,2080,48,M_13043
pdnc,qID,Q1412-1,Mrs. Weston,761682,761693,15,2080,48,M_13044
booknlp,COREF,94,I,761754,761755,0,2080,48,M_13045
pdnc,qID,Q1412-1,Miss Fairfax,761766,761778,4,2080,48,M_13046
pdnc,qID,Q1412-2,You,761865,761868,15,2080,48,M_13047
booknlp,COREF,94,me,761892,761894,0,2080,48,M_13048
pdnc,qID,Q1412-2,her,761936,761939,4,2080,48,M_13049
booknlp,COREF,94,I,761967,761968,0,2080,48,M_13050
pdnc,qID,Q1412-2,she,761977,761980,4,2080,48,M_13051
booknlp,COREF,94,I,761995,761996,0,2080,48,M_13052
pdnc,qID,Q1412-2,she,762002,762005,4,2080,48,M_13053
pdnc,qID,Q1412-2,his,762066,762069,1,2080,48,M_13054
booknlp,COREF,94,I,762080,762081,0,2080,48,M_13055
pdnc,qID,Q1412-2,hers,762113,762117,4,2080,48,M_13056
exp,exp_name,mrs. weston,Mrs. Weston,762168,762179,15,2081,48,M_13057
exp,exp_name,frank,Frank,762201,762206,1,2081,48,M_13058
booknlp,COREF,103,him,762262,762265,1,2081,48,M_13059
exp,exp_name,emma,Emma,762421,762425,0,2081,48,M_13060
exp,exp_name,mrs. weston,Mrs. Weston,762533,762544,15,2081,48,M_13061
pdnc,qID,Q1413-0,you,762612,762615,0,2081,48,M_13062
pdnc,qID,Q1414-0,you,762831,762834,0,2082,48,M_13063
pdnc,qID,Q1414-0,my Emma,762841,762848,0,2082,48,M_13064
exp,exp_name,mrs. weston,Mrs. Weston,762855,762866,15,2082,48,M_13065
pdnc,qID,Q1415-0,you,762922,762925,15,2083,48,M_13066
exp,exp_name,mrs. weston,Mrs. Weston,763001,763012,15,2084,48,M_13067
exp,exp_name,emma,Emma,763040,763044,0,2084,48,M_13068
booknlp,COREF,94,her,763101,763104,0,2084,48,M_13069
booknlp,COREF,94,her,763132,763135,0,2084,48,M_13070
exp,exp_name,miss fairfax,Miss Fairfax,763168,763180,4,2084,48,M_13071
booknlp,COREF,94,She,763182,763185,0,2084,48,M_13072
booknlp,COREF,94,she,763350,763353,0,2084,48,M_13073
exp,exp_name,mr. knightley,Mr. Knightley,763363,763376,6,2084,48,M_13074
exp,exp_name,miss fairfax,Miss Fairfax,763421,763433,4,2084,48,M_13075
booknlp,COREF,94,her,763455,763458,0,2084,48,M_13076
booknlp,COREF,94,she,763468,763471,0,2084,48,M_13077
booknlp,COREF,149,her,763486,763489,4,2084,48,M_13078
booknlp,COREF,94,she,763502,763505,0,2084,48,M_13079
booknlp,COREF,94,her,763511,763514,0,2084,48,M_13080
booknlp,COREF,94,she,763542,763545,0,2084,48,M_13081
exp,exp_name,harriet smith,Harriet Smith,763595,763608,2,2084,48,M_13082
booknlp,COREF,94,she,763610,763613,0,2084,48,M_13083
booknlp,COREF,94,her,763690,763693,0,2084,48,M_13084
booknlp,COREF,94,her,763782,763785,0,2084,48,M_13085
booknlp,COREF,94,she,763913,763916,0,2084,48,M_13086
exp,exp_name,miss fairfax,Miss Fairfax,763946,763958,4,2084,48,M_13087
booknlp,COREF,94,her,764041,764044,0,2084,48,M_13088
booknlp,COREF,94,she,764048,764051,0,2084,48,M_13089
booknlp,COREF,94,she,764066,764069,0,2084,48,M_13090
booknlp,COREF,94,she,764077,764080,0,2084,48,M_13091
booknlp,COREF,94,she,764183,764186,0,2084,48,M_13092
booknlp,COREF,94,herself,764237,764244,0,2084,48,M_13093
booknlp,COREF,94,she,764294,764297,0,2084,48,M_13094
exp,exp_name,jane,Jane,764377,764381,4,2084,48,M_13095
exp,exp_name,frank churchill,Frank Churchill,764427,764442,1,2084,48,M_13096
booknlp,COREF,94,her,764503,764506,0,2084,48,M_13097
booknlp,COREF,94,she,764527,764530,0,2084,48,M_13098
booknlp,COREF,94,she,764550,764553,0,2084,48,M_13099
booknlp,COREF,94,herself,764559,764566,0,2084,48,M_13100
booknlp,COREF,94,She,764588,764591,0,2084,48,M_13101
booknlp,COREF,94,her,764681,764684,0,2084,48,M_13102
exp,exp_name,jane fairfax,Jane Fairfax,764700,764712,4,2084,48,M_13103
exp,exp_name,mr. woodhouse,Mr. Woodhouse,765160,765173,10,2086,48,M_13104
booknlp,COREF,85,he,765179,765181,10,2086,48,M_13105
booknlp,COREF,85,his,765256,765259,10,2086,48,M_13106
booknlp,COREF,94,her,765352,765355,0,2086,48,M_13107
exp,exp_name,mrs. weston,Mrs. Weston,765410,765421,15,2086,48,M_13108
exp,exp_name,mr. knightley,Mr. Knightley,765441,765454,6,2086,48,M_13109
booknlp,COREF,93,Hartfield,765562,765571,0,2086,48,M_13110
booknlp,COREF,94,she,765661,765664,0,2086,48,M_13111
booknlp,COREF,94,her,765810,765813,0,2086,48,M_13112
booknlp,COREF,94,she,765834,765837,0,2086,48,M_13113
booknlp,COREF,94,her,765908,765911,0,2086,48,M_13114
booknlp,COREF,94,her,766088,766091,0,2086,48,M_13115
booknlp,COREF,94,she,766147,766150,0,2086,48,M_13116
booknlp,COREF,94,her,766165,766168,0,2086,48,M_13117
booknlp,COREF,94,herself,766290,766297,0,2087,48,M_13118
exp,exp_name,mrs. weston,Mrs. Weston,766303,766314,15,2087,48,M_13119
booknlp,COREF,94,her,766374,766377,0,2087,48,M_13120
booknlp,COREF,94,her,766412,766415,0,2087,48,M_13121
exp,exp_name,frank churchill,Frank Churchill,766431,766446,1,2087,48,M_13122
exp,exp_name,miss fairfax,Miss Fairfax,766484,766496,4,2087,48,M_13123
exp,exp_name,mr. knightley,Mr. Knightley,766805,766818,6,2087,48,M_13124
exp,exp_name,harriet,Harriet,767029,767036,2,2087,48,M_13125
exp,exp_name,harriet,Harriet,767098,767105,2,2087,48,M_13126
exp,exp_name,harriet,Harriet,767139,767146,2,2087,48,M_13127
exp,exp_name,emma,Emma,767299,767303,0,2087,48,M_13128
booknlp,COREF,94,her,767361,767364,0,2087,48,M_13129
booknlp,COREF,94,her,767392,767395,0,2087,48,M_13130
booknlp,COREF,94,she,767445,767448,0,2088,48,M_13131
booknlp,COREF,94,her,767667,767670,0,2088,48,M_13132
booknlp,COREF,94,her,767798,767801,0,2088,48,M_13133
booknlp,COREF,94,her,767838,767841,0,2088,48,M_13134
booknlp,COREF,94,herself,767878,767885,0,2088,48,M_13135
booknlp,COREF,94,her,767897,767900,0,2088,48,M_13136
exp,exp_name,emma,Emma,768291,768295,0,2090,49,M_13137
booknlp,COREF,94,her,768473,768476,0,2090,49,M_13138
booknlp,COREF,94,She,768478,768481,0,2090,49,M_13139
booknlp,COREF,94,her,768617,768620,0,2090,49,M_13140
booknlp,COREF,94,she,768629,768632,0,2090,49,M_13141
booknlp,COREF,94,she,768742,768745,0,2090,49,M_13142
booknlp,COREF,94,she,768774,768777,0,2090,49,M_13143
exp,exp_name,mr. knightley,Mr. Knightley,768782,768795,6,2090,49,M_13144
booknlp,COREF,94,She,768917,768920,0,2090,49,M_13145
booknlp,COREF,94,She,769065,769068,0,2090,49,M_13146
booknlp,COREF,94,She,769195,769198,0,2090,49,M_13147
booknlp,COREF,94,her,769355,769358,0,2090,49,M_13148
booknlp,COREF,94,she,769360,769363,0,2090,49,M_13149
booknlp,COREF,94,her,769579,769582,0,2090,49,M_13150
booknlp,COREF,94,She,769760,769763,0,2091,49,M_13151
booknlp,COREF,94,her,769796,769799,0,2091,49,M_13152
booknlp,COREF,94,her,769833,769836,0,2091,49,M_13153
booknlp,COREF,94,her,769857,769860,0,2091,49,M_13154
booknlp,COREF,94,her,769940,769943,0,2091,49,M_13155
exp,exp_name,harriet,Harriet,769966,769973,2,2091,49,M_13156
booknlp,COREF,94,she,770128,770131,0,2091,49,M_13157
booknlp,COREF,94,She,770193,770196,0,2091,49,M_13158
pdnc,qID,Q1416-0,You,770251,770254,6,2092,49,M_13159
pdnc,qID,Q1416-0,you,770283,770286,6,2092,49,M_13160
pdnc,qID,Q1416-0,you,770328,770331,6,2092,49,M_13161
booknlp,COREF,94,her,770377,770380,0,2093,49,M_13162
booknlp,COREF,94,she,770490,770493,0,2095,49,M_13163
pdnc,qID,Q1419-0,you,770536,770539,0,2096,49,M_13164
pdnc,qID,Q1419-0,Miss Fairfax,770545,770557,4,2096,49,M_13165
pdnc,qID,Q1419-0,Frank Churchill,770562,770577,1,2096,49,M_13166
exp,exp_name,emma,Emma,770636,770640,0,2097,49,M_13167
booknlp,COREF,94,her,770650,770653,0,2097,49,M_13168
booknlp,COREF,94,she,770693,770696,0,2097,49,M_13169
booknlp,COREF,94,her,770719,770722,0,2097,49,M_13170
pdnc,qID,Q1421-0,Mr. Weston,770823,770833,9,2098,49,M_13171
pdnc,qID,Q1421-0,he,770871,770873,9,2098,49,M_13172
exp,exp_name,emma,Emma,770922,770926,0,2099,49,M_13173
pdnc,qID,Q1422-0,You,771005,771008,6,2100,49,M_13174
pdnc,qID,Q1422-0,you,771064,771067,6,2100,49,M_13175
pdnc,qID,Q1422-0,your,771077,771081,6,2100,49,M_13176
pdnc,qID,Q1422-0,you,771121,771124,6,2100,49,M_13177
booknlp,COREF,94,she,771318,771321,0,2101,49,M_13178
booknlp,COREF,94,she,771387,771390,0,2101,49,M_13179
booknlp,COREF,94,her,771397,771400,0,2101,49,M_13180
exp,exp_name,emma,Emma,771546,771550,0,2102,49,M_13181
booknlp,COREF,94,your,771605,771609,0,2102,49,M_13182
pdnc,qID,Q1423-0,your father,771624,771635,10,2102,49,M_13183
booknlp,COREF,94,you,771651,771654,0,2102,49,M_13184
booknlp,COREF,94,Her,771683,771686,0,2102,49,M_13185
pdnc,qID,Q1424-0,Abominable scoundrel,771814,771834,1,2102,49,M_13186
pdnc,qID,Q1425-0,He,771890,771892,1,2102,49,M_13187
pdnc,qID,Q1425-0,her,771960,771963,4,2102,49,M_13188
pdnc,qID,Q1425-0,She,771966,771969,4,2102,49,M_13189
exp,exp_name,emma,Emma,771996,772000,0,2103,49,M_13190
booknlp,COREF,94,she,772032,772035,0,2103,49,M_13191
pdnc,qID,Q1426-0,You,772129,772132,6,2104,49,M_13192
pdnc,qID,Q1426-0,you,772152,772155,6,2104,49,M_13193
pdnc,qID,Q1426-0,you,772185,772188,6,2104,49,M_13194
pdnc,qID,Q1427-0,Emma,772534,772538,0,2105,49,M_13195
booknlp,COREF,94,her,772570,772573,0,2105,49,M_13196
pdnc,qID,Q1427-1,you,772580,772583,0,2105,49,M_13197
pdnc,qID,Q1427-2,you,772639,772642,0,2105,49,M_13198
pdnc,qID,Q1427-2,you,772674,772677,0,2105,49,M_13199
pdnc,qID,Q1427-2,He,772701,772703,1,2105,49,M_13200
pdnc,qID,Q1427-2,your,772826,772830,0,2105,49,M_13201
pdnc,qID,Q1427-2,your,772855,772859,0,2105,49,M_13202
pdnc,qID,Q1427-2,your,772931,772935,0,2105,49,M_13203
pdnc,qID,Q1427-2,you,772984,772987,0,2105,49,M_13204
pdnc,qID,Q1427-2,him,773087,773090,1,2105,49,M_13205
pdnc,qID,Q1427-2,He,773104,773106,1,2105,49,M_13206
pdnc,qID,Q1427-2,he,773149,773151,1,2105,49,M_13207
pdnc,qID,Q1427-2,that sweet young woman,773172,773194,4,2105,49,M_13208
pdnc,qID,Q1427-2,Jane,773197,773201,4,2105,49,M_13209
pdnc,qID,Q1427-2,Jane,773203,773207,4,2105,49,M_13210
pdnc,qID,Q1427-2,you,773209,773212,4,2105,49,M_13211
pdnc,qID,Q1428-0,Mr. Knightley,773246,773259,6,2106,49,M_13212
exp,exp_name,emma,Emma,773267,773271,0,2106,49,M_13213
booknlp,COREF,94,"confused--""I",773305,773317,0,2106,49,M_13214
booknlp,COREF,94,I,773356,773357,0,2106,49,M_13215
pdnc,qID,Q1428-1,you,773369,773372,6,2106,49,M_13216
pdnc,qID,Q1428-1,your,773385,773389,6,2106,49,M_13217
booknlp,COREF,94,my,773421,773423,0,2106,49,M_13218
booknlp,COREF,94,I,773457,773458,0,2106,49,M_13219
booknlp,COREF,94,I,773512,773513,0,2106,49,M_13220
booknlp,COREF,94,I,773663,773664,0,2106,49,M_13221
booknlp,COREF,94,She,773711,773714,0,2107,49,M_13222
booknlp,COREF,94,She,773754,773757,0,2107,49,M_13223
booknlp,COREF,94,she,773767,773770,0,2107,49,M_13224
booknlp,COREF,94,she,773792,773795,0,2107,49,M_13225
booknlp,COREF,94,herself,773879,773886,0,2107,49,M_13226
booknlp,COREF,94,She,773903,773906,0,2107,49,M_13227
booknlp,COREF,94,I,773927,773928,0,2108,49,M_13228
booknlp,COREF,94,my,773957,773959,0,2108,49,M_13229
pdnc,qID,Q1429-0,his,773991,773994,1,2108,49,M_13230
booknlp,COREF,94,myself,774019,774025,0,2108,49,M_13231
booknlp,COREF,94,my,774130,774132,0,2108,49,M_13232
booknlp,COREF,94,I,774208,774209,0,2108,49,M_13233
pdnc,qID,Q1429-0,He,774276,774278,1,2108,49,M_13234
exp,exp_name,mr. weston,Mr. Weston,774294,774304,9,2108,49,M_13235
pdnc,qID,Q1429-0,he,774306,774308,1,2108,49,M_13236
booknlp,COREF,94,I,774331,774332,0,2108,49,M_13237
pdnc,qID,Q1429-0,him,774346,774349,1,2108,49,M_13238
booknlp,COREF,94,me,774402,774404,0,2108,49,M_13239
booknlp,COREF,94,my,774480,774482,0,2108,49,M_13240
booknlp,COREF,94,I,774509,774510,0,2108,49,M_13241
pdnc,qID,Q1429-1,his,774519,774522,1,2108,49,M_13242
booknlp,COREF,94,I,774577,774578,0,2108,49,M_13243
booknlp,COREF,94,my,774697,774699,0,2108,49,M_13244
pdnc,qID,Q1429-1,He,774706,774708,1,2108,49,M_13245
booknlp,COREF,94,me,774724,774726,0,2108,49,M_13246
pdnc,qID,Q1429-1,he,774732,774734,1,2108,49,M_13247
booknlp,COREF,94,me,774751,774753,0,2108,49,M_13248
booknlp,COREF,94,I,774755,774756,0,2108,49,M_13249
pdnc,qID,Q1429-1,him,774785,774788,1,2108,49,M_13250
booknlp,COREF,94,I,774798,774799,0,2108,49,M_13251
pdnc,qID,Q1429-1,his,774825,774828,1,2108,49,M_13252
pdnc,qID,Q1429-1,He,774840,774842,1,2108,49,M_13253
booknlp,COREF,94,me,774866,774868,0,2108,49,M_13254
pdnc,qID,Q1429-1,his,774903,774906,1,2108,49,M_13255
pdnc,qID,Q1429-1,his,774944,774947,1,2108,49,M_13256
pdnc,qID,Q1429-1,him,774974,774977,1,2108,49,M_13257
booknlp,COREF,94,I,774991,774992,0,2108,49,M_13258
booknlp,COREF,94,myself,775041,775047,0,2108,49,M_13259
booknlp,COREF,94,I,775061,775062,0,2108,49,M_13260
booknlp,COREF,94,my,775094,775096,0,2108,49,M_13261
booknlp,COREF,94,I,775127,775128,0,2108,49,M_13262
pdnc,qID,Q1429-1,him,775160,775163,1,2108,49,M_13263
pdnc,qID,Q1430-0,Frank Churchill,775424,775439,1,2110,49,M_13264
pdnc,qID,Q1430-0,him,775493,775496,1,2110,49,M_13265
pdnc,qID,Q1430-0,him,775519,775522,1,2110,49,M_13266
pdnc,qID,Q1430-0,him,775581,775584,1,2110,49,M_13267
pdnc,qID,Q1430-0,he,775595,775597,1,2110,49,M_13268
pdnc,qID,Q1430-0,he,775640,775642,1,2110,49,M_13269
pdnc,qID,Q1430-0,him,775687,775690,1,2110,49,M_13270
pdnc,qID,Q1430-0,her,775704,775707,4,2110,49,M_13271
pdnc,qID,Q1430-0,his,775750,775753,1,2110,49,M_13272
pdnc,qID,Q1430-0,him,775805,775808,1,2110,49,M_13273
booknlp,COREF,94,I,775818,775819,0,2111,49,M_13274
exp,exp_name,emma,Emma,775871,775875,0,2111,49,M_13275
booknlp,COREF,94,I,775878,775879,0,2111,49,M_13276
pdnc,qID,Q1432-0,He,775945,775947,1,2112,49,M_13277
exp,exp_name,mr. knightley,Mr. Knightley,775983,775996,6,2112,49,M_13278
pdnc,qID,Q1432-1,he,776090,776092,1,2112,49,M_13279
pdnc,qID,Q1432-1,him,776233,776236,1,2112,49,M_13280
pdnc,qID,Q1432-1,Jane Fairfax,776304,776316,4,2112,49,M_13281
pdnc,qID,Q1432-1,her,776341,776344,4,2112,49,M_13282
pdnc,qID,Q1432-1,his,776379,776382,1,2112,49,M_13283
pdnc,qID,Q1432-1,her,776568,776571,4,2112,49,M_13284
pdnc,qID,Q1432-1,his,776622,776625,1,2112,49,M_13285
pdnc,qID,Q1432-1,his,776651,776654,1,2112,49,M_13286
pdnc,qID,Q1432-1,she,776685,776688,4,2112,49,M_13287
pdnc,qID,Q1432-1,Frank Churchill,776890,776905,1,2112,49,M_13288
pdnc,qID,Q1432-1,his,776970,776973,1,2112,49,M_13289
pdnc,qID,Q1432-1,He,776981,776983,1,2112,49,M_13290
pdnc,qID,Q1432-1,her,777036,777039,4,2112,49,M_13291
pdnc,qID,Q1432-1,her,777069,777072,4,2112,49,M_13292
pdnc,qID,Q1432-1,he,777105,777107,1,2112,49,M_13293
pdnc,qID,Q1432-1,his,777116,777119,1,2112,49,M_13294
pdnc,qID,Q1432-1,him,777173,777176,1,2112,49,M_13295
pdnc,qID,Q1432-1,her,777204,777207,4,2112,49,M_13296
pdnc,qID,Q1432-1,His,777219,777222,1,2112,49,M_13297
pdnc,qID,Q1432-1,His,777244,777247,1,2112,49,M_13298
pdnc,qID,Q1432-1,He,777260,777262,1,2112,49,M_13299
pdnc,qID,Q1432-1,His,777283,777286,1,2112,49,M_13300
pdnc,qID,Q1432-1,his,777316,777319,1,2112,49,M_13301
pdnc,qID,Q1432-1,He,777332,777334,1,2112,49,M_13302
pdnc,qID,Q1432-1,him,777398,777401,1,2112,49,M_13303
pdnc,qID,Q1432-1,He,777404,777406,1,2112,49,M_13304
pdnc,qID,Q1433-0,You,777437,777440,6,2113,49,M_13305
pdnc,qID,Q1433-0,you,777453,777456,6,2113,49,M_13306
pdnc,qID,Q1433-0,him,777464,777467,1,2113,49,M_13307
pdnc,qID,Q1434-0,him,777486,777489,1,2114,49,M_13308
pdnc,qID,Q1434-0,Emma,777491,777495,0,2114,49,M_13309
pdnc,qID,Q1434-0,he,777512,777514,1,2114,49,M_13310
exp,exp_name,emma,Emma,777543,777547,0,2115,49,M_13311
exp,exp_name,harriet,Harriet,777611,777618,2,2115,49,M_13312
booknlp,COREF,94,her,777624,777627,0,2115,49,M_13313
booknlp,COREF,94,She,777685,777688,0,2115,49,M_13314
booknlp,COREF,94,her,777694,777697,0,2115,49,M_13315
booknlp,COREF,94,she,777704,777707,0,2115,49,M_13316
booknlp,COREF,94,she,777790,777793,0,2115,49,M_13317
exp,exp_name,mr. knightley,Mr. Knightley,777832,777845,6,2115,49,M_13318
booknlp,COREF,94,her,777855,777858,0,2115,49,M_13319
pdnc,qID,Q1435-0,You,777873,777876,0,2116,49,M_13320
pdnc,qID,Q1435-0,You,777921,777924,0,2116,49,M_13321
pdnc,qID,Q1435-0,You,777971,777974,0,2116,49,M_13322
pdnc,qID,Q1435-0,Emma,778009,778013,0,2116,49,M_13323
pdnc,qID,Q1435-0,you,778027,778030,0,2116,49,M_13324
pdnc,qID,Q1435-0,you,778036,778039,0,2116,49,M_13325
booknlp,COREF,94,she,778145,778148,0,2117,49,M_13326
booknlp,COREF,94,yourself,778209,778217,0,2117,49,M_13327
pdnc,qID,Q1437-0,you,778228,778231,0,2118,49,M_13328
exp,exp_name,emma,Emma,778315,778319,0,2119,49,M_13329
booknlp,COREF,94,her,778382,778385,0,2119,49,M_13330
booknlp,COREF,94,her,778417,778420,0,2119,49,M_13331
booknlp,COREF,94,she,778436,778439,0,2119,49,M_13332
booknlp,COREF,94,She,778454,778457,0,2119,49,M_13333
booknlp,COREF,94,she,778511,778514,0,2119,49,M_13334
exp,exp_name,harriet,Harriet,778541,778548,2,2119,49,M_13335
pdnc,qID,Q1437-1,You,778748,778751,0,2120,49,M_13336
exp,exp_name,emma,Emma,778803,778807,0,2121,49,M_13337
booknlp,COREF,94,she,778970,778973,0,2121,49,M_13338
pdnc,qID,Q1439-0,you,778992,778995,6,2121,49,M_13339
pdnc,qID,Q1439-0,Mr. Knightley,779020,779033,6,2121,49,M_13340
booknlp,COREF,94,I,779040,779041,0,2121,49,M_13341
pdnc,qID,Q1439-0,you,779058,779061,6,2121,49,M_13342
pdnc,qID,Q1439-0,you,779076,779079,6,2121,49,M_13343
booknlp,COREF,94,me,779113,779115,0,2121,49,M_13344
booknlp,COREF,94,my,779139,779141,0,2121,49,M_13345
pdnc,qID,Q1439-0,you,779168,779171,6,2121,49,M_13346
pdnc,qID,Q1439-0,you,779220,779223,6,2121,49,M_13347
pdnc,qID,Q1439-0,you,779262,779265,6,2121,49,M_13348
booknlp,COREF,94,I,779272,779273,0,2121,49,M_13349
pdnc,qID,Q1439-0,you,779284,779287,6,2121,49,M_13350
booknlp,COREF,94,I,779301,779302,0,2121,49,M_13351
exp,exp_name,mr. knightley,Mr. Knightley,779337,779350,6,2122,49,M_13352
pdnc,qID,Q1440-1,Emma,779354,779358,0,2122,49,M_13353
booknlp,COREF,94,I,779365,779366,0,2122,49,M_13354
booknlp,COREF,94,I,779387,779388,0,2122,49,M_13355
booknlp,COREF,94,I,779425,779426,0,2122,49,M_13356
pdnc,qID,Q1440-1,Emma,779484,779488,0,2122,49,M_13357
booknlp,COREF,94,I,779490,779491,0,2122,49,M_13358
pdnc,qID,Q1440-1,your,779499,779503,0,2122,49,M_13359
booknlp,COREF,94,I,779541,779542,0,2122,49,M_13360
booknlp,COREF,94,myself,779564,779570,0,2122,49,M_13361
pdnc,qID,Q1440-1,you,779574,779577,0,2122,49,M_13362
booknlp,COREF,94,me,779597,779599,0,2122,49,M_13363
booknlp,COREF,94,I,779612,779613,0,2122,49,M_13364
pdnc,qID,Q1441-0,My dearest Emma,779748,779763,0,2124,49,M_13365
pdnc,qID,Q1441-1,you,779788,779791,0,2124,49,M_13366
pdnc,qID,Q1441-1,"my dearest, most beloved Emma",779856,779885,0,2124,49,M_13367
pdnc,qID,Q1442-0,You,779969,779972,0,2124,49,M_13368
exp,exp_name,emma,Emma,780066,780070,0,2125,49,M_13369
pdnc,qID,Q1443-0,Emma,780251,780255,0,2126,49,M_13370
pdnc,qID,Q1443-1,you,780381,780384,0,2126,49,M_13371
pdnc,qID,Q1443-1,you,780434,780437,0,2126,49,M_13372
pdnc,qID,Q1443-1,You,780455,780458,0,2126,49,M_13373
pdnc,qID,Q1443-1,you,780506,780509,0,2126,49,M_13374
pdnc,qID,Q1443-1,you,780524,780527,0,2126,49,M_13375
pdnc,qID,Q1443-1,you,780533,780536,0,2126,49,M_13376
pdnc,qID,Q1443-1,you,780636,780639,0,2126,49,M_13377
pdnc,qID,Q1443-1,dearest Emma,780645,780657,0,2126,49,M_13378
pdnc,qID,Q1443-1,you,780670,780673,0,2126,49,M_13379
pdnc,qID,Q1443-1,you,780809,780812,0,2126,49,M_13380
pdnc,qID,Q1443-1,you,780834,780837,0,2126,49,M_13381
pdnc,qID,Q1443-1,you,780843,780846,0,2126,49,M_13382
pdnc,qID,Q1443-1,you,780895,780898,0,2126,49,M_13383
pdnc,qID,Q1443-1,your,780949,780953,0,2126,49,M_13384
exp,exp_name,emma,Emma,780979,780983,0,2127,49,M_13385
exp,exp_name,harriet,Harriet,781167,781174,2,2127,49,M_13386
booknlp,COREF,94,her,781269,781272,0,2127,49,M_13387
exp,exp_name,harriet,Harriet,781283,781290,2,2127,49,M_13388
booknlp,COREF,112,she,781309,781312,2,2127,49,M_13389
booknlp,COREF,112,herself,781329,781336,2,2127,49,M_13390
booknlp,COREF,112,she,781348,781351,2,2127,49,M_13391
exp,exp_name,harriet,Harriet,781380,781387,2,2127,49,M_13392
booknlp,COREF,112,her,781426,781429,2,2127,49,M_13393
booknlp,COREF,112,her,781453,781456,2,2127,49,M_13394
booknlp,COREF,112,her,781468,781471,2,2127,49,M_13395
booknlp,COREF,112,her,781480,781483,2,2127,49,M_13396
booknlp,COREF,112,her,781496,781499,2,2127,49,M_13397
exp,exp_name,harriet,Harriet,781702,781709,2,2127,49,M_13398
booknlp,COREF,94,her,781735,781738,0,2127,49,M_13399
booknlp,COREF,94,she,781813,781816,0,2127,49,M_13400
booknlp,COREF,94,her,781834,781837,0,2127,49,M_13401
booknlp,COREF,94,her,781920,781923,0,2127,49,M_13402
booknlp,COREF,94,herself,781970,781977,0,2127,49,M_13403
exp,exp_name,harriet,Harriet,781981,781988,2,2127,49,M_13404
exp,exp_name,emma,Emma,782185,782189,0,2127,49,M_13405
booknlp,COREF,94,She,782202,782205,0,2127,49,M_13406
exp,exp_name,harriet,Harriet,782215,782222,2,2127,49,M_13407
booknlp,COREF,94,her,782351,782354,0,2127,49,M_13408
booknlp,COREF,94,She,782362,782365,0,2127,49,M_13409
booknlp,COREF,94,her,782374,782377,0,2127,49,M_13410
booknlp,COREF,94,her,782423,782426,0,2127,49,M_13411
booknlp,COREF,94,her,782441,782444,0,2127,49,M_13412
booknlp,COREF,94,her,782471,782474,0,2127,49,M_13413
booknlp,COREF,94,Her,782600,782603,0,2127,49,M_13414
booknlp,COREF,94,she,782694,782697,0,2127,49,M_13415
booknlp,COREF,94,she,782714,782717,0,2127,49,M_13416
booknlp,COREF,94,her,783100,783103,0,2127,49,M_13417
booknlp,COREF,94,she,783136,783139,0,2127,49,M_13418
exp,exp_name,mr. knightley,Mr. Knightley,783230,783243,6,2127,49,M_13419
exp,exp_name,mr. knightley,Mr. Knightley,783586,783599,6,2128,49,M_13420
exp,exp_name,emma,Emma,783620,783624,0,2128,49,M_13421
booknlp,COREF,94,she,783653,783656,0,2128,49,M_13422
booknlp,COREF,94,her,783792,783795,0,2129,49,M_13423
booknlp,COREF,94,she,783881,783884,0,2129,49,M_13424
exp,exp_name,frank churchill,Frank Churchill,783890,783905,1,2129,49,M_13425
booknlp,COREF,94,she,783982,783985,0,2129,49,M_13426
booknlp,COREF,94,her,784166,784169,0,2129,49,M_13427
exp,exp_name,frank churchill,Frank Churchill,784197,784212,1,2129,49,M_13428
booknlp,COREF,94,her,784217,784220,0,2129,49,M_13429
booknlp,COREF,94,her,784326,784329,0,2129,49,M_13430
booknlp,COREF,94,she,784474,784477,0,2129,49,M_13431
booknlp,COREF,94,Her,784849,784852,0,2130,49,M_13432
exp,exp_name,frank churchill,Frank Churchill,785134,785149,1,2130,49,M_13433
exp,exp_name,emma,Emma,785177,785181,0,2130,49,M_13434
exp,exp_name,frank churchill,Frank Churchill,785198,785213,1,2130,49,M_13435
exp,exp_name,frank churchill,Frank Churchill,785329,785344,1,2130,49,M_13436
exp,exp_name,isabella,Isabella,785691,785699,3,2130,49,M_13437
exp,exp_name,emma,Emma,785718,785722,0,2130,49,M_13438
exp,exp_name,jane fairfax,Jane Fairfax,786001,786013,4,2130,49,M_13439
exp,exp_name,frank churchill,Frank Churchill,786121,786136,1,2130,49,M_13440
exp,exp_name,emma,Emma,786160,786164,0,2130,49,M_13441
booknlp,COREF,94,her,786226,786229,0,2130,49,M_13442
booknlp,COREF,94,her,786417,786420,0,2130,49,M_13443
booknlp,COREF,94,her,786463,786466,0,2131,49,M_13444
exp,exp_name,frank churchill,Frank Churchill,786486,786501,1,2131,49,M_13445
booknlp,COREF,94,her,786528,786531,0,2131,49,M_13446
booknlp,COREF,94,she,786545,786548,0,2131,49,M_13447
booknlp,COREF,103,him,786565,786568,1,2131,49,M_13448
exp,exp_name,frank churchill,Frank Churchill,786570,786585,1,2131,49,M_13449
booknlp,COREF,103,his,786626,786629,1,2131,49,M_13450
exp,exp_name,emma,Emma,786634,786638,0,2131,49,M_13451
exp,exp_name,frank churchill,Frank Churchill,786725,786740,1,2131,49,M_13452
booknlp,COREF,103,him,786768,786771,1,2131,49,M_13453
exp,exp_name,emma,Emma,786853,786857,0,2133,50,M_13454
booknlp,COREF,94,she,786893,786896,0,2133,50,M_13455
booknlp,COREF,94,she,787070,787073,0,2133,50,M_13456
booknlp,COREF,94,her,787259,787262,0,2134,50,M_13457
booknlp,COREF,94,she,787465,787468,0,2134,50,M_13458
booknlp,COREF,94,her,787492,787495,0,2134,50,M_13459
exp,exp_name,mr. woodhouse,Mr. Woodhouse,787584,787597,10,2135,50,M_13460
booknlp,COREF,85,him,787641,787644,10,2135,50,M_13461
booknlp,COREF,85,he,787676,787678,10,2135,50,M_13462
booknlp,COREF,85,his,787762,787765,10,2135,50,M_13463
booknlp,COREF,85,he,787779,787781,10,2135,50,M_13464
booknlp,COREF,85,he,787803,787805,10,2135,50,M_13465
booknlp,COREF,85,he,788006,788008,10,2135,50,M_13466
booknlp,COREF,85,he,788068,788070,10,2135,50,M_13467
booknlp,COREF,85,him,788192,788195,10,2135,50,M_13468
exp,exp_name,mr. knightley,Mr. Knightley,788219,788232,6,2136,50,M_13469
exp,exp_name,emma,Emma,788253,788257,0,2136,50,M_13470
booknlp,COREF,94,she,788299,788302,0,2136,50,M_13471
booknlp,COREF,94,she,788432,788435,0,2136,50,M_13472
booknlp,COREF,94,her,788499,788502,0,2136,50,M_13473
booknlp,COREF,94,her,788519,788522,0,2136,50,M_13474
booknlp,COREF,94,Her,788555,788558,0,2136,50,M_13475
exp,exp_name,harriet,Harriet,788571,788578,2,2136,50,M_13476
booknlp,COREF,94,She,788580,788583,0,2136,50,M_13477
booknlp,COREF,94,her,788747,788750,0,2136,50,M_13478
booknlp,COREF,94,She,788792,788795,0,2136,50,M_13479
exp,exp_name,mr. knightley,Mr. Knightley,788817,788830,6,2136,50,M_13480
booknlp,COREF,94,her,788871,788874,0,2136,50,M_13481
booknlp,COREF,94,her,788939,788942,0,2136,50,M_13482
booknlp,COREF,94,she,789059,789062,0,2136,50,M_13483
booknlp,COREF,94,herself,789073,789080,0,2136,50,M_13484
booknlp,COREF,94,her,789124,789127,0,2136,50,M_13485
booknlp,COREF,94,her,789192,789195,0,2136,50,M_13486
exp,exp_name,harriet,Harriet,789204,789211,2,2136,50,M_13487
booknlp,COREF,112,her,789259,789262,2,2136,50,M_13488
booknlp,COREF,112,her,789302,789305,2,2136,50,M_13489
booknlp,COREF,112,her,789350,789353,2,2136,50,M_13490
booknlp,COREF,112,her,789381,789384,2,2136,50,M_13491
booknlp,COREF,112,her,789430,789433,2,2136,50,M_13492
booknlp,COREF,112,she,789585,789588,2,2136,50,M_13493
booknlp,COREF,112,her,789622,789625,2,2136,50,M_13494
booknlp,COREF,112,her,789725,789728,2,2136,50,M_13495
booknlp,COREF,112,her,789877,789880,2,2136,50,M_13496
exp,exp_name,isabella,Isabella,789903,789911,3,2136,50,M_13497
exp,exp_name,harriet,Harriet,789934,789941,2,2136,50,M_13498
booknlp,COREF,112,her,789985,789988,2,2136,50,M_13499
exp,exp_name,harriet,Harriet,790030,790037,2,2136,50,M_13500
booknlp,COREF,112,herself,790205,790212,2,2136,50,M_13501
booknlp,COREF,112,She,790343,790346,2,2137,50,M_13502
booknlp,COREF,112,her,790369,790372,2,2137,50,M_13503
exp,exp_name,harriet,Harriet,790383,790390,2,2137,50,M_13504
booknlp,COREF,112,her,790417,790420,2,2137,50,M_13505
exp,exp_name,mr. knightley,Mr. Knightley,790458,790471,6,2137,50,M_13506
booknlp,COREF,112,her,790685,790688,2,2137,50,M_13507
booknlp,COREF,112,her,790764,790767,2,2138,50,M_13508
booknlp,COREF,112,her,790802,790805,2,2138,50,M_13509
booknlp,COREF,112,her,790897,790900,2,2138,50,M_13510
exp,exp_name,frank churchill,Frank Churchill,791053,791068,1,2138,50,M_13511
booknlp,COREF,112,she,791070,791073,2,2138,50,M_13512
booknlp,COREF,112,she,791098,791101,2,2138,50,M_13513
booknlp,COREF,112,her,791122,791125,2,2138,50,M_13514
booknlp,COREF,112,herself,791138,791145,2,2138,50,M_13515
booknlp,COREF,112,she,791192,791195,2,2138,50,M_13516
booknlp,COREF,112,she,791205,791208,2,2138,50,M_13517
booknlp,COREF,112,She,791266,791269,2,2138,50,M_13518
exp,exp_name,mrs. weston,Mrs. Weston,791324,791335,15,2138,50,M_13519
booknlp,COREF,112,herself,791339,791346,2,2138,50,M_13520
exp,exp_name,frank,Frank,791375,791380,1,2138,50,M_13521
exp,exp_name,mrs. weston,Mrs. Weston,791384,791395,15,2138,50,M_13522
booknlp,COREF,112,I,791399,791400,2,2139,50,M_13523
booknlp,COREF,112,my,791429,791431,2,2139,50,M_13524
exp,exp_name,emma,Emma,791437,791441,0,2139,50,M_13525
booknlp,COREF,94,you,791460,791463,0,2139,50,M_13526
booknlp,COREF,112,I,791478,791479,2,2139,50,M_13527
booknlp,COREF,94,you,791507,791510,0,2139,50,M_13528
booknlp,COREF,112,I,791642,791643,2,2139,50,M_13529
booknlp,COREF,94,you,791659,791662,0,2139,50,M_13530
booknlp,COREF,112,I,791763,791764,2,2139,50,M_13531
booknlp,COREF,94,your,791813,791817,0,2139,50,M_13532
booknlp,COREF,94,you,791879,791882,0,2139,50,M_13533
booknlp,COREF,112,I,791925,791926,2,2139,50,M_13534
booknlp,COREF,94,your,791981,791985,0,2139,50,M_13535
booknlp,COREF,94,Yours,792185,792190,0,2140,50,M_13536
exp,exp_name,mrs. weston,Mrs. Weston,792289,792300,15,2141,50,M_13537
booknlp,COREF,112,I,792394,792395,2,2143,50,M_13538
booknlp,COREF,112,myself,792401,792407,2,2143,50,M_13539
booknlp,COREF,112,I,792483,792484,2,2143,50,M_13540
booknlp,COREF,112,I,792562,792563,2,2143,50,M_13541
booknlp,COREF,94,your,792603,792607,0,2143,50,M_13542
booknlp,COREF,112,my,792644,792646,2,2143,50,M_13543
booknlp,COREF,112,I,792666,792667,2,2143,50,M_13544
booknlp,COREF,112,My,792724,792726,2,2143,50,M_13545
booknlp,COREF,112,I,792747,792748,2,2143,50,M_13546
booknlp,COREF,112,I,792810,792811,2,2143,50,M_13547
booknlp,COREF,112,I,792884,792885,2,2143,50,M_13548
booknlp,COREF,112,myself,792915,792921,2,2143,50,M_13549
booknlp,COREF,94,yours,792934,792939,0,2143,50,M_13550
booknlp,COREF,94,your,792960,792964,0,2143,50,M_13551
booknlp,COREF,112,my,793067,793069,2,2143,50,M_13552
booknlp,COREF,112,I,793085,793086,2,2143,50,M_13553
booknlp,COREF,94,you,793114,793117,0,2143,50,M_13554
booknlp,COREF,112,me,793132,793134,2,2143,50,M_13555
booknlp,COREF,112,My,793210,793212,2,2143,50,M_13556
booknlp,COREF,112,myself,793228,793234,2,2143,50,M_13557
booknlp,COREF,112,I,793299,793300,2,2143,50,M_13558
booknlp,COREF,112,my,793332,793334,2,2143,50,M_13559
booknlp,COREF,112,I,793369,793370,2,2143,50,M_13560
booknlp,COREF,112,I,793466,793467,2,2143,50,M_13561
booknlp,COREF,112,my,793498,793500,2,2143,50,M_13562
booknlp,COREF,112,I,793594,793595,2,2143,50,M_13563
booknlp,COREF,112,I,793780,793781,2,2143,50,M_13564
booknlp,COREF,94,you,793809,793812,0,2143,50,M_13565
booknlp,COREF,94,your,793844,793848,0,2143,50,M_13566
booknlp,COREF,94,you,793879,793882,0,2143,50,M_13567
booknlp,COREF,112,me,794074,794076,2,2143,50,M_13568
booknlp,COREF,94,you,794172,794175,0,2143,50,M_13569
booknlp,COREF,112,I,794202,794203,2,2143,50,M_13570
booknlp,COREF,112,my,794221,794223,2,2143,50,M_13571
booknlp,COREF,94,your,794245,794249,0,2143,50,M_13572
booknlp,COREF,112,me,794403,794405,2,2143,50,M_13573
booknlp,COREF,112,my,794452,794454,2,2143,50,M_13574
booknlp,COREF,112,I,794490,794491,2,2143,50,M_13575
booknlp,COREF,94,You,794559,794562,0,2143,50,M_13576
booknlp,COREF,112,I,794591,794592,2,2143,50,M_13577
exp,exp_name,miss fairfax,Miss Fairfax,794611,794623,4,2143,50,M_13578
booknlp,COREF,94,you,794649,794652,0,2143,50,M_13579
booknlp,COREF,94,you,794680,794683,0,2143,50,M_13580
booknlp,COREF,112,me,794697,794699,2,2143,50,M_13581
booknlp,COREF,112,I,794715,794716,2,2143,50,M_13582
booknlp,COREF,112,my,794730,794732,2,2143,50,M_13583
booknlp,COREF,112,I,794788,794789,2,2143,50,M_13584
booknlp,COREF,112,myself,794799,794805,2,2143,50,M_13585
booknlp,COREF,112,I,794830,794831,2,2143,50,M_13586
booknlp,COREF,94,you,794861,794864,0,2143,50,M_13587
booknlp,COREF,112,My,794866,794868,2,2143,50,M_13588
booknlp,COREF,112,I,794918,794919,2,2143,50,M_13589
booknlp,COREF,94,you,794931,794934,0,2143,50,M_13590
booknlp,COREF,112,I,794945,794946,2,2143,50,M_13591
booknlp,COREF,112,me,794957,794959,2,2143,50,M_13592
booknlp,COREF,112,I,795014,795015,2,2143,50,M_13593
booknlp,COREF,112,my,795066,795068,2,2143,50,M_13594
booknlp,COREF,94,you,795096,795099,0,2143,50,M_13595
booknlp,COREF,112,my,795115,795117,2,2143,50,M_13596
booknlp,COREF,112,I,795230,795231,2,2143,50,M_13597
exp,exp_name,miss woodhouse,Miss Woodhouse,795240,795254,0,2143,50,M_13598
booknlp,COREF,112,my,795256,795258,2,2143,50,M_13599
booknlp,COREF,112,I,795285,795286,2,2143,50,M_13600
booknlp,COREF,112,I,795413,795414,2,2143,50,M_13601
booknlp,COREF,112,myself,795427,795433,2,2143,50,M_13602
exp,exp_name,miss woodhouse,Miss Woodhouse,795462,795476,0,2143,50,M_13603
booknlp,COREF,112,I,795488,795489,2,2143,50,M_13604
booknlp,COREF,112,me,795569,795571,2,2143,50,M_13605
booknlp,COREF,112,I,795573,795574,2,2143,50,M_13606
exp,exp_name,miss woodhouse,Miss Woodhouse,795704,795718,0,2143,50,M_13607
booknlp,COREF,112,my,795723,795725,2,2143,50,M_13608
booknlp,COREF,112,I,795749,795750,2,2143,50,M_13609
booknlp,COREF,94,you,795759,795762,0,2143,50,M_13610
booknlp,COREF,112,I,795802,795803,2,2143,50,M_13611
booknlp,COREF,93,her,795826,795829,0,2143,50,M_13612
booknlp,COREF,112,I,795844,795845,2,2143,50,M_13613
exp,exp_name,miss woodhouse,Miss Woodhouse,795932,795946,0,2143,50,M_13614
booknlp,COREF,93,she,795951,795954,0,2143,50,M_13615
booknlp,COREF,112,me,795966,795968,2,2143,50,M_13616
booknlp,COREF,93,she,796027,796030,0,2143,50,M_13617
booknlp,COREF,112,me,796089,796091,2,2143,50,M_13618
booknlp,COREF,112,my,796105,796107,2,2143,50,M_13619
booknlp,COREF,112,my,796122,796124,2,2143,50,M_13620
booknlp,COREF,112,my,796145,796147,2,2143,50,M_13621
booknlp,COREF,112,me,796230,796232,2,2143,50,M_13622
booknlp,COREF,93,her,796321,796324,0,2143,50,M_13623
exp,exp_name,miss woodhouse,Miss Woodhouse,796363,796377,0,2143,50,M_13624
booknlp,COREF,112,me,796405,796407,2,2143,50,M_13625
booknlp,COREF,112,I,796449,796450,2,2143,50,M_13626
booknlp,COREF,112,I,796469,796470,2,2143,50,M_13627
booknlp,COREF,93,her,796495,796498,0,2143,50,M_13628
booknlp,COREF,112,I,796500,796501,2,2143,50,M_13629
booknlp,COREF,112,I,796516,796517,2,2143,50,M_13630
booknlp,COREF,112,I,796567,796568,2,2143,50,M_13631
booknlp,COREF,93,she,796582,796585,0,2143,50,M_13632
booknlp,COREF,112,I,796617,796618,2,2143,50,M_13633
booknlp,COREF,93,her,796636,796639,0,2143,50,M_13634
booknlp,COREF,112,me,796662,796664,2,2143,50,M_13635
booknlp,COREF,93,her,796733,796736,0,2143,50,M_13636
booknlp,COREF,112,I,796776,796777,2,2143,50,M_13637
booknlp,COREF,93,her,796895,796898,0,2143,50,M_13638
booknlp,COREF,93,She,796919,796922,0,2143,50,M_13639
booknlp,COREF,112,me,796939,796941,2,2143,50,M_13640
booknlp,COREF,112,I,796955,796956,2,2143,50,M_13641
booknlp,COREF,93,her,796966,796969,0,2143,50,M_13642
booknlp,COREF,112,me,796978,796980,2,2143,50,M_13643
booknlp,COREF,112,I,796999,797000,2,2143,50,M_13644
exp,exp_name,mrs. elton,Mrs. Elton,797006,797016,13,2143,50,M_13645
booknlp,COREF,93,her,797031,797034,0,2143,50,M_13646
exp,exp_name,miss fairfax,Miss Fairfax,797049,797061,4,2143,50,M_13647
booknlp,COREF,112,my,797087,797089,2,2143,50,M_13648
booknlp,COREF,93,her,797106,797109,0,2143,50,M_13649
booknlp,COREF,112,my,797138,797140,2,2143,50,M_13650
booknlp,COREF,112,me,797213,797215,2,2143,50,M_13651
exp,exp_name,emma woodhouse,Emma Woodhouse,797241,797255,0,2143,50,M_13652
booknlp,COREF,112,I,797257,797258,2,2143,50,M_13653
booknlp,COREF,112,me,797301,797303,2,2143,50,M_13654
booknlp,COREF,112,me,797326,797328,2,2143,50,M_13655
exp,exp_name,emma woodhouse,Emma Woodhouse,797395,797409,0,2143,50,M_13656
booknlp,COREF,112,I,797416,797417,2,2143,50,M_13657
booknlp,COREF,93,her,797478,797481,0,2143,50,M_13658
booknlp,COREF,112,I,797551,797552,2,2143,50,M_13659
booknlp,COREF,112,My,797611,797613,2,2143,50,M_13660
booknlp,COREF,112,my,797641,797643,2,2143,50,M_13661
booknlp,COREF,112,my,797664,797666,2,2143,50,M_13662
booknlp,COREF,112,I,797838,797839,2,2143,50,M_13663
booknlp,COREF,112,me,797959,797961,2,2143,50,M_13664
booknlp,COREF,93,her,798022,798025,0,2143,50,M_13665
booknlp,COREF,112,my,798064,798066,2,2143,50,M_13666
booknlp,COREF,112,my,798094,798096,2,2143,50,M_13667
booknlp,COREF,112,I,798139,798140,2,2143,50,M_13668
booknlp,COREF,93,her,798162,798165,0,2143,50,M_13669
booknlp,COREF,93,her,798216,798219,0,2143,50,M_13670
booknlp,COREF,93,She,798221,798224,0,2143,50,M_13671
booknlp,COREF,93,herself,798239,798246,0,2143,50,M_13672
booknlp,COREF,93,she,798252,798255,0,2143,50,M_13673
booknlp,COREF,93,her,798347,798350,0,2143,50,M_13674
booknlp,COREF,112,I,798369,798370,2,2143,50,M_13675
booknlp,COREF,112,I,798416,798417,2,2143,50,M_13676
booknlp,COREF,112,I,798427,798428,2,2143,50,M_13677
booknlp,COREF,93,her,798479,798482,0,2143,50,M_13678
booknlp,COREF,93,she,798502,798505,0,2143,50,M_13679
booknlp,COREF,112,I,798523,798524,2,2143,50,M_13680
booknlp,COREF,112,I,798542,798543,2,2143,50,M_13681
booknlp,COREF,93,her,798573,798576,0,2143,50,M_13682
booknlp,COREF,112,I,798584,798585,2,2143,50,M_13683
booknlp,COREF,93,her,798613,798616,0,2143,50,M_13684
booknlp,COREF,93,she,798618,798621,0,2143,50,M_13685
booknlp,COREF,112,me,798687,798689,2,2143,50,M_13686
booknlp,COREF,112,I,798719,798720,2,2143,50,M_13687
booknlp,COREF,112,I,798787,798788,2,2143,50,M_13688
booknlp,COREF,112,I,798850,798851,2,2143,50,M_13689
booknlp,COREF,112,I,798927,798928,2,2143,50,M_13690
booknlp,COREF,112,I,798962,798963,2,2143,50,M_13691
booknlp,COREF,93,her,798982,798985,0,2143,50,M_13692
booknlp,COREF,112,my,799015,799017,2,2143,50,M_13693
booknlp,COREF,112,I,799038,799039,2,2143,50,M_13694
booknlp,COREF,112,I,799066,799067,2,2143,50,M_13695
booknlp,COREF,112,I,799097,799098,2,2143,50,M_13696
booknlp,COREF,93,her,799110,799113,0,2143,50,M_13697
booknlp,COREF,112,I,799130,799131,2,2143,50,M_13698
booknlp,COREF,112,I,799156,799157,2,2143,50,M_13699
booknlp,COREF,112,I,799180,799181,2,2143,50,M_13700
booknlp,COREF,93,her,799196,799199,0,2143,50,M_13701
booknlp,COREF,112,I,799212,799213,2,2143,50,M_13702
booknlp,COREF,112,My,799239,799241,2,2143,50,M_13703
booknlp,COREF,112,me,799270,799272,2,2143,50,M_13704
booknlp,COREF,112,I,799372,799373,2,2143,50,M_13705
booknlp,COREF,112,me,799616,799618,2,2143,50,M_13706
booknlp,COREF,112,I,799643,799644,2,2143,50,M_13707
booknlp,COREF,112,me,799749,799751,2,2143,50,M_13708
booknlp,COREF,112,I,799773,799774,2,2143,50,M_13709
booknlp,COREF,112,myself,799782,799788,2,2143,50,M_13710
booknlp,COREF,93,she,799830,799833,0,2143,50,M_13711
booknlp,COREF,112,mine,799867,799871,2,2143,50,M_13712
booknlp,COREF,112,I,799918,799919,2,2143,50,M_13713
booknlp,COREF,93,she,799956,799959,0,2143,50,M_13714
booknlp,COREF,112,my,800000,800002,2,2143,50,M_13715
booknlp,COREF,112,I,800015,800016,2,2143,50,M_13716
booknlp,COREF,112,I,800136,800137,2,2143,50,M_13717
booknlp,COREF,112,my,800180,800182,2,2143,50,M_13718
booknlp,COREF,112,me,800261,800263,2,2143,50,M_13719
booknlp,COREF,112,I,800265,800266,2,2143,50,M_13720
booknlp,COREF,112,I,800296,800297,2,2143,50,M_13721
booknlp,COREF,112,my,800314,800316,2,2143,50,M_13722
booknlp,COREF,93,She,800393,800396,0,2143,50,M_13723
booknlp,COREF,93,she,800482,800485,0,2143,50,M_13724
booknlp,COREF,112,I,800533,800534,2,2143,50,M_13725
booknlp,COREF,112,I,800560,800561,2,2143,50,M_13726
booknlp,COREF,93,her,800570,800573,0,2143,50,M_13727
booknlp,COREF,112,I,800639,800640,2,2143,50,M_13728
booknlp,COREF,93,her,800649,800652,0,2143,50,M_13729
booknlp,COREF,93,she,800668,800671,0,2143,50,M_13730
booknlp,COREF,112,I,800693,800694,2,2143,50,M_13731
booknlp,COREF,93,her,800708,800711,0,2143,50,M_13732
booknlp,COREF,112,my,800734,800736,2,2143,50,M_13733
booknlp,COREF,93,she,800766,800769,0,2143,50,M_13734
booknlp,COREF,112,I,800785,800786,2,2143,50,M_13735
booknlp,COREF,112,I,800832,800833,2,2143,50,M_13736
booknlp,COREF,112,I,800996,800997,2,2143,50,M_13737
booknlp,COREF,112,I,801008,801009,2,2143,50,M_13738
booknlp,COREF,93,her,801014,801017,0,2143,50,M_13739
booknlp,COREF,93,herself,801034,801041,0,2143,50,M_13740
booknlp,COREF,93,her,801067,801070,0,2143,50,M_13741
booknlp,COREF,93,she,801076,801079,0,2143,50,M_13742
booknlp,COREF,93,She,801101,801104,0,2143,50,M_13743
booknlp,COREF,112,me,801133,801135,2,2143,50,M_13744
booknlp,COREF,112,I,801143,801144,2,2143,50,M_13745
booknlp,COREF,112,I,801191,801192,2,2143,50,M_13746
booknlp,COREF,112,I,801273,801274,2,2143,50,M_13747
booknlp,COREF,93,she,801391,801394,0,2143,50,M_13748
booknlp,COREF,93,her,801639,801642,0,2143,50,M_13749
booknlp,COREF,112,I,801654,801655,2,2143,50,M_13750
booknlp,COREF,112,my,801732,801734,2,2143,50,M_13751
booknlp,COREF,93,her,801776,801779,0,2143,50,M_13752
booknlp,COREF,93,she,801887,801890,0,2143,50,M_13753
booknlp,COREF,93,her,801897,801900,0,2143,50,M_13754
booknlp,COREF,112,my,801972,801974,2,2143,50,M_13755
booknlp,COREF,93,her,802017,802020,0,2143,50,M_13756
booknlp,COREF,112,mine,802041,802045,2,2143,50,M_13757
booknlp,COREF,112,I,802051,802052,2,2143,50,M_13758
booknlp,COREF,112,I,802099,802100,2,2143,50,M_13759
booknlp,COREF,112,I,802165,802166,2,2143,50,M_13760
booknlp,COREF,93,her,802190,802193,0,2143,50,M_13761
booknlp,COREF,112,I,802218,802219,2,2143,50,M_13762
booknlp,COREF,112,I,802285,802286,2,2143,50,M_13763
booknlp,COREF,93,her,802322,802325,0,2143,50,M_13764
booknlp,COREF,112,I,802340,802341,2,2143,50,M_13765
booknlp,COREF,93,she,802368,802371,0,2143,50,M_13766
booknlp,COREF,112,myself,802433,802439,2,2143,50,M_13767
booknlp,COREF,112,my,802499,802501,2,2143,50,M_13768
booknlp,COREF,112,I,802519,802520,2,2143,50,M_13769
booknlp,COREF,112,me,802576,802578,2,2143,50,M_13770
booknlp,COREF,93,her,802602,802605,0,2143,50,M_13771
booknlp,COREF,93,she,802666,802669,0,2143,50,M_13772
booknlp,COREF,112,I,802676,802677,2,2143,50,M_13773
booknlp,COREF,93,she,802709,802712,0,2143,50,M_13774
exp,exp_name,mrs. elton,Mrs. Elton,802753,802763,13,2143,50,M_13775
booknlp,COREF,93,her,802804,802807,0,2143,50,M_13776
booknlp,COREF,112,me,802837,802839,2,2143,50,M_13777
booknlp,COREF,112,I,802869,802870,2,2143,50,M_13778
booknlp,COREF,112,myself,802959,802965,2,2143,50,M_13779
booknlp,COREF,112,I,802983,802984,2,2143,50,M_13780
exp,exp_name,jane,Jane,803061,803065,4,2143,50,M_13781
booknlp,COREF,112,I,803099,803100,2,2143,50,M_13782
booknlp,COREF,112,myself,803123,803129,2,2143,50,M_13783
booknlp,COREF,112,I,803190,803191,2,2143,50,M_13784
booknlp,COREF,112,me,803365,803367,2,2143,50,M_13785
booknlp,COREF,112,I,803369,803370,2,2143,50,M_13786
booknlp,COREF,112,me,803446,803448,2,2143,50,M_13787
booknlp,COREF,112,me,803490,803492,2,2143,50,M_13788
booknlp,COREF,112,me,803674,803676,2,2143,50,M_13789
booknlp,COREF,112,my,803700,803702,2,2143,50,M_13790
booknlp,COREF,112,I,803722,803723,2,2143,50,M_13791
booknlp,COREF,112,my,803778,803780,2,2143,50,M_13792
booknlp,COREF,112,me,803831,803833,2,2143,50,M_13793
booknlp,COREF,112,my,803843,803845,2,2143,50,M_13794
booknlp,COREF,112,my,803938,803940,2,2143,50,M_13795
booknlp,COREF,112,I,803959,803960,2,2143,50,M_13796
booknlp,COREF,112,I,803976,803977,2,2143,50,M_13797
booknlp,COREF,112,I,804103,804104,2,2143,50,M_13798
booknlp,COREF,112,I,804147,804148,2,2143,50,M_13799
booknlp,COREF,112,I,804198,804199,2,2143,50,M_13800
booknlp,COREF,112,my,804222,804224,2,2143,50,M_13801
booknlp,COREF,112,I,804295,804296,2,2143,50,M_13802
booknlp,COREF,112,my,804325,804327,2,2143,50,M_13803
booknlp,COREF,112,me,804677,804679,2,2143,50,M_13804
booknlp,COREF,112,my,804707,804709,2,2143,50,M_13805
booknlp,COREF,112,I,804742,804743,2,2143,50,M_13806
booknlp,COREF,112,I,804823,804824,2,2143,50,M_13807
booknlp,COREF,112,me,804946,804948,2,2143,50,M_13808
booknlp,COREF,112,I,804962,804963,2,2143,50,M_13809
booknlp,COREF,112,I,804990,804991,2,2143,50,M_13810
booknlp,COREF,112,I,805121,805122,2,2143,50,M_13811
booknlp,COREF,112,I,805367,805368,2,2143,50,M_13812
booknlp,COREF,112,my,805391,805393,2,2143,50,M_13813
booknlp,COREF,112,I,805407,805408,2,2143,50,M_13814
booknlp,COREF,112,my,805500,805502,2,2143,50,M_13815
booknlp,COREF,112,I,805531,805532,2,2143,50,M_13816
booknlp,COREF,112,my,805605,805607,2,2143,50,M_13817
booknlp,COREF,112,I,805685,805686,2,2143,50,M_13818
booknlp,COREF,112,I,805810,805811,2,2143,50,M_13819
booknlp,COREF,112,me,805951,805953,2,2143,50,M_13820
booknlp,COREF,112,I,805963,805964,2,2143,50,M_13821
booknlp,COREF,112,my,806017,806019,2,2143,50,M_13822
booknlp,COREF,112,me,806070,806072,2,2143,50,M_13823
booknlp,COREF,112,I,806078,806079,2,2143,50,M_13824
booknlp,COREF,112,I,806114,806115,2,2143,50,M_13825
booknlp,COREF,112,me,806142,806144,2,2143,50,M_13826
booknlp,COREF,112,I,806150,806151,2,2143,50,M_13827
booknlp,COREF,112,my,806227,806229,2,2143,50,M_13828
booknlp,COREF,112,I,806270,806271,2,2143,50,M_13829
booknlp,COREF,112,I,806360,806361,2,2143,50,M_13830
booknlp,COREF,112,my,806407,806409,2,2143,50,M_13831
booknlp,COREF,112,I,806474,806475,2,2143,50,M_13832
booknlp,COREF,112,my,806630,806632,2,2143,50,M_13833
booknlp,COREF,112,I,806645,806646,2,2143,50,M_13834
booknlp,COREF,112,I,806669,806670,2,2143,50,M_13835
booknlp,COREF,112,me,806772,806774,2,2143,50,M_13836
booknlp,COREF,112,me,806863,806865,2,2143,50,M_13837
booknlp,COREF,112,I,806894,806895,2,2143,50,M_13838
booknlp,COREF,112,I,806905,806906,2,2143,50,M_13839
booknlp,COREF,112,me,806948,806950,2,2143,50,M_13840
booknlp,COREF,112,I,806978,806979,2,2143,50,M_13841
booknlp,COREF,94,she,806985,806988,0,2143,50,M_13842
booknlp,COREF,112,my,807016,807018,2,2143,50,M_13843
booknlp,COREF,112,myself,807078,807084,2,2143,50,M_13844
exp,exp_name,weston,WESTON,807193,807199,9,2145,50,M_13845
exp,exp_name,churchill,CHURCHILL,807200,807209,1,2145,50,M_13846
exp,exp_name,emma,Emma,807261,807265,0,2147,51,M_13847
booknlp,COREF,94,She,807278,807281,0,2147,51,M_13848
booknlp,COREF,94,her,807307,807310,0,2147,51,M_13849
exp,exp_name,mrs. weston,Mrs. Weston,807381,807392,15,2147,51,M_13850
booknlp,COREF,94,she,807414,807417,0,2147,51,M_13851
booknlp,COREF,94,her,807426,807429,0,2147,51,M_13852
booknlp,COREF,94,herself,807484,807491,0,2147,51,M_13853
booknlp,COREF,94,her,807636,807639,0,2147,51,M_13854
booknlp,COREF,94,her,807741,807744,0,2147,51,M_13855
booknlp,COREF,94,She,807761,807764,0,2147,51,M_13856
booknlp,COREF,94,she,807782,807785,0,2147,51,M_13857
booknlp,COREF,94,she,807911,807914,0,2147,51,M_13858
exp,exp_name,mrs. weston,Mrs. Weston,807996,808007,15,2147,51,M_13859
exp,exp_name,miss fairfax,Miss Fairfax,808034,808046,4,2147,51,M_13860
booknlp,COREF,94,she,808052,808055,0,2147,51,M_13861
booknlp,COREF,94,herself,808069,808076,0,2147,51,M_13862
booknlp,COREF,94,she,808146,808149,0,2147,51,M_13863
booknlp,COREF,94,She,808204,808207,0,2148,51,M_13864
exp,exp_name,mr. knightley,Mr. Knightley,808249,808262,6,2148,51,M_13865
booknlp,COREF,94,she,808275,808278,0,2148,51,M_13866
booknlp,COREF,94,She,808303,808306,0,2148,51,M_13867
exp,exp_name,mrs. weston,Mrs. Weston,808319,808330,15,2148,51,M_13868
exp,exp_name,mr. knightley,Mr. Knightley,808393,808406,6,2148,51,M_13869
exp,exp_name,mr. weston,Mr. Weston,808583,808593,9,2150,51,M_13870
booknlp,COREF,94,she,808626,808629,0,2150,51,M_13871
pdnc,qID,Q1445-0,you,808684,808687,0,2151,51,M_13872
pdnc,qID,Q1446-0,his mother-in-law,808881,808898,15,2152,51,M_13873
pdnc,qID,Q1446-0,Emma,808917,808921,0,2152,51,M_13874
pdnc,qID,Q1447-0,his,809111,809114,1,2153,51,M_13875
pdnc,qID,Q1448-1,you,809333,809336,0,2154,51,M_13876
pdnc,qID,Q1448-1,you,809385,809388,0,2154,51,M_13877
exp,exp_name,mr. knightley,Mr. Knightley,809437,809450,6,2156,51,M_13878
pdnc,qID,Q1450-0,He,809500,809502,1,2157,51,M_13879
pdnc,qID,Q1450-1,He,809550,809552,1,2157,51,M_13880
pdnc,qID,Q1450-1,he,809559,809561,1,2157,51,M_13881
pdnc,qID,Q1450-1,He,809613,809615,1,2157,51,M_13882
pdnc,qID,Q1450-2,he,809687,809689,1,2157,51,M_13883
pdnc,qID,Q1450-2,his father,809713,809723,1,2157,51,M_13884
pdnc,qID,Q1450-2,Mr. Weston,809725,809735,9,2157,51,M_13885
booknlp,COREF,86,his,809776,809779,9,2157,51,M_13886
pdnc,qID,Q1450-2,Mr. Weston,809818,809828,9,2157,51,M_13887
booknlp,COREF,86,he,809865,809867,9,2157,51,M_13888
pdnc,qID,Q1450-2,he,809904,809906,1,2157,51,M_13889
pdnc,qID,Q1450-2,Miss Fairfax,809925,809937,4,2157,51,M_13890
booknlp,COREF,94,I,809955,809956,0,2158,51,M_13891
exp,exp_name,emma,Emma,809983,809987,0,2158,51,M_13892
pdnc,qID,Q1451-1,he,810013,810015,1,2158,51,M_13893
pdnc,qID,Q1451-1,he,810042,810044,1,2158,51,M_13894
booknlp,COREF,93,I,810119,810120,0,2159,51,M_13895
booknlp,COREF,93,my,810148,810150,0,2159,51,M_13896
pdnc,qID,Q1452-0,Emma,810161,810165,0,2159,51,M_13897
booknlp,COREF,93,I,810177,810178,0,2159,51,M_13898
pdnc,qID,Q1452-0,you,810191,810194,0,2159,51,M_13899
booknlp,COREF,93,I,810218,810219,0,2159,51,M_13900
pdnc,qID,Q1452-0,him,810249,810252,1,2159,51,M_13901
exp,exp_name,miss woodhouse,Miss Woodhouse,810272,810286,0,2160,51,M_13902
booknlp,COREF,93,her,810354,810357,0,2160,51,M_13903
pdnc,qID,Q1453-0,his,810671,810674,1,2161,51,M_13904
pdnc,qID,Q1453-0,his,810699,810702,1,2161,51,M_13905
pdnc,qID,Q1453-0,you,810718,810721,0,2161,51,M_13906
pdnc,qID,Q1453-0,his,810751,810754,1,2161,51,M_13907
pdnc,qID,Q1453-0,his,810800,810803,1,2161,51,M_13908
pdnc,qID,Q1453-0,you,810831,810834,0,2161,51,M_13909
pdnc,qID,Q1453-0,his,810852,810855,1,2161,51,M_13910
pdnc,qID,Q1453-0,his,810881,810884,1,2161,51,M_13911
pdnc,qID,Q1453-0,he,810917,810919,1,2161,51,M_13912
pdnc,qID,Q1453-0,My Emma,811004,811011,0,2161,51,M_13913
exp,exp_name,emma,Emma,811136,811140,0,2162,51,M_13914
exp,exp_name,harriet,Harriet,811190,811197,2,2162,51,M_13915
booknlp,COREF,94,she,811215,811218,0,2162,51,M_13916
pdnc,qID,Q1454-0,You,811264,811267,6,2163,51,M_13917
booknlp,COREF,94,she,811292,811295,0,2163,51,M_13918
pdnc,qID,Q1455-0,he,811614,811616,1,2164,51,M_13919
pdnc,qID,Q1455-0,she,811623,811626,4,2164,51,M_13920
pdnc,qID,Q1455-0,he,811659,811661,1,2164,51,M_13921
pdnc,qID,Q1455-0,she,811676,811679,4,2164,51,M_13922
pdnc,qID,Q1455-0,she,811728,811731,4,2164,51,M_13923
exp,exp_name,frank churchill,Frank Churchill,811794,811809,1,2165,51,M_13924
pdnc,qID,Q1456-0,you,811938,811941,1,2166,51,M_13925
pdnc,qID,Q1456-0,sir,811943,811946,1,2166,51,M_13926
pdnc,qID,Q1456-1,You,811972,811975,1,2166,51,M_13927
pdnc,qID,Q1456-1,You,812004,812007,1,2166,51,M_13928
exp,exp_name,jane fairfax,Jane Fairfax,812171,812183,4,2166,51,M_13929
pdnc,qID,Q1457-0,He,812253,812255,1,2166,51,M_13930
pdnc,qID,Q1457-0,her,812268,812271,4,2166,51,M_13931
pdnc,qID,Q1457-0,his,812294,812297,1,2166,51,M_13932
pdnc,qID,Q1457-0,his,812381,812384,1,2166,51,M_13933
pdnc,qID,Q1457-0,her,812409,812412,4,2166,51,M_13934
pdnc,qID,Q1457-0,She,812444,812447,4,2166,51,M_13935
pdnc,qID,Q1457-0,he,812529,812531,1,2166,51,M_13936
pdnc,qID,Q1457-0,He,812539,812541,1,2166,51,M_13937
pdnc,qID,Q1457-0,hers,812617,812621,4,2166,51,M_13938
pdnc,qID,Q1457-0,her,812659,812662,4,2166,51,M_13939
pdnc,qID,Q1457-0,she,812692,812695,4,2166,51,M_13940
pdnc,qID,Q1457-0,she,812765,812768,4,2166,51,M_13941
exp,exp_name,emma,Emma,812819,812823,0,2167,51,M_13942
booknlp,COREF,94,Her,812900,812903,0,2167,51,M_13943
booknlp,COREF,94,She,812945,812948,0,2167,51,M_13944
booknlp,COREF,94,her,813128,813131,0,2167,51,M_13945
pdnc,qID,Q1458-1,His,813331,813334,1,2168,51,M_13946
pdnc,qID,Q1458-1,him,813395,813398,1,2168,51,M_13947
pdnc,qID,Q1458-1,She,813410,813413,4,2168,51,M_13948
pdnc,qID,Q1458-1,she,813483,813486,4,2168,51,M_13949
pdnc,qID,Q1458-1,her,813528,813531,4,2168,51,M_13950
pdnc,qID,Q1458-1,his,813541,813544,1,2168,51,M_13951
pdnc,qID,Q1458-1,he,813563,813565,1,2168,51,M_13952
pdnc,qID,Q1459-0,You,813620,813623,6,2169,51,M_13953
pdnc,qID,Q1459-0,he,813648,813650,1,2169,51,M_13954
pdnc,qID,Q1460-0,he,813670,813672,1,2170,51,M_13955
exp,exp_name,mr. knightley,Mr. Knightley,813688,813701,6,2170,51,M_13956
pdnc,qID,Q1461-0,She,813793,813796,4,2171,51,M_13957
pdnc,qID,Q1461-0,Mrs. Elton,813876,813886,13,2171,51,M_13958
pdnc,qID,Q1461-0,Mrs. Elton,813948,813958,13,2171,51,M_13959
pdnc,qID,Q1462-0,my dear Emma,814001,814013,0,2172,51,M_13960
pdnc,qID,Q1462-0,you,814021,814024,0,2172,51,M_13961
pdnc,qID,Q1462-0,Mrs. Elton,814056,814066,13,2172,51,M_13962
pdnc,qID,Q1463-0,you,814152,814155,6,2173,51,M_13963
pdnc,qID,Q1463-0,him,814199,814202,1,2173,51,M_13964
pdnc,qID,Q1464-0,He,814239,814241,1,2174,51,M_13965
pdnc,qID,Q1464-0,her,814280,814283,4,2174,51,M_13966
pdnc,qID,Q1464-0,his,814324,814327,1,2174,51,M_13967
pdnc,qID,Q1464-0,her,814342,814345,4,2174,51,M_13968
pdnc,qID,Q1465-0,he,814387,814389,1,2174,51,M_13969
pdnc,qID,Q1465-0,He,814457,814459,1,2174,51,M_13970
pdnc,qID,Q1465-0,his,814492,814495,1,2174,51,M_13971
pdnc,qID,Q1466-0,he,814562,814564,1,2174,51,M_13972
exp,exp_name,miss woodhouse,Miss Woodhouse,814587,814601,0,2174,51,M_13973
pdnc,qID,Q1467-0,Miss Woodhouse,814651,814665,0,2174,51,M_13974
pdnc,qID,Q1467-0,your,814768,814772,0,2174,51,M_13975
pdnc,qID,Q1467-0,him,814782,814785,1,2174,51,M_13976
pdnc,qID,Q1468-0,You,814798,814801,6,2175,51,M_13977
pdnc,qID,Q1468-0,his,814839,814842,1,2175,51,M_13978
pdnc,qID,Q1468-0,you,814869,814872,6,2175,51,M_13979
pdnc,qID,Q1468-0,you,814895,814898,6,2175,51,M_13980
pdnc,qID,Q1468-0,him,814925,814928,1,2175,51,M_13981
pdnc,qID,Q1468-0,him,814952,814955,1,2175,51,M_13982
pdnc,qID,Q1468-0,you,814974,814977,6,2175,51,M_13983
pdnc,qID,Q1469-0,He,815006,815008,1,2176,51,M_13984
pdnc,qID,Q1469-0,his,815100,815103,1,2176,51,M_13985
pdnc,qID,Q1469-0,him,815124,815127,1,2176,51,M_13986
pdnc,qID,Q1469-0,he,815154,815156,1,2176,51,M_13987
pdnc,qID,Q1469-0,he,815180,815182,1,2176,51,M_13988
pdnc,qID,Q1469-0,Miss Fairfax,815222,815234,4,2176,51,M_13989
pdnc,qID,Q1469-0,her,815312,815315,4,2176,51,M_13990
pdnc,qID,Q1469-0,his,815344,815347,1,2176,51,M_13991
pdnc,qID,Q1469-0,hers,815389,815393,4,2176,51,M_13992
pdnc,qID,Q1469-0,you,815474,815477,0,2176,51,M_13993
pdnc,qID,Q1469-0,Frank Churchill,815596,815611,1,2176,51,M_13994
pdnc,qID,Q1469-0,you,815631,815634,0,2176,51,M_13995
pdnc,qID,Q1469-0,Emma,815649,815653,0,2176,51,M_13996
exp,exp_name,mr. knightley,Mr. Knightley,815785,815798,6,2177,51,M_13997
exp,exp_name,emma,Emma,815930,815934,0,2177,51,M_13998
booknlp,COREF,94,her,815980,815983,0,2177,51,M_13999
booknlp,COREF,94,her,816050,816053,0,2177,51,M_14000
booknlp,COREF,94,She,816055,816058,0,2177,51,M_14001
booknlp,COREF,94,her,816152,816155,0,2177,51,M_14002
booknlp,COREF,94,her,816165,816168,0,2177,51,M_14003
exp,exp_name,mr. knightley,Mr. Knightley,816177,816190,6,2177,51,M_14004
booknlp,COREF,94,herself,816211,816218,0,2177,51,M_14005
exp,exp_name,mr. woodhouse,Mr. Woodhouse,816377,816390,10,2177,51,M_14006
booknlp,COREF,94,her,816406,816409,0,2177,51,M_14007
exp,exp_name,mr. woodhouse,Mr. Woodhouse,816481,816494,10,2177,51,M_14008
booknlp,COREF,94,her,816625,816628,0,2177,51,M_14009
exp,exp_name,mr. woodhouse,Mr. Woodhouse,816701,816714,10,2177,51,M_14010
exp,exp_name,emma,Emma,816864,816868,0,2177,51,M_14011
booknlp,COREF,94,her,816979,816982,0,2177,51,M_14012
booknlp,COREF,93,Hartfield,817038,817047,0,2177,51,M_14013
booknlp,COREF,94,her,817060,817063,0,2177,51,M_14014
exp,exp_name,emma,Emma,817132,817136,0,2178,51,M_14015
booknlp,COREF,94,her,817153,817156,0,2178,51,M_14016
booknlp,COREF,94,she,817189,817192,0,2178,51,M_14017
booknlp,COREF,94,her,817283,817286,0,2178,51,M_14018
booknlp,COREF,94,She,817288,817291,0,2178,51,M_14019
booknlp,COREF,94,She,817338,817341,0,2178,51,M_14020
booknlp,COREF,94,her,817478,817481,0,2178,51,M_14021
booknlp,COREF,94,She,817568,817571,0,2178,51,M_14022
booknlp,COREF,94,her,817768,817771,0,2178,51,M_14023
exp,exp_name,emma,Emma,817958,817962,0,2179,51,M_14024
booknlp,COREF,94,I,817965,817966,0,2179,51,M_14025
pdnc,qID,Q1470-1,You,818009,818012,6,2179,51,M_14026
pdnc,qID,Q1470-1,you,818041,818044,6,2179,51,M_14027
booknlp,COREF,94,mine,818049,818053,0,2179,51,M_14028
booknlp,COREF,94,She,818057,818060,0,2180,51,M_14029
exp,exp_name,emma,Emma,818227,818231,0,2181,51,M_14030
booknlp,COREF,94,she,818281,818284,0,2181,51,M_14031
booknlp,COREF,94,her,818375,818378,0,2181,51,M_14032
booknlp,COREF,94,she,818473,818476,0,2181,51,M_14033
booknlp,COREF,94,she,818541,818544,0,2181,51,M_14034
booknlp,COREF,94,herself,818555,818562,0,2181,51,M_14035
exp,exp_name,mr. knightley,Mr. Knightley,818672,818685,6,2181,51,M_14036
exp,exp_name,jane fairfax,Jane Fairfax,818697,818709,4,2181,51,M_14037
booknlp,COREF,94,she,818747,818750,0,2181,51,M_14038
booknlp,COREF,94,she,818907,818910,0,2182,51,M_14039
booknlp,COREF,94,her,818985,818988,0,2182,51,M_14040
booknlp,COREF,94,herself,819084,819091,0,2182,51,M_14041
booknlp,COREF,94,She,819248,819251,0,2183,51,M_14042
exp,exp_name,harriet,Harriet,819291,819298,2,2183,51,M_14043
booknlp,COREF,94,her,819322,819325,0,2183,51,M_14044
booknlp,COREF,94,her,819378,819381,0,2183,51,M_14045
exp,exp_name,emma,Emma,819470,819474,0,2183,51,M_14046
booknlp,COREF,94,herself,819492,819499,0,2183,51,M_14047
exp,exp_name,harriet,Harriet,819506,819513,2,2183,51,M_14048
booknlp,COREF,112,She,819576,819579,2,2183,51,M_14049
exp,exp_name,emma,Emma,819611,819615,0,2183,51,M_14050
booknlp,COREF,94,her,819634,819637,0,2183,51,M_14051
booknlp,COREF,94,her,819675,819678,0,2183,51,M_14052
exp,exp_name,harriet,Harriet,819711,819718,2,2183,51,M_14053
exp,exp_name,mr. knightley,Mr. Knightley,819924,819937,6,2184,51,M_14054
exp,exp_name,mr. knightley,Mr. Knightley,820032,820045,6,2184,51,M_14055
exp,exp_name,mr. elton,Mr. Elton,820107,820116,8,2184,51,M_14056
exp,exp_name,mr. knightley,Mr. Knightley,820118,820131,6,2184,51,M_14057
exp,exp_name,harriet,Harriet,820293,820300,2,2184,51,M_14058
booknlp,COREF,112,she,820307,820310,2,2184,51,M_14059
exp,exp_name,emma,Emma,820415,820419,0,2186,52,M_14060
exp,exp_name,harriet,Harriet,820428,820435,2,2186,52,M_14061
booknlp,COREF,112,herself,820451,820458,2,2186,52,M_14062
exp,exp_name,harriet,Harriet,820575,820582,2,2187,52,M_14063
booknlp,COREF,112,herself,820593,820600,2,2187,52,M_14064
exp,exp_name,emma,Emma,820693,820697,0,2187,52,M_14065
booknlp,COREF,94,her,820774,820777,0,2187,52,M_14066
booknlp,COREF,112,her,820862,820865,2,2187,52,M_14067
booknlp,COREF,94,She,820982,820985,0,2188,52,M_14068
exp,exp_name,isabella,Isabella,821017,821025,3,2188,52,M_14069
booknlp,COREF,94,she,821044,821047,0,2188,52,M_14070
exp,exp_name,harriet,Harriet,821165,821172,2,2188,52,M_14071
exp,exp_name,mrs. john knightley,Mrs. John Knightley,821236,821255,3,2188,52,M_14072
exp,exp_name,harriet,Harriet,821424,821431,2,2188,52,M_14073
booknlp,COREF,94,her,821477,821480,0,2188,52,M_14074
exp,exp_name,emma,Emma,821496,821500,0,2188,52,M_14075
booknlp,COREF,94,her,821516,821519,0,2188,52,M_14076
booknlp,COREF,112,her,821538,821541,2,2188,52,M_14077
exp,exp_name,harriet,Harriet,821561,821568,2,2188,52,M_14078
booknlp,COREF,112,she,821580,821583,2,2188,52,M_14079
booknlp,COREF,112,she,821622,821625,2,2188,52,M_14080
exp,exp_name,mr. woodhouse,Mr. Woodhouse,821648,821661,10,2188,52,M_14081
exp,exp_name,harriet,Harriet,821722,821729,2,2188,52,M_14082
exp,exp_name,emma,Emma,821765,821769,0,2189,52,M_14083
exp,exp_name,mr. knightley,Mr. Knightley,821791,821804,6,2189,52,M_14084
booknlp,COREF,94,she,821819,821822,0,2189,52,M_14085
booknlp,COREF,94,she,821839,821842,0,2189,52,M_14086
booknlp,COREF,94,her,821970,821973,0,2189,52,M_14087
booknlp,COREF,94,her,822025,822028,0,2189,52,M_14088
booknlp,COREF,94,she,822121,822124,0,2189,52,M_14089
booknlp,COREF,94,herself,822140,822147,0,2189,52,M_14090
exp,exp_name,harriet,Harriet,822168,822175,2,2190,52,M_14091
exp,exp_name,emma,Emma,822252,822256,0,2190,52,M_14092
booknlp,COREF,94,she,822275,822278,0,2190,52,M_14093
booknlp,COREF,112,her,822298,822301,2,2190,52,M_14094
booknlp,COREF,112,her,822403,822406,2,2190,52,M_14095
booknlp,COREF,112,herself,822414,822421,2,2190,52,M_14096
booknlp,COREF,94,She,822424,822427,0,2191,52,M_14097
booknlp,COREF,94,her,822498,822501,0,2191,52,M_14098
exp,exp_name,harriet,Harriet,822513,822520,2,2191,52,M_14099
booknlp,COREF,94,her,822568,822571,0,2191,52,M_14100
booknlp,COREF,94,she,822584,822587,0,2191,52,M_14101
booknlp,COREF,94,her,822640,822643,0,2191,52,M_14102
booknlp,COREF,94,her,822658,822661,0,2191,52,M_14103
booknlp,COREF,94,she,822674,822677,0,2191,52,M_14104
exp,exp_name,mrs. weston,Mrs. Weston,822770,822781,15,2191,52,M_14105
booknlp,COREF,94,she,822870,822873,0,2191,52,M_14106
booknlp,COREF,94,herself,822912,822919,0,2191,52,M_14107
booknlp,COREF,94,hers,823079,823083,0,2191,52,M_14108
booknlp,COREF,94,She,823086,823089,0,2192,52,M_14109
exp,exp_name,miss fairfax,Miss Fairfax,823203,823215,4,2192,52,M_14110
booknlp,COREF,94,she,823239,823242,0,2192,52,M_14111
booknlp,COREF,94,she,823488,823491,0,2192,52,M_14112
exp,exp_name,jane,Jane,823519,823523,4,2192,52,M_14113
booknlp,COREF,94,She,823544,823547,0,2193,52,M_14114
booknlp,COREF,94,she,823554,823557,0,2193,52,M_14115
exp,exp_name,jane,Jane,823678,823682,4,2193,52,M_14116
booknlp,COREF,149,her,823723,823726,4,2193,52,M_14117
booknlp,COREF,149,her,823768,823771,4,2193,52,M_14118
booknlp,COREF,149,her,823852,823855,4,2193,52,M_14119
booknlp,COREF,149,her,823932,823935,4,2193,52,M_14120
exp,exp_name,miss bates,Miss Bates,824011,824021,7,2193,52,M_14121
booknlp,COREF,94,she,824068,824071,0,2193,52,M_14122
booknlp,COREF,149,her,824117,824120,4,2193,52,M_14123
booknlp,COREF,94,she,824159,824162,0,2193,52,M_14124
exp,exp_name,jane,Jane,824188,824192,4,2193,52,M_14125
booknlp,COREF,149,herself,824193,824200,4,2193,52,M_14126
booknlp,COREF,149,her,824254,824257,4,2193,52,M_14127
exp,exp_name,emma,Emma,824281,824285,0,2193,52,M_14128
booknlp,COREF,149,her,824301,824304,4,2193,52,M_14129
booknlp,COREF,149,her,824419,824422,4,2193,52,M_14130
booknlp,COREF,149,She,824471,824474,4,2193,52,M_14131
pdnc,qID,Q1471-0,Miss Woodhouse,824583,824597,0,2194,52,M_14132
booknlp,COREF,149,me,824620,824622,4,2194,52,M_14133
booknlp,COREF,149,I,824635,824636,4,2194,52,M_14134
pdnc,qID,Q1471-0,you,824642,824645,0,2194,52,M_14135
booknlp,COREF,149,me,824667,824669,4,2194,52,M_14136
exp,exp_name,emma,Emma,824709,824713,0,2195,52,M_14137
exp,exp_name,mrs. elton,Mrs. Elton,824789,824799,13,2195,52,M_14138
booknlp,COREF,94,her,824846,824849,0,2195,52,M_14139
booknlp,COREF,149,her,824889,824892,4,2195,52,M_14140
booknlp,COREF,149,her,824910,824913,4,2195,52,M_14141
exp,exp_name,mrs. bates,Mrs. Bates,824986,824996,11,2196,52,M_14142
exp,exp_name,mrs. elton,Mrs. Elton,825001,825011,13,2196,52,M_14143
exp,exp_name,miss bates,Miss Bates,825027,825037,7,2196,52,M_14144
exp,exp_name,emma,Emma,825094,825098,0,2196,52,M_14145
exp,exp_name,mrs. elton,Mrs. Elton,825117,825127,13,2196,52,M_14146
booknlp,COREF,94,she,825143,825146,0,2196,52,M_14147
exp,exp_name,mrs. elton,Mrs. Elton,825204,825214,13,2196,52,M_14148
booknlp,COREF,94,her,825219,825222,0,2196,52,M_14149
booknlp,COREF,94,she,825250,825253,0,2196,52,M_14150
booknlp,COREF,94,She,825298,825301,0,2197,52,M_14151
booknlp,COREF,94,herself,825316,825323,0,2197,52,M_14152
exp,exp_name,mrs. elton,Mrs. Elton,825337,825347,13,2197,52,M_14153
booknlp,COREF,94,she,825379,825382,0,2197,52,M_14154
booknlp,COREF,94,herself,825393,825400,0,2197,52,M_14155
exp,exp_name,miss fairfax,Miss Fairfax,825436,825448,4,2197,52,M_14156
booknlp,COREF,94,herself,825476,825483,0,2197,52,M_14157
exp,exp_name,emma,Emma,825541,825545,0,2197,52,M_14158
booknlp,COREF,94,her,825598,825601,0,2197,52,M_14159
booknlp,COREF,94,her,825625,825628,0,2197,52,M_14160
exp,exp_name,mrs. bates,Mrs. Bates,825648,825658,11,2197,52,M_14161
booknlp,COREF,94,she,825716,825719,0,2197,52,M_14162
booknlp,COREF,111,her,825724,825727,11,2197,52,M_14163
booknlp,COREF,111,she,825792,825795,11,2197,52,M_14164
exp,exp_name,miss fairfax,Miss Fairfax,825833,825845,4,2197,52,M_14165
booknlp,COREF,111,her,825898,825901,11,2197,52,M_14166
pdnc,qID,Q1472-0,you,825977,825980,4,2198,52,M_14167
pdnc,qID,Q1472-0,You,825987,825990,4,2198,52,M_14168
booknlp,COREF,111,I,825995,825996,11,2198,52,M_14169
pdnc,qID,Q1472-0,you,826041,826044,4,2198,52,M_14170
booknlp,COREF,111,I,826083,826084,11,2198,52,M_14171
pdnc,qID,Q1472-0,you,826109,826112,4,2198,52,M_14172
pdnc,qID,Q1472-0,You,826167,826170,4,2198,52,M_14173
pdnc,qID,Q1472-0,You,826233,826236,4,2198,52,M_14174
pdnc,qID,Q1472-0,you,826267,826270,4,2198,52,M_14175
pdnc,qID,Q1472-0,You,826356,826359,4,2198,52,M_14176
booknlp,COREF,111,I,826382,826383,11,2198,52,M_14177
pdnc,qID,Q1472-1,my dear,826516,826523,4,2200,52,M_14178
pdnc,qID,Q1472-1,your,826644,826648,4,2200,52,M_14179
pdnc,qID,Q1472-1,you,826699,826702,4,2200,52,M_14180
exp,exp_name,emma,Emma,826748,826752,0,2201,52,M_14181
booknlp,COREF,94,her,826770,826773,0,2201,52,M_14182
exp,exp_name,mrs. bates,Mrs. Bates,826790,826800,11,2201,52,M_14183
booknlp,COREF,94,she,826813,826816,0,2201,52,M_14184
booknlp,COREF,94,I,826845,826846,0,2202,52,M_14185
booknlp,COREF,94,I,826929,826930,0,2202,52,M_14186
exp,exp_name,emma,Emma,826960,826964,0,2203,52,M_14187
exp,exp_name,mrs. weston,Mrs. Weston,827116,827127,15,2203,52,M_14188
booknlp,COREF,94,she,827129,827132,0,2203,52,M_14189
booknlp,COREF,94,herself,827139,827146,0,2203,52,M_14190
pdnc,qID,Q1474-0,you,827181,827184,0,2204,52,M_14191
pdnc,qID,Q1474-0,Miss Woodhouse,827192,827206,0,2204,52,M_14192
pdnc,qID,Q1474-0,our saucy little friend,827208,827231,4,2204,52,M_14193
pdnc,qID,Q1474-0,you,827270,827273,0,2204,52,M_14194
pdnc,qID,Q1474-0,her,827280,827283,4,2204,52,M_14195
exp,exp_name,jane,Jane,827365,827369,4,2204,52,M_14196
booknlp,COREF,111,my,827377,827379,11,2204,52,M_14197
pdnc,qID,Q1475-0,her,827405,827408,4,2204,52,M_14198
pdnc,qID,Q1475-0,you,827444,827447,4,2204,52,M_14199
pdnc,qID,Q1475-0,her,827457,827460,4,2204,52,M_14200
booknlp,COREF,111,I,827465,827466,11,2204,52,M_14201
pdnc,qID,Q1475-0,she,827477,827480,4,2204,52,M_14202
exp,exp_name,mrs. bates,Mrs. Bates,827510,827520,11,2204,52,M_14203
exp,exp_name,emma,Emma,827545,827549,0,2204,52,M_14204
pdnc,qID,Q1476-0,a certain young physician from Windsor,827649,827687,1,2204,52,M_14205
booknlp,COREF,111,I,827734,827735,11,2205,52,M_14206
pdnc,qID,Q1477-0,you,827775,827778,0,2205,52,M_14207
pdnc,qID,Q1477-0,Miss Woodhouse,827780,827794,0,2205,52,M_14208
booknlp,COREF,111,she,827797,827800,11,2205,52,M_14209
booknlp,COREF,111,I,827886,827887,11,2205,52,M_14210
booknlp,COREF,111,me,828026,828028,11,2205,52,M_14211
booknlp,COREF,111,I,828043,828044,11,2205,52,M_14212
booknlp,COREF,111,I,828073,828074,11,2205,52,M_14213
pdnc,qID,Q1477-1,you,828138,828141,0,2205,52,M_14214
pdnc,qID,Q1477-1,you,828272,828275,0,2205,52,M_14215
exp,exp_name,miss bates,Miss Bates,828343,828353,7,2206,52,M_14216
exp,exp_name,emma,Emma,828367,828371,0,2206,52,M_14217
booknlp,COREF,94,her,828423,828426,0,2206,52,M_14218
booknlp,COREF,94,herself,828443,828450,0,2206,52,M_14219
booknlp,COREF,94,she,828463,828466,0,2206,52,M_14220
pdnc,qID,Q1478-0,you,828554,828557,0,2207,52,M_14221
pdnc,qID,Q1478-0,dear Miss Woodhouse,828559,828578,0,2207,52,M_14222
pdnc,qID,Q1478-0,you,828580,828583,0,2207,52,M_14223
booknlp,COREF,94,I,828641,828642,0,2207,52,M_14224
pdnc,qID,Q1478-0,dearest Jane,828661,828673,4,2207,52,M_14225
booknlp,COREF,94,I,828696,828697,0,2207,52,M_14226
pdnc,qID,Q1478-0,she,828716,828719,4,2207,52,M_14227
pdnc,qID,Q1478-0,Mr. Woodhouse,828753,828766,10,2207,52,M_14228
booknlp,COREF,94,my,828797,828799,0,2207,52,M_14229
pdnc,qID,Q1478-0,you,828838,828841,0,2207,52,M_14230
booknlp,COREF,94,I,828919,828920,0,2207,52,M_14231
pdnc,qID,Q1478-0,Jane,828961,828965,4,2207,52,M_14232
booknlp,COREF,94,her,828978,828981,0,2207,52,M_14233
booknlp,COREF,94,her,828989,828992,0,2207,52,M_14234
exp,exp_name,mrs. elton,Mrs. Elton,829037,829047,13,2207,52,M_14235
exp,exp_name,emma,Emma,829065,829069,0,2207,52,M_14236
exp,exp_name,jane,Jane,829134,829138,4,2207,52,M_14237
exp,exp_name,mrs. elton,Mrs. Elton,829265,829275,13,2207,52,M_14238
pdnc,qID,Q1479-0,my good friend,829318,829332,7,2208,52,M_14239
pdnc,qID,Q1479-0,my lord and master,829466,829484,8,2208,52,M_14240
pdnc,qID,Q1479-0,He,829486,829488,8,2208,52,M_14241
pdnc,qID,Q1479-0,his,829523,829526,8,2208,52,M_14242
pdnc,qID,Q1479-0,you,829539,829542,7,2208,52,M_14243
pdnc,qID,Q1480-0,Mr. Elton,829596,829605,8,2209,52,M_14244
pdnc,qID,Q1480-0,Mr. Elton,829691,829700,8,2209,52,M_14245
pdnc,qID,Q1481-0,Miss Bates,829746,829756,7,2210,52,M_14246
pdnc,qID,Q1481-0,He,829759,829761,8,2210,52,M_14247
pdnc,qID,Q1481-0,him,829842,829845,8,2210,52,M_14248
pdnc,qID,Q1481-0,his,829945,829948,8,2210,52,M_14249
booknlp,COREF,250,Mr. E.,830022,830028,8,2210,52,M_14250
booknlp,COREF,94,you,830052,830055,0,2210,52,M_14251
booknlp,COREF,250,I.--I,830061,830066,8,2210,52,M_14252
pdnc,qID,Q1483-0,he,830310,830312,8,2210,52,M_14253
pdnc,qID,Q1483-0,you,830333,830336,7,2210,52,M_14254
booknlp,COREF,94,you,830373,830376,0,2210,52,M_14255
exp,exp_name,emma,Emma,830432,830436,0,2210,52,M_14256
booknlp,COREF,94,you,830463,830466,0,2210,52,M_14257
exp,exp_name,miss bates,Miss Bates,830506,830516,7,2211,52,M_14258
pdnc,qID,Q1485-0,He,830551,830553,8,2212,52,M_14259
pdnc,qID,Q1485-0,he,830588,830590,8,2212,52,M_14260
booknlp,COREF,150,himself,830607,830614,8,2212,52,M_14261
pdnc,qID,Q1485-0,Knightley,830620,830629,6,2212,52,M_14262
pdnc,qID,Q1485-0,he,830635,830637,8,2212,52,M_14263
pdnc,qID,Q1485-0,Knightley,830642,830651,6,2212,52,M_14264
pdnc,qID,Q1485-0,Mr. E.,830696,830702,8,2212,52,M_14265
pdnc,qID,Q1485-0,Knightley,830706,830715,6,2212,52,M_14266
exp,exp_name,emma,Emma,830732,830736,0,2213,52,M_14267
pdnc,qID,Q1486-0,Mr. Elton,830793,830802,8,2213,52,M_14268
pdnc,qID,Q1486-0,He,830829,830831,8,2213,52,M_14269
pdnc,qID,Q1487-0,Weston,830914,830920,9,2214,52,M_14270
exp,exp_name,cole,Cole,830925,830929,12,2214,52,M_14271
pdnc,qID,Q1487-0,Mr. E.,831006,831012,8,2214,52,M_14272
pdnc,qID,Q1487-0,Knightley,831017,831026,6,2214,52,M_14273
pdnc,qID,Q1488-0,you,831071,831074,13,2215,52,M_14274
exp,exp_name,emma,Emma,831099,831103,0,2215,52,M_14275
booknlp,COREF,94,I,831106,831107,0,2215,52,M_14276
pdnc,qID,Q1488-1,Mr. Knightley,831180,831193,6,2215,52,M_14277
exp,exp_name,mrs. elton,Mrs. Elton,831373,831383,13,2216,52,M_14278
booknlp,COREF,94,she,831409,831412,0,2216,52,M_14279
pdnc,qID,Q1491-0,Your,831525,831529,13,2217,52,M_14280
exp,exp_name,jane,Jane,831560,831564,4,2217,52,M_14281
booknlp,COREF,94,my,831573,831575,0,2218,52,M_14282
pdnc,qID,Q1492-0,my dear,831582,831589,4,2218,52,M_14283
booknlp,COREF,94,I,831591,831592,0,2218,52,M_14284
booknlp,COREF,94,I,831610,831611,0,2218,52,M_14285
booknlp,COREF,94,I,831705,831706,0,2219,52,M_14286
pdnc,qID,Q1493-0,you,831718,831721,13,2219,52,M_14287
pdnc,qID,Q1493-0,your,831758,831762,13,2219,52,M_14288
pdnc,qID,Q1494-0,you,831855,831858,4,2220,52,M_14289
pdnc,qID,Q1494-0,you,831916,831919,4,2220,52,M_14290
booknlp,COREF,94,I,831926,831927,0,2220,52,M_14291
pdnc,qID,Q1494-0,Jane,831933,831937,4,2220,52,M_14292
pdnc,qID,Q1494-0,you,831964,831967,4,2220,52,M_14293
booknlp,COREF,94,I,831972,831973,0,2220,52,M_14294
pdnc,qID,Q1494-0,we,831990,831992,4,2220,52,M_14295
booknlp,COREF,94,My,832019,832021,0,2220,52,M_14296
pdnc,qID,Q1494-0,your,832037,832041,4,2220,52,M_14297
booknlp,COREF,94,I,832087,832088,0,2220,52,M_14298
pdnc,qID,Q1494-0,you,832154,832157,4,2220,52,M_14299
pdnc,qID,Q1494-0,you,832206,832209,4,2220,52,M_14300
exp,exp_name,jane,Jane,832254,832258,4,2221,52,M_14301
booknlp,COREF,149,her,832279,832282,4,2221,52,M_14302
exp,exp_name,mrs. elton,Mrs. Elton,832297,832307,13,2221,52,M_14303
exp,exp_name,miss woodhouse,Miss Woodhouse,832316,832330,0,2221,52,M_14304
booknlp,COREF,149,her,832386,832389,4,2221,52,M_14305
exp,exp_name,mr. elton,Mr. Elton,832489,832498,8,2222,52,M_14306
booknlp,COREF,150,his,832504,832507,8,2222,52,M_14307
booknlp,COREF,150,His,832520,832523,8,2222,52,M_14308
booknlp,COREF,150,him,832537,832540,8,2222,52,M_14309
pdnc,qID,Q1495-0,sir,832593,832596,8,2223,52,M_14310
pdnc,qID,Q1495-0,you,832683,832686,8,2223,52,M_14311
pdnc,qID,Q1495-0,you,832711,832714,8,2223,52,M_14312
pdnc,qID,Q1495-0,you,832744,832747,8,2223,52,M_14313
pdnc,qID,Q1495-0,You,832766,832769,8,2223,52,M_14314
pdnc,qID,Q1495-0,my lord and master,832798,832816,8,2223,52,M_14315
pdnc,qID,Q1495-0,you,832944,832947,8,2223,52,M_14316
exp,exp_name,mr. elton,Mr. Elton,832983,832992,8,2224,52,M_14317
booknlp,COREF,150,His,833053,833056,8,2224,52,M_14318
booknlp,COREF,150,his,833106,833109,8,2224,52,M_14319
booknlp,COREF,150,himself,833147,833154,8,2224,52,M_14320
booknlp,COREF,150,he,833168,833170,8,2224,52,M_14321
booknlp,COREF,150,he,833199,833201,8,2224,52,M_14322
booknlp,COREF,150,I,833230,833231,8,2225,52,M_14323
booknlp,COREF,150,he,833254,833256,8,2225,52,M_14324
pdnc,qID,Q1496-1,Knightley,833259,833268,6,2225,52,M_14325
booknlp,COREF,150,I,833334,833335,8,2225,52,M_14326
pdnc,qID,Q1496-1,him,833341,833344,6,2225,52,M_14327
pdnc,qID,Q1496-1,he,833375,833377,6,2225,52,M_14328
pdnc,qID,Q1496-1,he,833393,833395,6,2225,52,M_14329
booknlp,COREF,150,his,833453,833456,8,2226,52,M_14330
pdnc,qID,Q1497-1,My dear Mr. E.,833465,833479,8,2226,52,M_14331
pdnc,qID,Q1497-1,you,833481,833484,8,2226,52,M_14332
pdnc,qID,Q1497-1,You,833512,833515,8,2226,52,M_14333
pdnc,qID,Q1497-1,you,833532,833535,8,2226,52,M_14334
booknlp,COREF,94,I,833605,833606,0,2227,52,M_14335
pdnc,qID,Q1498-0,Knightley,833634,833643,6,2227,52,M_14336
pdnc,qID,Q1499-0,him,833832,833835,6,2227,52,M_14337
booknlp,COREF,94,I,833845,833846,0,2227,52,M_14338
pdnc,qID,Q1499-0,you,833854,833857,13,2227,52,M_14339
booknlp,COREF,94,I,833858,833859,0,2227,52,M_14340
booknlp,COREF,94,me,833919,833921,0,2227,52,M_14341
booknlp,COREF,94,my,833968,833970,0,2227,52,M_14342
pdnc,qID,Q1499-0,he,834042,834044,6,2227,52,M_14343
pdnc,qID,Q1499-0,his,834117,834120,6,2227,52,M_14344
pdnc,qID,Q1499-0,Miss Woodhouse,834129,834143,0,2227,52,M_14345
pdnc,qID,Q1499-0,our friend Knightley,834162,834182,6,2227,52,M_14346
pdnc,qID,Q1499-0,you,834189,834192,0,2227,52,M_14347
exp,exp_name,emma,Emma,834207,834211,0,2228,52,M_14348
booknlp,COREF,94,herself,834219,834226,0,2228,52,M_14349
booknlp,COREF,94,she,834290,834293,0,2228,52,M_14350
exp,exp_name,mrs. elton,Mrs. Elton,834355,834365,13,2229,52,M_14351
pdnc,qID,Q1500-1,he,834436,834438,6,2229,52,M_14352
pdnc,qID,Q1500-1,you,834464,834467,8,2229,52,M_14353
pdnc,qID,Q1500-1,My dear Mr. E.,834559,834573,8,2229,52,M_14354
pdnc,qID,Q1500-1,he,834575,834577,6,2229,52,M_14355
pdnc,qID,Q1500-1,you,834607,834610,8,2229,52,M_14356
pdnc,qID,Q1500-1,he,834622,834624,6,2229,52,M_14357
pdnc,qID,Q1500-1,Knightley,834641,834650,6,2229,52,M_14358
pdnc,qID,Q1500-1,his,834684,834687,6,2229,52,M_14359
pdnc,qID,Q1500-1,his,834909,834912,6,2229,52,M_14360
booknlp,COREF,150,I,835079,835080,8,2230,52,M_14361
exp,exp_name,mr. elton,Mr. Elton,835113,835122,8,2230,52,M_14362
booknlp,COREF,150,I,835128,835129,8,2230,52,M_14363
booknlp,COREF,150,me,835162,835164,8,2230,52,M_14364
booknlp,COREF,150,I,835165,835166,8,2230,52,M_14365
pdnc,qID,Q1501-1,his master,835183,835193,6,2230,52,M_14366
booknlp,COREF,150,I,835207,835208,8,2230,52,M_14367
pdnc,qID,Q1501-1,his master,835301,835311,6,2230,52,M_14368
pdnc,qID,Q1501-1,him,835372,835375,6,2230,52,M_14369
booknlp,COREF,150,I,835377,835378,8,2230,52,M_14370
booknlp,COREF,150,I,835468,835469,8,2230,52,M_14371
pdnc,qID,Q1501-1,Knightley,835482,835491,6,2230,52,M_14372
booknlp,COREF,150,I,835571,835572,8,2230,52,M_14373
exp,exp_name,emma,Emma,835620,835624,0,2231,52,M_14374
booknlp,COREF,94,she,835635,835638,0,2231,52,M_14375
booknlp,COREF,94,she,835701,835704,0,2231,52,M_14376
exp,exp_name,mr. knightley,Mr. Knightley,835749,835762,6,2231,52,M_14377
exp,exp_name,mr. elton,Mr. Elton,835824,835833,8,2231,52,M_14378
booknlp,COREF,94,She,835868,835871,0,2232,52,M_14379
exp,exp_name,miss fairfax,Miss Fairfax,835910,835922,4,2232,52,M_14380
booknlp,COREF,94,her,835944,835947,0,2232,52,M_14381
booknlp,COREF,94,her,835976,835979,0,2232,52,M_14382
booknlp,COREF,94,her,836005,836008,0,2232,52,M_14383
booknlp,COREF,94,she,836030,836033,0,2232,52,M_14384
booknlp,COREF,94,I,836098,836099,0,2233,52,M_14385
pdnc,qID,Q1502-0,you,836134,836137,4,2233,52,M_14386
booknlp,COREF,94,I,836176,836177,0,2233,52,M_14387
booknlp,COREF,94,I,836317,836318,0,2233,52,M_14388
exp,exp_name,jane,Jane,836373,836377,4,2234,52,M_14389
exp,exp_name,emma,Emma,836416,836420,0,2234,52,M_14390
booknlp,COREF,149,her,836457,836460,4,2234,52,M_14391
booknlp,COREF,149,her,836490,836493,4,2234,52,M_14392
booknlp,COREF,94,my,836575,836577,0,2234,52,M_14393
pdnc,qID,Q1503-1,you,836587,836590,0,2234,52,M_14394
pdnc,qID,Q1503-1,You,836592,836595,0,2234,52,M_14395
booknlp,COREF,94,me,836621,836623,0,2234,52,M_14396
pdnc,qID,Q1503-1,Miss Woodhouse,836671,836685,0,2234,52,M_14397
booknlp,COREF,94,I,836745,836746,0,2234,52,M_14398
booknlp,COREF,94,me,836822,836824,0,2234,52,M_14399
booknlp,COREF,94,my,836847,836849,0,2234,52,M_14400
booknlp,COREF,94,I,836946,836947,0,2234,52,M_14401
booknlp,COREF,94,I,836976,836977,0,2234,52,M_14402
booknlp,COREF,94,I,836997,836998,0,2234,52,M_14403
booknlp,COREF,94,myself,837054,837060,0,2234,52,M_14404
booknlp,COREF,94,I,837062,837063,0,2234,52,M_14405
pdnc,qID,Q1503-2,your,837118,837122,0,2234,52,M_14406
booknlp,COREF,94,my,837149,837151,0,2234,52,M_14407
pdnc,qID,Q1504-0,you,837168,837171,4,2235,52,M_14408
pdnc,qID,Q1504-0,you,837199,837202,4,2235,52,M_14409
exp,exp_name,emma,Emma,837215,837219,0,2235,52,M_14410
pdnc,qID,Q1504-1,You,837250,837253,4,2235,52,M_14411
booknlp,COREF,94,me,837258,837260,0,2235,52,M_14412
pdnc,qID,Q1504-1,you,837298,837301,4,2235,52,M_14413
pdnc,qID,Q1505-0,You,837383,837386,0,2236,52,M_14414
booknlp,COREF,94,I,837406,837407,0,2236,52,M_14415
booknlp,COREF,94,my,837418,837420,0,2236,52,M_14416
pdnc,qID,Q1505-0,you,837437,837440,0,2236,52,M_14417
booknlp,COREF,94,I,837535,837536,0,2236,52,M_14418
pdnc,qID,Q1505-0,you,837557,837560,0,2236,52,M_14419
booknlp,COREF,94,I,837583,837584,0,2237,52,M_14420
booknlp,COREF,94,my,837626,837628,0,2237,52,M_14421
booknlp,COREF,94,I,837718,837719,0,2237,52,M_14422
booknlp,COREF,94,I,837764,837765,0,2237,52,M_14423
pdnc,qID,Q1506-0,you,837771,837774,4,2237,52,M_14424
booknlp,COREF,94,I,837843,837844,0,2239,52,M_14425
pdnc,qID,Q1508-0,you,837883,837886,4,2239,52,M_14426
booknlp,COREF,94,I,837896,837897,0,2239,52,M_14427
pdnc,qID,Q1508-0,you,837912,837915,4,2239,52,M_14428
booknlp,COREF,94,I,837981,837982,0,2240,52,M_14429
exp,exp_name,emma,Emma,838092,838096,0,2241,52,M_14430
booknlp,COREF,94,me,838120,838122,0,2241,52,M_14431
exp,exp_name,jane,Jane,838175,838179,4,2242,52,M_14432
pdnc,qID,Q1511-0,You,838192,838195,0,2243,52,M_14433
booknlp,COREF,94,I,838240,838241,0,2243,52,M_14434
pdnc,qID,Q1511-0,you,838254,838257,0,2243,52,M_14435
booknlp,COREF,94,I,838260,838261,0,2243,52,M_14436
exp,exp_name,mr. churchill,Mr. Churchill,838319,838332,1,2243,52,M_14437
booknlp,COREF,94,I,838441,838442,0,2243,52,M_14438
pdnc,qID,Q1512-0,you,838500,838503,4,2244,52,M_14439
pdnc,qID,Q1512-0,you,838511,838514,4,2244,52,M_14440
pdnc,qID,Q1512-0,you,838570,838573,4,2244,52,M_14441
exp,exp_name,mrs. weston,Mrs. Weston,838673,838684,15,2246,53,M_14442
exp,exp_name,emma,Emma,838794,838798,0,2246,53,M_14443
booknlp,COREF,94,She,838857,838860,0,2246,53,M_14444
exp,exp_name,weston,Weston,838900,838906,9,2246,53,M_14445
booknlp,COREF,94,She,838908,838911,0,2246,53,M_14446
booknlp,COREF,94,her,838982,838985,0,2246,53,M_14447
exp,exp_name,isabella,Isabella,839013,839021,3,2246,53,M_14448
booknlp,COREF,94,she,839034,839037,0,2246,53,M_14449
exp,exp_name,mr. weston,Mr. Weston,839139,839149,9,2246,53,M_14450
booknlp,COREF,86,he,839154,839156,9,2246,53,M_14451
exp,exp_name,mr. weston,Mr. Weston,839178,839188,9,2246,53,M_14452
booknlp,COREF,86,his,839237,839240,9,2246,53,M_14453
exp,exp_name,mrs. weston,Mrs. Weston,839360,839371,15,2246,53,M_14454
pdnc,qID,Q1513-0,She,839553,839556,15,2247,53,M_14455
booknlp,COREF,94,me,839607,839609,0,2247,53,M_14456
booknlp,COREF,94,she,839612,839615,0,2247,53,M_14457
pdnc,qID,Q1513-1,we,839727,839729,0,2247,53,M_14458
pdnc,qID,Q1513-1,her,839744,839747,15,2247,53,M_14459
exp,exp_name,mr. knightley,Mr. Knightley,839822,839835,6,2248,53,M_14460
pdnc,qID,Q1514-1,she,839838,839841,15,2248,53,M_14461
pdnc,qID,Q1514-1,she,839874,839877,15,2248,53,M_14462
pdnc,qID,Q1514-1,you,839882,839885,0,2248,53,M_14463
pdnc,qID,Q1514-1,she,839904,839907,15,2248,53,M_14464
exp,exp_name,emma,Emma,839991,839995,0,2249,53,M_14465
pdnc,qID,Q1516-0,my dearest Emma,840214,840229,0,2250,53,M_14466
pdnc,qID,Q1516-0,you,840268,840271,0,2250,53,M_14467
exp,exp_name,emma,Emma,840341,840345,0,2251,53,M_14468
booknlp,COREF,94,I,840373,840374,0,2251,53,M_14469
pdnc,qID,Q1517-0,your,840401,840405,6,2251,53,M_14470
booknlp,COREF,94,I,840463,840464,0,2251,53,M_14471
booknlp,COREF,94,my,840479,840481,0,2251,53,M_14472
booknlp,COREF,94,me,840513,840515,0,2251,53,M_14473
pdnc,qID,Q1518-0,Miss Taylor,840589,840600,15,2252,53,M_14474
pdnc,qID,Q1518-0,he,840754,840756,6,2252,53,M_14475
booknlp,COREF,94,I,841169,841170,0,2253,53,M_14476
pdnc,qID,Q1519-0,you,841179,841182,6,2253,53,M_14477
booknlp,COREF,94,me,841198,841200,0,2253,53,M_14478
exp,exp_name,emma,Emma,841209,841213,0,2253,53,M_14479
booknlp,COREF,94,I,841216,841217,0,2253,53,M_14480
pdnc,qID,Q1519-1,you,841255,841258,6,2253,53,M_14481
booknlp,COREF,94,I,841273,841274,0,2253,53,M_14482
booknlp,COREF,94,I,841298,841299,0,2253,53,M_14483
pdnc,qID,Q1519-1,you,841313,841316,6,2253,53,M_14484
booknlp,COREF,94,me,841321,841323,0,2253,53,M_14485
exp,exp_name,weston,Weston,841354,841360,9,2253,53,M_14486
pdnc,qID,Q1519-1,you,841415,841418,6,2253,53,M_14487
pdnc,qID,Q1519-1,you,841444,841447,6,2253,53,M_14488
booknlp,COREF,94,me,841462,841464,0,2253,53,M_14489
pdnc,qID,Q1520-0,you,841539,841542,0,2254,53,M_14490
pdnc,qID,Q1520-0,you,841561,841564,0,2254,53,M_14491
pdnc,qID,Q1520-0,your,841589,841593,0,2254,53,M_14492
exp,exp_name,mr. knightley,Mr. Knightley,841608,841621,6,2254,53,M_14493
pdnc,qID,Q1520-0,Miss Taylor,841678,841689,15,2254,53,M_14494
pdnc,qID,Q1520-0,you,841717,841720,0,2254,53,M_14495
pdnc,qID,Q1520-0,you,841787,841790,0,2254,53,M_14496
booknlp,COREF,94,I,841852,841853,0,2255,53,M_14497
pdnc,qID,Q1521-0,you,841870,841873,6,2255,53,M_14498
booknlp,COREF,94,my,841886,841888,0,2255,53,M_14499
exp,exp_name,mr. knightley,Mr. Knightley,841936,841949,6,2256,53,M_14500
pdnc,qID,Q1522-0,You,841953,841956,0,2256,53,M_14501
exp,exp_name,mr. knightley,Mr. Knightley,841976,841989,6,2256,53,M_14502
pdnc,qID,Q1522-0,you,842074,842077,0,2256,53,M_14503
booknlp,COREF,94,I,842132,842133,0,2257,53,M_14504
pdnc,qID,Q1523-0,you,842156,842159,6,2257,53,M_14505
exp,exp_name,george,George,842161,842167,6,2257,53,M_14506
booknlp,COREF,94,my,842180,842182,0,2257,53,M_14507
booknlp,COREF,94,I,842218,842219,0,2257,53,M_14508
booknlp,COREF,94,I,842235,842236,0,2257,53,M_14509
pdnc,qID,Q1523-0,you,842261,842264,6,2257,53,M_14510
pdnc,qID,Q1523-0,you,842274,842277,6,2257,53,M_14511
booknlp,COREF,94,I,842297,842298,0,2257,53,M_14512
pdnc,qID,Q1524-0,you,842333,842336,0,2258,53,M_14513
exp,exp_name,george,George,842346,842352,6,2258,53,M_14514
pdnc,qID,Q1525-0,you,842392,842395,6,2259,53,M_14515
pdnc,qID,Q1525-0,Mr. Knightley,842411,842424,6,2259,53,M_14516
pdnc,qID,Q1525-0,Mrs. Elton,842485,842495,13,2259,53,M_14517
pdnc,qID,Q1525-0,you Mr. K.,842508,842518,6,2259,53,M_14518
pdnc,qID,Q1525-1,you,842609,842612,6,2259,53,M_14519
pdnc,qID,Q1525-1,your,842621,842625,6,2259,53,M_14520
pdnc,qID,Q1525-1,you,842673,842676,6,2259,53,M_14521
exp,exp_name,emma,Emma,842757,842761,0,2260,53,M_14522
booknlp,COREF,94,she,842775,842778,0,2260,53,M_14523
booknlp,COREF,94,her,842877,842880,0,2260,53,M_14524
booknlp,COREF,94,her,842919,842922,0,2260,53,M_14525
booknlp,COREF,94,her,842945,842948,0,2260,53,M_14526
booknlp,COREF,94,her,842966,842969,0,2260,53,M_14527
exp,exp_name,harriet smith,Harriet Smith,842991,843004,2,2260,53,M_14528
exp,exp_name,harriet,Harriet,843068,843075,2,2260,53,M_14529
booknlp,COREF,94,her,843161,843164,0,2260,53,M_14530
exp,exp_name,emma,Emma,843191,843195,0,2260,53,M_14531
booknlp,COREF,94,She,843323,843326,0,2260,53,M_14532
booknlp,COREF,94,herself,843337,843344,0,2260,53,M_14533
booknlp,COREF,94,her,843446,843449,0,2260,53,M_14534
exp,exp_name,isabella,Isabella,843518,843526,3,2260,53,M_14535
exp,exp_name,harriet,Harriet,843686,843693,2,2260,53,M_14536
exp,exp_name,isabella,Isabella,843704,843712,3,2261,53,M_14537
booknlp,COREF,87,her,843746,843749,3,2261,53,M_14538
booknlp,COREF,87,her,843783,843786,3,2261,53,M_14539
booknlp,COREF,87,she,843801,843804,3,2261,53,M_14540
booknlp,COREF,87,her,843817,843820,3,2261,53,M_14541
booknlp,COREF,87,she,843951,843954,3,2261,53,M_14542
exp,exp_name,harriet,Harriet,843978,843985,2,2261,53,M_14543
booknlp,COREF,87,she,844006,844009,3,2261,53,M_14544
booknlp,COREF,87,her,844020,844023,3,2261,53,M_14545
exp,exp_name,isabella,Isabella,844033,844041,3,2261,53,M_14546
exp,exp_name,harriet,Harriet,844090,844097,2,2261,53,M_14547
booknlp,COREF,87,her,844173,844176,3,2261,53,M_14548
exp,exp_name,emma,Emma,844178,844182,0,2261,53,M_14549
exp,exp_name,harriet,Harriet,844239,844246,2,2261,53,M_14550
booknlp,COREF,112,her,844271,844274,2,2261,53,M_14551
exp,exp_name,mrs. john knightley,Mrs. John Knightley,844328,844347,3,2261,53,M_14552
booknlp,COREF,94,she,844381,844384,0,2261,53,M_14553
booknlp,COREF,94,her,844429,844432,0,2261,53,M_14554
pdnc,qID,Q1526-0,John,844441,844445,5,2262,53,M_14555
pdnc,qID,Q1526-0,your friend,844468,844479,2,2262,53,M_14556
exp,exp_name,mr. knightley,Mr. Knightley,844487,844500,6,2262,53,M_14557
pdnc,qID,Q1526-1,his,844511,844514,5,2262,53,M_14558
pdnc,qID,Q1526-1,you,844526,844529,0,2262,53,M_14559
exp,exp_name,emma,Emma,844613,844617,0,2263,53,M_14560
booknlp,COREF,94,her,844758,844761,0,2263,53,M_14561
pdnc,qID,Q1527-0,John,844788,844792,5,2264,53,M_14562
exp,exp_name,mr. knightley,Mr. Knightley,844845,844858,6,2264,53,M_14563
pdnc,qID,Q1527-1,he,844865,844867,5,2264,53,M_14564
pdnc,qID,Q1527-1,him,844911,844914,5,2264,53,M_14565
pdnc,qID,Q1527-1,you,844965,844968,0,2264,53,M_14566
pdnc,qID,Q1527-1,he,844970,844972,5,2264,53,M_14567
pdnc,qID,Q1527-1,him,845046,845049,5,2264,53,M_14568
pdnc,qID,Q1527-1,your,845100,845104,0,2264,53,M_14569
pdnc,qID,Q1527-1,he,845117,845119,5,2264,53,M_14570
pdnc,qID,Q1528-0,He,845131,845133,5,2265,53,M_14571
exp,exp_name,emma,Emma,845171,845175,0,2265,53,M_14572
booknlp,COREF,94,she,845182,845185,0,2265,53,M_14573
booknlp,COREF,94,I,845208,845209,0,2265,53,M_14574
pdnc,qID,Q1528-1,his,845217,845220,5,2265,53,M_14575
pdnc,qID,Q1528-1,he,845254,845256,5,2265,53,M_14576
booknlp,COREF,94,my,845312,845314,0,2265,53,M_14577
pdnc,qID,Q1528-1,he,845330,845332,5,2265,53,M_14578
booknlp,COREF,94,my,845356,845358,0,2265,53,M_14579
pdnc,qID,Q1528-1,your,845390,845394,6,2265,53,M_14580
pdnc,qID,Q1528-1,you,845409,845412,6,2265,53,M_14581
booknlp,COREF,94,me,845419,845421,0,2265,53,M_14582
pdnc,qID,Q1528-1,he,845435,845437,5,2265,53,M_14583
booknlp,COREF,94,I,845487,845488,0,2265,53,M_14584
pdnc,qID,Q1528-1,him,845514,845517,5,2265,53,M_14585
pdnc,qID,Q1529-0,My Emma,845522,845529,0,2266,53,M_14586
pdnc,qID,Q1529-0,he,845531,845533,5,2266,53,M_14587
pdnc,qID,Q1529-0,He,845555,845557,5,2266,53,M_14588
pdnc,qID,Q1530-0,He,845574,845576,5,2267,53,M_14589
pdnc,qID,Q1530-1,he,845714,845716,5,2267,53,M_14590
pdnc,qID,Q1531-0,Emma,845795,845799,0,2268,53,M_14591
pdnc,qID,Q1531-0,my dear Emma,845801,845813,0,2268,53,M_14592
pdnc,qID,Q1532-1,you,845865,845868,6,2269,53,M_14593
pdnc,qID,Q1532-1,your brother,845875,845887,5,2269,53,M_14594
pdnc,qID,Q1532-1,my dear father ,845927,845942,10,2269,53,M_14595
pdnc,qID,Q1532-1,his,845969,845972,10,2269,53,M_14596
pdnc,qID,Q1532-1,he,845998,846000,10,2269,53,M_14597
pdnc,qID,Q1532-1,you,846034,846037,6,2269,53,M_14598
pdnc,qID,Q1532-1,He,846048,846050,10,2269,53,M_14599
pdnc,qID,Q1532-1,your,846103,846107,6,2269,53,M_14600
exp,exp_name,emma,Emma,846186,846190,0,2269,53,M_14601
pdnc,qID,Q1532-1,him,846197,846200,10,2269,53,M_14602
pdnc,qID,Q1532-1,His,846211,846214,10,2269,53,M_14603
pdnc,qID,Q1533-1,your father,846302,846313,10,2270,53,M_14604
pdnc,qID,Q1533-1,John,846351,846355,5,2270,53,M_14605
pdnc,qID,Q1533-1,John,846467,846471,5,2270,53,M_14606
pdnc,qID,Q1533-1,you,846486,846489,0,2270,53,M_14607
pdnc,qID,Q1533-1,he,846508,846510,5,2270,53,M_14608
pdnc,qID,Q1533-1,him,846550,846553,5,2270,53,M_14609
pdnc,qID,Q1533-1,he,846579,846581,5,2270,53,M_14610
pdnc,qID,Q1534-0,your brother,846661,846673,5,2271,53,M_14611
pdnc,qID,Q1534-0,he,846675,846677,5,2271,53,M_14612
pdnc,qID,Q1534-0,your,846699,846703,6,2271,53,M_14613
pdnc,qID,Q1534-0,He,846738,846740,5,2271,53,M_14614
pdnc,qID,Q1534-0,He,846760,846762,5,2271,53,M_14615
pdnc,qID,Q1535-0,he,846834,846836,5,2272,53,M_14616
pdnc,qID,Q1535-0,he,846888,846890,5,2272,53,M_14617
pdnc,qID,Q1535-0,him,846995,846998,5,2272,53,M_14618
exp,exp_name,mrs. weston,Mrs. Weston,847413,847424,15,2273,53,M_14619
exp,exp_name,mr. woodhouse,Mr. Woodhouse,847461,847474,10,2273,53,M_14620
exp,exp_name,emma,Emma,847485,847489,0,2273,53,M_14621
booknlp,COREF,94,her,847513,847516,0,2273,53,M_14622
booknlp,COREF,94,her,847653,847656,0,2273,53,M_14623
booknlp,COREF,94,herself,847688,847695,0,2273,53,M_14624
exp,exp_name,mr. knightley,Mr. Knightley,847725,847738,6,2273,53,M_14625
booknlp,COREF,94,her,847779,847782,0,2273,53,M_14626
booknlp,COREF,94,her,847807,847810,0,2273,53,M_14627
booknlp,COREF,94,she,847816,847819,0,2273,53,M_14628
exp,exp_name,mr. knightley,Mr. Knightley,847846,847859,6,2273,53,M_14629
booknlp,COREF,94,she,847916,847919,0,2273,53,M_14630
booknlp,COREF,94,She,847988,847991,0,2273,53,M_14631
booknlp,COREF,94,herself,848071,848078,0,2273,53,M_14632
booknlp,COREF,94,She,848080,848083,0,2273,53,M_14633
booknlp,COREF,94,she,848148,848151,0,2273,53,M_14634
booknlp,COREF,94,she,848167,848170,0,2273,53,M_14635
booknlp,COREF,94,she,848307,848310,0,2273,53,M_14636
booknlp,COREF,94,she,848411,848414,0,2273,53,M_14637
exp,exp_name,mr. knightley,Mr. Knightley,848419,848432,6,2273,53,M_14638
booknlp,COREF,93,Hartfield,848464,848473,0,2273,53,M_14639
booknlp,COREF,94,she,848540,848543,0,2273,53,M_14640
exp,exp_name,mrs. weston,Mrs. Weston,848585,848596,15,2273,53,M_14641
booknlp,COREF,85,Poor man!--it,848618,848631,10,2274,53,M_14642
booknlp,COREF,94,her,848709,848712,0,2274,53,M_14643
booknlp,COREF,94,She,848722,848725,0,2274,53,M_14644
booknlp,COREF,94,she,848778,848781,0,2274,53,M_14645
booknlp,COREF,94,her,848854,848857,0,2274,53,M_14646
exp,exp_name,isabella,Isabella,848893,848901,3,2274,53,M_14647
exp,exp_name,miss taylor,Miss Taylor,848912,848923,15,2274,53,M_14648
exp,exp_name,emma,Emma,848947,848951,0,2274,53,M_14649
booknlp,COREF,94,her,849046,849049,0,2274,53,M_14650
exp,exp_name,isabella,Isabella,849055,849063,3,2274,53,M_14651
exp,exp_name,mrs. weston,Mrs. Weston,849068,849079,15,2274,53,M_14652
booknlp,COREF,94,she,849168,849171,0,2274,53,M_14653
booknlp,COREF,94,she,849202,849205,0,2274,53,M_14654
booknlp,COREF,94,she,849230,849233,0,2274,53,M_14655
booknlp,COREF,94,she,849319,849322,0,2274,53,M_14656
exp,exp_name,mr. knightley,Mr. Knightley,849390,849403,6,2274,53,M_14657
exp,exp_name,mr. knightley,Mr. Knightley,849477,849490,6,2274,53,M_14658
booknlp,COREF,94,she,849534,849537,0,2274,53,M_14659
exp,exp_name,mr. knightley,Mr. Knightley,849598,849611,6,2274,53,M_14660
exp,exp_name,mr. knightley,Mr. Knightley,849835,849848,6,2274,53,M_14661
exp,exp_name,mr. woodhouse,Mr. Woodhouse,850007,850020,10,2275,53,M_14662
exp,exp_name,emma,Emma,850151,850155,0,2275,53,M_14663
exp,exp_name,mr. knightley,Mr. Knightley,850194,850207,6,2275,53,M_14664
booknlp,COREF,94,her,850232,850235,0,2275,53,M_14665
exp,exp_name,isabella,Isabella,850382,850390,3,2275,53,M_14666
exp,exp_name,mrs. weston,Mrs. Weston,850448,850459,15,2275,53,M_14667
exp,exp_name,mr. woodhouse,Mr. Woodhouse,850671,850684,10,2275,53,M_14668
exp,exp_name,mrs. weston,Mrs. Weston,851026,851037,15,2276,53,M_14669
exp,exp_name,emma,Emma,851191,851195,0,2276,53,M_14670
exp,exp_name,mr. knightley,Mr. Knightley,851356,851369,6,2276,53,M_14671
exp,exp_name,emma,Emma,851412,851416,0,2276,53,M_14672
exp,exp_name,emma,Emma,851631,851635,0,2276,53,M_14673
booknlp,COREF,94,herself,851667,851674,0,2276,53,M_14674
booknlp,COREF,94,she,851707,851710,0,2276,53,M_14675
booknlp,COREF,94,herself,851715,851722,0,2276,53,M_14676
exp,exp_name,emma,Emma,851861,851865,0,2276,53,M_14677
booknlp,COREF,93,Hartfield,851906,851915,0,2276,53,M_14678
exp,exp_name,mr. knightley,Mr. Knightley,851929,851942,6,2276,53,M_14679
exp,exp_name,mr. woodhouse,Mr. Woodhouse,851968,851981,10,2276,53,M_14680
exp,exp_name,mr. woodhouse,Mr. Woodhouse,852065,852078,10,2276,53,M_14681
exp,exp_name,frank,Frank,852159,852164,1,2276,53,M_14682
exp,exp_name,emma,Emma,852169,852173,0,2276,53,M_14683
exp,exp_name,mr. weston,Mr. Weston,852280,852290,9,2276,53,M_14684
exp,exp_name,mrs. weston,Mrs. Weston,852754,852765,15,2277,53,M_14685
exp,exp_name,mr. weston,Mr. Weston,853060,853070,9,2278,53,M_14686
booknlp,COREF,86,his,853075,853078,9,2278,53,M_14687
booknlp,COREF,86,his,853161,853164,9,2278,53,M_14688
booknlp,COREF,86,his,853268,853271,9,2278,53,M_14689
booknlp,COREF,86,he,853348,853350,9,2278,53,M_14690
booknlp,COREF,86,he,853383,853385,9,2278,53,M_14691
booknlp,COREF,86,I,853434,853435,9,2279,53,M_14692
booknlp,COREF,86,he,853452,853454,9,2279,53,M_14693
booknlp,COREF,86,me,853550,853552,9,2279,53,M_14694
booknlp,COREF,86,I,853566,853567,9,2279,53,M_14695
pdnc,qID,Q1537-1,Jane,853601,853605,4,2279,53,M_14696
booknlp,COREF,86,He,853627,853629,9,2280,53,M_14697
booknlp,COREF,86,himself,853679,853686,9,2280,53,M_14698
booknlp,COREF,86,He,853702,853704,9,2280,53,M_14699
booknlp,COREF,86,his,853753,853756,9,2280,53,M_14700
exp,exp_name,miss bates,Miss Bates,853797,853807,7,2280,53,M_14701
exp,exp_name,mrs. cole,Mrs. Cole,853848,853857,12,2280,53,M_14702
exp,exp_name,mrs. elton,Mrs. Elton,853875,853885,13,2280,53,M_14703
booknlp,COREF,86,him,854233,854236,9,2281,53,M_14704
exp,exp_name,john,John,854369,854373,5,2281,53,M_14705
exp,exp_name,mr. elton,Mr. Elton,854611,854620,8,2281,53,M_14706
booknlp,COREF,150,his,854658,854661,8,2281,53,M_14707
booknlp,COREF,150,he,854668,854670,8,2281,53,M_14708
exp,exp_name,knightley,Knightley,854775,854784,6,2281,53,M_14709
pdnc,qID,Q1538-0,he,854874,854876,6,2281,53,M_14710
exp,exp_name,mrs. elton,Mrs. Elton,854891,854901,13,2281,53,M_14711
pdnc,qID,Q1539-0,Poor Knightley,854938,854952,6,2281,53,M_14712
pdnc,qID,Q1539-0,poor fellow,854954,854965,6,2281,53,M_14713
pdnc,qID,Q1539-0,him,854985,854988,6,2281,53,M_14714
booknlp,COREF,150,he,855049,855051,8,2281,53,M_14715
booknlp,COREF,150,he,855094,855096,8,2281,53,M_14716
booknlp,COREF,150,him,855128,855131,8,2281,53,M_14717
exp,exp_name,knightley,Knightley,855172,855181,6,2281,53,M_14718
booknlp,COREF,150,he,855255,855257,8,2281,53,M_14719
booknlp,COREF,150,him,855314,855317,8,2281,53,M_14720
exp,exp_name,knightley,Knightley,855449,855458,6,2281,53,M_14721
exp,exp_name,emma,Emma,855905,855909,0,2283,54,M_14722
booknlp,COREF,94,her,855996,855999,0,2283,54,M_14723
exp,exp_name,mr. knightley,Mr. Knightley,856006,856019,6,2283,54,M_14724
pdnc,qID,Q1540-0,you,856182,856185,0,2284,54,M_14725
pdnc,qID,Q1540-0,Emma,856187,856191,0,2284,54,M_14726
booknlp,COREF,94,she,856226,856229,0,2285,54,M_14727
pdnc,qID,Q1543-0,your,856345,856349,6,2287,54,M_14728
pdnc,qID,Q1543-0,You,856363,856366,6,2287,54,M_14729
pdnc,qID,Q1544-1,my dear Emma,856466,856478,0,2288,54,M_14730
pdnc,qID,Q1544-1,you,856485,856488,0,2288,54,M_14731
pdnc,qID,Q1544-1,you,856509,856512,0,2288,54,M_14732
pdnc,qID,Q1545-0,you,856606,856609,6,2289,54,M_14733
pdnc,qID,Q1546-2,you,856826,856829,0,2290,54,M_14734
pdnc,qID,Q1546-2,you,856839,856842,0,2290,54,M_14735
pdnc,qID,Q1546-2,Harriet Smith,856855,856868,2,2290,54,M_14736
pdnc,qID,Q1547-0,you,856971,856974,0,2292,54,M_14737
pdnc,qID,Q1547-0,her,856986,856989,2,2292,54,M_14738
booknlp,COREF,94,yourself,856990,856998,0,2292,54,M_14739
pdnc,qID,Q1547-1,You,857025,857028,0,2292,54,M_14740
pdnc,qID,Q1549-0,You,857118,857121,0,2294,54,M_14741
pdnc,qID,Q1549-0,Harriet Smith,857177,857190,2,2294,54,M_14742
exp,exp_name,emma,Emma,857216,857220,0,2295,54,M_14743
booknlp,COREF,94,her,857279,857282,0,2295,54,M_14744
booknlp,COREF,94,her,857340,857343,0,2295,54,M_14745
exp,exp_name,mr. knightley,Mr. Knightley,857393,857406,6,2296,54,M_14746
booknlp,COREF,94,She,857482,857485,0,2297,54,M_14747
pdnc,qID,Q1551-0,You,857547,857550,0,2298,54,M_14748
pdnc,qID,Q1551-0,my Emma,857560,857567,0,2298,54,M_14749
booknlp,COREF,94,I,857582,857583,0,2298,54,M_14750
pdnc,qID,Q1551-0,you,857657,857660,0,2298,54,M_14751
pdnc,qID,Q1552-0,You,857790,857793,6,2299,54,M_14752
booknlp,COREF,94,me,857802,857804,0,2299,54,M_14753
pdnc,qID,Q1552-0,you,857806,857809,6,2299,54,M_14754
booknlp,COREF,94,me,857824,857826,0,2299,54,M_14755
booknlp,COREF,94,she,857829,857832,0,2299,54,M_14756
booknlp,COREF,94,herself,857851,857858,0,2299,54,M_14757
booknlp,COREF,94,me,857911,857913,0,2299,54,M_14758
booknlp,COREF,94,I,857927,857928,0,2299,54,M_14759
pdnc,qID,Q1552-1,You,857976,857979,6,2299,54,M_14760
pdnc,qID,Q1552-1,Harriet Smith,858005,858018,2,2299,54,M_14761
pdnc,qID,Q1552-1,You,858047,858050,6,2299,54,M_14762
pdnc,qID,Q1552-1,her,858092,858095,2,2299,54,M_14763
pdnc,qID,Q1552-1,You,858108,858111,6,2299,54,M_14764
exp,exp_name,mr. knightley,Mr. Knightley,858184,858197,6,2300,54,M_14765
booknlp,COREF,94,she,858271,858274,0,2301,54,M_14766
booknlp,COREF,94,her,858316,858319,0,2301,54,M_14767
booknlp,COREF,94,her,858359,858362,0,2301,54,M_14768
booknlp,COREF,94,she,858446,858449,0,2301,54,M_14769
booknlp,COREF,94,she,858455,858458,0,2301,54,M_14770
booknlp,COREF,94,she,858479,858482,0,2301,54,M_14771
pdnc,qID,Q1555-0,you,858661,858664,6,2301,54,M_14772
pdnc,qID,Q1556-0,John,858847,858851,5,2302,54,M_14773
pdnc,qID,Q1556-0,John,858883,858887,5,2302,54,M_14774
pdnc,qID,Q1556-0,his,858892,858895,5,2302,54,M_14775
pdnc,qID,Q1556-0,him,858923,858926,5,2302,54,M_14776
pdnc,qID,Q1556-0,our brother and sister,859054,859076,5,2302,54,M_14777
exp,exp_name,john,John,859085,859089,5,2302,54,M_14778
pdnc,qID,Q1556-0,Miss Smith,859095,859105,2,2302,54,M_14779
pdnc,qID,Q1556-0,my brother,859207,859217,5,2302,54,M_14780
pdnc,qID,Q1556-0,Harriet,859363,859370,2,2302,54,M_14781
pdnc,qID,Q1556-0,She,859410,859413,2,2302,54,M_14782
pdnc,qID,Q1556-0,her,859427,859430,2,2302,54,M_14783
pdnc,qID,Q1556-0,Your friend Harriet,859698,859717,2,2302,54,M_14784
pdnc,qID,Q1556-0,you,859755,859758,0,2302,54,M_14785
pdnc,qID,Q1556-0,her,859763,859766,2,2302,54,M_14786
pdnc,qID,Q1556-0,She,859769,859772,2,2302,54,M_14787
pdnc,qID,Q1556-0,you,859783,859786,0,2302,54,M_14788
pdnc,qID,Q1556-0,my brother,860117,860127,5,2302,54,M_14789
pdnc,qID,Q1556-0,Mrs. John Knightley,860143,860162,3,2302,54,M_14790
exp,exp_name,john,John,860174,860178,5,2302,54,M_14791
pdnc,qID,Q1556-0,he,860184,860186,5,2302,54,M_14792
pdnc,qID,Q1556-0,Miss Smith,860201,860211,2,2302,54,M_14793
pdnc,qID,Q1556-0,Miss Smith,860282,860292,2,2302,54,M_14794
exp,exp_name,emma,Emma,860323,860327,0,2303,54,M_14795
pdnc,qID,Q1557-0,Emma,860580,860584,0,2304,54,M_14796
pdnc,qID,Q1557-0,my love,860586,860593,0,2304,54,M_14797
pdnc,qID,Q1557-0,you,860595,860598,0,2304,54,M_14798
pdnc,qID,Q1557-0,you,860684,860687,0,2304,54,M_14799
pdnc,qID,Q1557-0,you,860703,860706,0,2304,54,M_14800
pdnc,qID,Q1557-0,you,860747,860750,0,2304,54,M_14801
pdnc,qID,Q1557-0,your friend,860786,860797,2,2304,54,M_14802
pdnc,qID,Q1557-0,your,860821,860825,0,2304,54,M_14803
pdnc,qID,Q1557-0,you,860863,860866,0,2304,54,M_14804
pdnc,qID,Q1557-0,you,860931,860934,0,2304,54,M_14805
pdnc,qID,Q1557-0,you,860969,860972,0,2304,54,M_14806
pdnc,qID,Q1557-0,your friend,860988,860999,2,2304,54,M_14807
pdnc,qID,Q1557-0,you,861101,861104,0,2304,54,M_14808
pdnc,qID,Q1557-0,Emma,861106,861110,0,2304,54,M_14809
pdnc,qID,Q1557-0,You,861113,861116,0,2304,54,M_14810
pdnc,qID,Q1558-0,You,861326,861329,6,2306,54,M_14811
pdnc,qID,Q1558-0,Harriet,861393,861400,2,2306,54,M_14812
pdnc,qID,Q1558-0,Her,861427,861430,2,2306,54,M_14813
pdnc,qID,Q1558-0,You,861598,861601,6,2306,54,M_14814
pdnc,qID,Q1558-0,her,861711,861714,2,2306,54,M_14815
pdnc,qID,Q1558-0,she,861772,861775,2,2306,54,M_14816
pdnc,qID,Q1559-0,You,861791,861794,0,2307,54,M_14817
pdnc,qID,Q1559-0,your friend,861809,861820,2,2307,54,M_14818
exp,exp_name,mr. knightley,Mr. Knightley,861836,861849,6,2307,54,M_14819
pdnc,qID,Q1559-1,she,861869,861872,2,2307,54,M_14820
pdnc,qID,Q1559-1,her,861983,861986,2,2307,54,M_14821
pdnc,qID,Q1559-1,her,861996,861999,2,2307,54,M_14822
exp,exp_name,emma,Emma,862003,862007,0,2308,54,M_14823
booknlp,COREF,94,she,862035,862038,0,2308,54,M_14824
booknlp,COREF,94,my,862055,862057,0,2308,54,M_14825
booknlp,COREF,94,I,862064,862065,0,2308,54,M_14826
pdnc,qID,Q1560-0,you,862074,862077,6,2308,54,M_14827
pdnc,qID,Q1560-0,her,862083,862086,2,2308,54,M_14828
booknlp,COREF,94,I,862104,862105,0,2308,54,M_14829
pdnc,qID,Q1560-0,Mr. Knightley,862116,862129,6,2308,54,M_14830
pdnc,qID,Q1560-0,you,862135,862138,6,2308,54,M_14831
pdnc,qID,Q1560-0,she,862159,862162,2,2308,54,M_14832
booknlp,COREF,94,I,862208,862209,0,2308,54,M_14833
pdnc,qID,Q1560-0,she,862224,862227,2,2308,54,M_14834
pdnc,qID,Q1560-0,she,862251,862254,2,2308,54,M_14835
pdnc,qID,Q1560-0,you,862273,862276,6,2308,54,M_14836
pdnc,qID,Q1560-0,You,862297,862300,6,2308,54,M_14837
pdnc,qID,Q1560-0,you,862395,862398,6,2308,54,M_14838
pdnc,qID,Q1560-0,Harriet,862463,862470,2,2308,54,M_14839
exp,exp_name,mr. knightley,Mr. Knightley,862593,862606,6,2309,54,M_14840
exp,exp_name,emma,Emma,862659,862663,0,2309,54,M_14841
exp,exp_name,harriet,Harriet,862749,862756,2,2309,54,M_14842
booknlp,COREF,112,I,862832,862833,2,2309,54,M_14843
booknlp,COREF,112,I,862839,862840,2,2309,54,M_14844
booknlp,COREF,112,she,862891,862894,2,2309,54,M_14845
pdnc,qID,Q1561-0,you,863003,863006,0,2310,54,M_14846
exp,exp_name,mr. knightley,Mr. Knightley,863029,863042,6,2310,54,M_14847
pdnc,qID,Q1561-1,you,863048,863051,0,2310,54,M_14848
pdnc,qID,Q1561-1,you,863143,863146,0,2310,54,M_14849
booknlp,COREF,112,I,863163,863164,2,2311,54,M_14850
booknlp,COREF,112,I,863208,863209,2,2311,54,M_14851
booknlp,COREF,112,me,863269,863271,2,2311,54,M_14852
pdnc,qID,Q1562-0,Harriet,863369,863376,2,2311,54,M_14853
pdnc,qID,Q1563-1,she,863462,863465,2,2312,54,M_14854
pdnc,qID,Q1563-1,you,863580,863583,0,2312,54,M_14855
pdnc,qID,Q1563-1,her,863738,863741,2,2312,54,M_14856
booknlp,COREF,94,I,863946,863947,0,2313,54,M_14857
exp,exp_name,emma,Emma,863981,863985,0,2313,54,M_14858
pdnc,qID,Q1564-1,them,864039,864043,2,2313,54,M_14859
pdnc,qID,Q1565-0,You,864054,864057,0,2314,54,M_14860
booknlp,COREF,94,I,864124,864125,0,2315,54,M_14861
booknlp,COREF,94,I,864152,864153,0,2315,54,M_14862
booknlp,COREF,112,I,864173,864174,2,2316,54,M_14863
booknlp,COREF,112,I,864196,864197,2,2316,54,M_14864
pdnc,qID,Q1567-0,you,864227,864230,0,2316,54,M_14865
pdnc,qID,Q1567-0,Harriet,864235,864242,2,2316,54,M_14866
booknlp,COREF,112,I,864261,864262,2,2316,54,M_14867
pdnc,qID,Q1567-0,your,864289,864293,0,2316,54,M_14868
booknlp,COREF,112,I,864336,864337,2,2316,54,M_14869
pdnc,qID,Q1567-0,her,864393,864396,2,2316,54,M_14870
pdnc,qID,Q1567-0,her,864430,864433,2,2316,54,M_14871
booknlp,COREF,112,I,864435,864436,2,2316,54,M_14872
pdnc,qID,Q1567-0,her,864458,864461,2,2316,54,M_14873
pdnc,qID,Q1567-0,You,864475,864478,0,2316,54,M_14874
booknlp,COREF,112,I,864499,864500,2,2316,54,M_14875
booknlp,COREF,112,I,864525,864526,2,2316,54,M_14876
pdnc,qID,Q1567-0,you,864540,864543,0,2316,54,M_14877
booknlp,COREF,112,me,864565,864567,2,2316,54,M_14878
booknlp,COREF,112,my,864641,864643,2,2316,54,M_14879
booknlp,COREF,112,I,864658,864659,2,2316,54,M_14880
pdnc,qID,Q1567-0,her,864676,864679,2,2316,54,M_14881
pdnc,qID,Q1567-0,her,864780,864783,2,2316,54,M_14882
booknlp,COREF,112,I,864857,864858,2,2316,54,M_14883
pdnc,qID,Q1567-0,she,864874,864877,2,2316,54,M_14884
pdnc,qID,Q1567-0,you,864888,864891,0,2316,54,M_14885
booknlp,COREF,94,Me,864900,864902,0,2317,54,M_14886
exp,exp_name,emma,Emma,864911,864915,0,2317,54,M_14887
booknlp,COREF,94,her,864925,864928,0,2317,54,M_14888
pdnc,qID,Q1568-1,poor Harriet,864941,864953,2,2317,54,M_14889
booknlp,COREF,94,She,864957,864960,0,2318,54,M_14890
booknlp,COREF,94,herself,864969,864976,0,2318,54,M_14891
booknlp,COREF,94,she,865038,865041,0,2318,54,M_14892
booknlp,COREF,94,her,865118,865121,0,2319,54,M_14893
booknlp,COREF,94,She,865130,865133,0,2319,54,M_14894
booknlp,COREF,94,She,865149,865152,0,2319,54,M_14895
booknlp,COREF,94,Her,865173,865176,0,2319,54,M_14896
booknlp,COREF,94,her,865249,865252,0,2319,54,M_14897
booknlp,COREF,94,She,865270,865273,0,2319,54,M_14898
booknlp,COREF,94,she,865328,865331,0,2319,54,M_14899
booknlp,COREF,94,herself,865363,865370,0,2319,54,M_14900
booknlp,COREF,94,she,865399,865402,0,2319,54,M_14901
booknlp,COREF,94,Her,865439,865442,0,2320,54,M_14902
booknlp,COREF,94,she,865576,865579,0,2320,54,M_14903
booknlp,COREF,94,her,865684,865687,0,2321,54,M_14904
exp,exp_name,harriet,Harriet,865777,865784,2,2321,54,M_14905
booknlp,COREF,94,she,865796,865799,0,2321,54,M_14906
booknlp,COREF,94,she,865867,865870,0,2321,54,M_14907
booknlp,COREF,94,her,865984,865987,0,2321,54,M_14908
booknlp,COREF,94,her,866026,866029,0,2321,54,M_14909
booknlp,COREF,94,her,866053,866056,0,2321,54,M_14910
booknlp,COREF,94,she,866105,866108,0,2322,54,M_14911
booknlp,COREF,94,her,866130,866133,0,2322,54,M_14912
booknlp,COREF,94,her,866155,866158,0,2322,54,M_14913
booknlp,COREF,94,She,866250,866253,0,2322,54,M_14914
exp,exp_name,harriet,Harriet,866365,866372,2,2322,54,M_14915
booknlp,COREF,94,her,866406,866409,0,2323,54,M_14916
booknlp,COREF,94,her,866527,866530,0,2324,54,M_14917
exp,exp_name,mr. knightley,Mr. Knightley,866628,866641,6,2324,54,M_14918
booknlp,COREF,94,her,866713,866716,0,2324,54,M_14919
booknlp,COREF,94,She,866750,866753,0,2324,54,M_14920
booknlp,COREF,94,her,866830,866833,0,2324,54,M_14921
booknlp,COREF,94,she,866919,866922,0,2325,54,M_14922
booknlp,COREF,94,her,866940,866943,0,2325,54,M_14923
exp,exp_name,mrs. weston,Mrs. Weston,867144,867155,15,2325,54,M_14924
exp,exp_name,mrs. weston,Mrs. Weston,867195,867206,15,2326,54,M_14925
exp,exp_name,mr. woodhouse,Mr. Woodhouse,867286,867299,10,2326,54,M_14926
booknlp,COREF,85,he,867338,867340,10,2326,54,M_14927
pdnc,qID,Q1569-0,Frank,867445,867450,1,2327,54,M_14928
pdnc,qID,Q1569-0,Miss Fairfax,867455,867467,4,2327,54,M_14929
exp,exp_name,mrs. weston,Mrs. Weston,867475,867486,15,2327,54,M_14930
pdnc,qID,Q1569-1,you,867514,867517,0,2327,54,M_14931
pdnc,qID,Q1569-1,him,867554,867557,1,2327,54,M_14932
pdnc,qID,Q1569-1,He,867579,867581,1,2327,54,M_14933
pdnc,qID,Q1569-1,Miss Fairfax,867608,867620,4,2327,54,M_14934
exp,exp_name,emma,Emma,867737,867741,0,2328,54,M_14935
exp,exp_name,emma,Emma,868048,868052,0,2328,54,M_14936
booknlp,COREF,94,she,868105,868108,0,2328,54,M_14937
exp,exp_name,frank churchill,Frank Churchill,868134,868149,1,2328,54,M_14938
booknlp,COREF,103,him,868175,868178,1,2328,54,M_14939
exp,exp_name,jane,Jane,868184,868188,4,2328,54,M_14940
exp,exp_name,mr. weston,Mr. Weston,868235,868245,9,2328,54,M_14941
exp,exp_name,frank churchill,Frank Churchill,868390,868405,1,2328,54,M_14942
booknlp,COREF,94,her,868419,868422,0,2328,54,M_14943
booknlp,COREF,103,I,868434,868435,1,2329,54,M_14944
pdnc,qID,Q1570-0,you,868450,868453,0,2329,54,M_14945
pdnc,qID,Q1570-0,Miss Woodhouse,868455,868469,0,2329,54,M_14946
pdnc,qID,Q1570-0,Mrs. Weston,868515,868526,15,2329,54,M_14947
booknlp,COREF,103,I,868538,868539,1,2329,54,M_14948
pdnc,qID,Q1570-0,you,868563,868566,0,2329,54,M_14949
booknlp,COREF,103,I,868591,868592,1,2329,54,M_14950
pdnc,qID,Q1570-0,you,868598,868601,0,2329,54,M_14951
pdnc,qID,Q1570-0,you,868622,868625,0,2329,54,M_14952
exp,exp_name,emma,Emma,868659,868663,0,2330,54,M_14953
booknlp,COREF,94,I,868705,868706,0,2330,54,M_14954
pdnc,qID,Q1571-1,you,868756,868759,1,2330,54,M_14955
pdnc,qID,Q1571-1,you,868773,868776,1,2330,54,M_14956
booknlp,COREF,103,He,868794,868796,1,2331,54,M_14957
booknlp,COREF,94,her,868805,868808,0,2331,54,M_14958
booknlp,COREF,103,his,868818,868821,1,2331,54,M_14959
booknlp,COREF,103,his,868886,868889,1,2331,54,M_14960
pdnc,qID,Q1572-0,she,868924,868927,4,2332,54,M_14961
booknlp,COREF,103,he,868948,868950,1,2332,54,M_14962
booknlp,COREF,103,his,868960,868963,1,2332,54,M_14963
exp,exp_name,jane,Jane,868977,868981,4,2332,54,M_14964
pdnc,qID,Q1572-1,she,868996,868999,4,2332,54,M_14965
pdnc,qID,Q1572-1,You,869018,869021,0,2332,54,M_14966
pdnc,qID,Q1572-1,my father,869030,869039,9,2332,54,M_14967
pdnc,qID,Q1572-1,Mrs. Weston,869044,869055,15,2332,54,M_14968
booknlp,COREF,149,her,869066,869069,4,2332,54,M_14969
booknlp,COREF,103,his,869077,869080,1,2333,54,M_14970
booknlp,COREF,103,he,869192,869194,1,2333,54,M_14971
exp,exp_name,emma,Emma,869221,869225,0,2333,54,M_14972
booknlp,COREF,149,her,869271,869274,4,2333,54,M_14973
booknlp,COREF,149,I,869286,869287,4,2334,54,M_14974
booknlp,COREF,149,she,869312,869315,4,2334,54,M_14975
booknlp,COREF,103,he,869362,869364,1,2335,54,M_14976
pdnc,qID,Q1574-1,you,869429,869432,0,2335,54,M_14977
booknlp,COREF,103,I,869475,869476,1,2335,54,M_14978
pdnc,qID,Q1574-1,you,869483,869486,0,2335,54,M_14979
booknlp,COREF,149,I,869500,869501,4,2336,54,M_14980
booknlp,COREF,149,I,869526,869527,4,2336,54,M_14981
pdnc,qID,Q1575-0,you,869535,869538,1,2336,54,M_14982
booknlp,COREF,103,I,869573,869574,1,2337,54,M_14983
booknlp,COREF,103,I,869599,869600,1,2337,54,M_14984
booknlp,COREF,103,I,869606,869607,1,2337,54,M_14985
booknlp,COREF,103,I,869651,869652,1,2337,54,M_14986
booknlp,COREF,103,me,869733,869735,1,2337,54,M_14987
booknlp,COREF,103,I,869800,869801,1,2337,54,M_14988
pdnc,qID,Q1576-0,you,869838,869841,0,2337,54,M_14989
exp,exp_name,emma,Emma,869894,869898,0,2338,54,M_14990
booknlp,COREF,103,I,869902,869903,1,2339,54,M_14991
booknlp,COREF,103,he,869929,869931,1,2339,54,M_14992
booknlp,COREF,103,my,869937,869939,1,2339,54,M_14993
booknlp,COREF,103,I,870109,870110,1,2339,54,M_14994
booknlp,COREF,103,I,870161,870162,1,2339,54,M_14995
pdnc,qID,Q1578-1,Miss Woodhouse,870211,870225,0,2339,54,M_14996
pdnc,qID,Q1578-1,we,870247,870249,1,2339,54,M_14997
pdnc,qID,Q1578-1,you,870308,870311,0,2339,54,M_14998
booknlp,COREF,103,me,870317,870319,1,2339,54,M_14999
exp,exp_name,emma,Emma,870323,870327,0,2340,54,M_15000
booknlp,COREF,94,her,870334,870337,0,2340,54,M_15001
pdnc,qID,Q1579-1,Mr. Knightley,870500,870513,6,2341,54,M_15002
pdnc,qID,Q1579-2,you,870571,870574,0,2341,54,M_15003
pdnc,qID,Q1579-2,you,870600,870603,0,2341,54,M_15004
pdnc,qID,Q1579-2,your,870628,870632,0,2341,54,M_15005
pdnc,qID,Q1579-2,your,870655,870659,0,2341,54,M_15006
pdnc,qID,Q1579-2,you,870687,870690,0,2341,54,M_15007
pdnc,qID,Q1579-2,He,870763,870765,6,2341,54,M_15008
exp,exp_name,emma,Emma,870810,870814,0,2342,54,M_15009
exp,exp_name,jane,Jane,870948,870952,4,2342,54,M_15010
pdnc,qID,Q1580-0,her,871099,871102,4,2343,54,M_15011
pdnc,qID,Q1580-0,her,871148,871151,4,2343,54,M_15012
booknlp,COREF,94,I,871277,871278,0,2344,54,M_15013
pdnc,qID,Q1581-0,her,871299,871302,4,2344,54,M_15014
exp,exp_name,emma,Emma,871324,871328,0,2344,54,M_15015
booknlp,COREF,94,I,871350,871351,0,2344,54,M_15016
pdnc,qID,Q1581-1,you,871375,871378,1,2344,54,M_15017
pdnc,qID,Q1581-1,her,871396,871399,4,2344,54,M_15018
pdnc,qID,Q1581-1,her,871451,871454,4,2344,54,M_15019
pdnc,qID,Q1581-1,you,871462,871465,1,2344,54,M_15020
exp,exp_name,emma,Emma,871597,871601,0,2346,54,M_15021
pdnc,qID,Q1583-0,your,871661,871665,1,2347,54,M_15022
pdnc,qID,Q1583-0,you,871693,871696,1,2347,54,M_15023
pdnc,qID,Q1583-0,you,871753,871756,1,2347,54,M_15024
pdnc,qID,Q1583-0,you,871797,871800,1,2347,54,M_15025
pdnc,qID,Q1584-0,you,871829,871832,0,2348,54,M_15026
pdnc,qID,Q1585-0,you,872001,872004,1,2349,54,M_15027
pdnc,qID,Q1585-0,you,872019,872022,1,2349,54,M_15028
pdnc,qID,Q1585-0,you,872101,872104,1,2349,54,M_15029
pdnc,qID,Q1587-1,your,872517,872521,0,2352,54,M_15030
pdnc,qID,Q1587-1,You,872528,872531,0,2352,54,M_15031
pdnc,qID,Q1587-1,She,872578,872581,4,2352,54,M_15032
pdnc,qID,Q1587-1,her,872611,872614,4,2352,54,M_15033
pdnc,qID,Q1587-1,she,872623,872626,4,2352,54,M_15034
pdnc,qID,Q1587-1,her,872674,872677,4,2352,54,M_15035
pdnc,qID,Q1587-1,her,872694,872697,4,2352,54,M_15036
pdnc,qID,Q1587-1,she,872707,872710,4,2352,54,M_15037
pdnc,qID,Q1587-1,my father,872728,872737,9,2352,54,M_15038
pdnc,qID,Q1587-1,You,872740,872743,0,2352,54,M_15039
pdnc,qID,Q1587-2,her,872840,872843,4,2352,54,M_15040
pdnc,qID,Q1587-2,her,872974,872977,4,2352,54,M_15041
exp,exp_name,emma,Emma,873025,873029,0,2353,54,M_15042
booknlp,COREF,94,she,873035,873038,0,2353,54,M_15043
booknlp,COREF,94,I,873102,873103,0,2354,54,M_15044
pdnc,qID,Q1589-0,you,873114,873117,0,2354,54,M_15045
pdnc,qID,Q1589-0,you,873136,873139,0,2354,54,M_15046
booknlp,COREF,94,I,873218,873219,0,2354,54,M_15047
pdnc,qID,Q1589-0,you,873267,873270,0,2354,54,M_15048
exp,exp_name,mrs. weston,Mrs. Weston,873331,873342,15,2355,54,M_15049
booknlp,COREF,94,She,873463,873466,0,2355,54,M_15050
booknlp,COREF,94,she,873476,873479,0,2355,54,M_15051
booknlp,COREF,94,her,873517,873520,0,2355,54,M_15052
booknlp,COREF,94,she,873526,873529,0,2355,54,M_15053
booknlp,COREF,94,she,873594,873597,0,2355,54,M_15054
exp,exp_name,mr. weston,Mr. Weston,873623,873633,9,2355,54,M_15055
booknlp,COREF,94,her,873748,873751,0,2355,54,M_15056
exp,exp_name,mr. woodhouse,Mr. Woodhouse,873800,873813,10,2355,54,M_15057
booknlp,COREF,94,her,873829,873832,0,2355,54,M_15058
booknlp,COREF,94,she,873902,873905,0,2355,54,M_15059
booknlp,COREF,94,She,873924,873927,0,2355,54,M_15060
booknlp,COREF,94,She,874043,874046,0,2355,54,M_15061
exp,exp_name,frank churchill,Frank Churchill,874286,874301,1,2356,54,M_15062
booknlp,COREF,103,he,874334,874336,1,2357,54,M_15063
exp,exp_name,emma,Emma,874340,874344,0,2357,54,M_15064
booknlp,COREF,103,he,874361,874363,1,2357,54,M_15065
exp,exp_name,miss fairfax,Miss Fairfax,874380,874392,4,2357,54,M_15066
booknlp,COREF,103,My,874401,874403,1,2357,54,M_15067
exp,exp_name,emma,Emma,874552,874556,0,2358,54,M_15068
booknlp,COREF,103,him,874590,874593,1,2358,54,M_15069
booknlp,COREF,94,she,874605,874608,0,2358,54,M_15070
exp,exp_name,jane,Jane,874650,874654,4,2358,54,M_15071
booknlp,COREF,94,she,874674,874677,0,2358,54,M_15072
booknlp,COREF,103,him,874701,874704,1,2358,54,M_15073
booknlp,COREF,103,mine,874767,874771,1,2359,54,M_15074
booknlp,COREF,103,he,874774,874776,1,2359,54,M_15075
booknlp,COREF,103,I,874785,874786,1,2359,54,M_15076
pdnc,qID,Q1591-1,She,874828,874831,4,2359,54,M_15077
pdnc,qID,Q1591-1,she,874842,874845,4,2359,54,M_15078
pdnc,qID,Q1591-1,Miss Woodhouse,874856,874870,0,2359,54,M_15079
booknlp,COREF,103,I,874872,874873,1,2359,54,M_15080
pdnc,qID,Q1591-1,her,874884,874887,4,2359,54,M_15081
pdnc,qID,Q1591-1,her,874895,874898,4,2359,54,M_15082
pdnc,qID,Q1591-1,her,874906,874909,4,2359,54,M_15083
pdnc,qID,Q1591-1,her,874941,874944,4,2359,54,M_15084
pdnc,qID,Q1591-1,you,874953,874956,0,2359,54,M_15085
pdnc,qID,Q1591-1,her,875004,875007,4,2359,54,M_15086
booknlp,COREF,103,me,875031,875033,1,2359,54,M_15087
pdnc,qID,Q1591-1,her,875063,875066,4,2359,54,M_15088
pdnc,qID,Q1591-1,her,875112,875115,4,2359,54,M_15089
pdnc,qID,Q1591-1,she,875122,875125,4,2359,54,M_15090
exp,exp_name,jane,Jane,875199,875203,4,2360,54,M_15091
booknlp,COREF,149,she,875283,875286,4,2360,54,M_15092
booknlp,COREF,103,him,875302,875305,1,2360,54,M_15093
pdnc,qID,Q1592-0,you,875361,875364,1,2361,54,M_15094
pdnc,qID,Q1592-0,you,875456,875459,1,2361,54,M_15095
booknlp,COREF,103,He,875478,875480,1,2362,54,M_15096
exp,exp_name,emma,Emma,875545,875549,0,2362,54,M_15097
exp,exp_name,jane,Jane,875579,875583,4,2362,54,M_15098
booknlp,COREF,94,she,875683,875686,0,2362,54,M_15099
booknlp,COREF,94,she,875709,875712,0,2362,54,M_15100
exp,exp_name,frank churchill,Frank Churchill,875729,875744,1,2362,54,M_15101
booknlp,COREF,103,him,875767,875770,1,2362,54,M_15102
booknlp,COREF,94,she,875774,875777,0,2362,54,M_15103
booknlp,COREF,94,she,875799,875802,0,2362,54,M_15104
exp,exp_name,mr. knightley,Mr. Knightley,875835,875848,6,2362,54,M_15105
booknlp,COREF,103,his,875978,875981,1,2362,54,M_15106
exp,exp_name,emma,Emma,876040,876044,0,2364,55,M_15107
exp,exp_name,harriet,Harriet,876093,876100,2,2364,55,M_15108
booknlp,COREF,94,her,876146,876149,0,2364,55,M_15109
booknlp,COREF,94,her,876172,876175,0,2364,55,M_15110
exp,exp_name,mr. knightley,Mr. Knightley,876190,876203,6,2364,55,M_15111
booknlp,COREF,94,she,876291,876294,0,2364,55,M_15112
booknlp,COREF,94,she,876405,876408,0,2364,55,M_15113
exp,exp_name,harriet,Harriet,876467,876474,2,2364,55,M_15114
booknlp,COREF,94,she,876481,876484,0,2364,55,M_15115
exp,exp_name,mr. knightley,Mr. Knightley,876584,876597,6,2364,55,M_15116
booknlp,COREF,94,her,876623,876626,0,2364,55,M_15117
exp,exp_name,harriet,Harriet,876648,876655,2,2365,55,M_15118
booknlp,COREF,112,she,876744,876747,2,2365,55,M_15119
booknlp,COREF,112,her,876808,876811,2,2365,55,M_15120
booknlp,COREF,112,her,876876,876879,2,2365,55,M_15121
booknlp,COREF,94,her,876979,876982,0,2365,55,M_15122
exp,exp_name,emma,Emma,877005,877009,0,2365,55,M_15123
booknlp,COREF,112,her,877070,877073,2,2365,55,M_15124
exp,exp_name,harriet,Harriet,877118,877125,2,2365,55,M_15125
booknlp,COREF,94,she,877223,877226,0,2365,55,M_15126
exp,exp_name,emma,Emma,877331,877335,0,2365,55,M_15127
exp,exp_name,harriet,Harriet,877364,877371,2,2365,55,M_15128
booknlp,COREF,112,her,877436,877439,2,2365,55,M_15129
exp,exp_name,emma,Emma,877511,877515,0,2365,55,M_15130
booknlp,COREF,94,her,877580,877583,0,2366,55,M_15131
exp,exp_name,harriet,Harriet,877615,877622,2,2366,55,M_15132
booknlp,COREF,112,She,877649,877652,2,2366,55,M_15133
booknlp,COREF,112,her,877717,877720,2,2366,55,M_15134
booknlp,COREF,112,hers,877769,877773,2,2366,55,M_15135
exp,exp_name,emma,Emma,877871,877875,0,2366,55,M_15136
booknlp,COREF,94,she,878020,878023,0,2366,55,M_15137
exp,exp_name,mr. knightley,Mr. Knightley,878043,878056,6,2366,55,M_15138
exp,exp_name,mr. elton,Mr. Elton,878093,878102,8,2366,55,M_15139
exp,exp_name,emma,Emma,878317,878321,0,2367,55,M_15140
booknlp,COREF,94,she,878397,878400,0,2367,55,M_15141
booknlp,COREF,94,her,878493,878496,0,2367,55,M_15142
booknlp,COREF,94,She,878512,878515,0,2367,55,M_15143
exp,exp_name,harriet,Harriet,878532,878539,2,2367,55,M_15144
booknlp,COREF,94,She,878696,878699,0,2367,55,M_15145
booknlp,COREF,94,her,878748,878751,0,2367,55,M_15146
booknlp,COREF,94,herself,878783,878790,0,2367,55,M_15147
booknlp,COREF,94,She,878857,878860,0,2367,55,M_15148
booknlp,COREF,94,her,878921,878924,0,2367,55,M_15149
booknlp,COREF,94,She,878930,878933,0,2367,55,M_15150
exp,exp_name,emma,Emma,878970,878974,0,2367,55,M_15151
booknlp,COREF,94,her,878984,878987,0,2367,55,M_15152
booknlp,COREF,94,herself,879149,879156,0,2367,55,M_15153
exp,exp_name,harriet,Harriet,879159,879166,2,2368,55,M_15154
booknlp,COREF,112,her,879194,879197,2,2368,55,M_15155
booknlp,COREF,112,her,879313,879316,2,2368,55,M_15156
exp,exp_name,emma,Emma,879321,879325,0,2368,55,M_15157
exp,exp_name,emma,Emma,879544,879548,0,2369,55,M_15158
exp,exp_name,harriet,Harriet,879558,879565,2,2369,55,M_15159
booknlp,COREF,94,her,879585,879588,0,2369,55,M_15160
exp,exp_name,mr. elton,Mr. Elton,879693,879702,8,2369,55,M_15161
booknlp,COREF,150,he,879706,879708,8,2369,55,M_15162
booknlp,COREF,94,she,879773,879776,0,2369,55,M_15163
exp,exp_name,mr. elton,Mr. Elton,879790,879799,8,2369,55,M_15164
exp,exp_name,harriet smith,Harriet Smith,879897,879910,2,2369,55,M_15165
exp,exp_name,jane fairfax,Jane Fairfax,879983,879995,4,2370,55,M_15166
booknlp,COREF,149,her,880062,880065,4,2370,55,M_15167
exp,exp_name,emma,Emma,880250,880254,0,2371,55,M_15168
exp,exp_name,mr. knightley,Mr. Knightley,880259,880272,6,2371,55,M_15169
exp,exp_name,john,John,880343,880347,5,2371,55,M_15170
exp,exp_name,isabella,Isabella,880352,880360,3,2371,55,M_15171
exp,exp_name,john,John,880471,880475,5,2371,55,M_15172
exp,exp_name,isabella,Isabella,880480,880488,3,2371,55,M_15173
exp,exp_name,mr. woodhouse,Mr. Woodhouse,880547,880560,10,2371,55,M_15174
exp,exp_name,mr. woodhouse,Mr. Woodhouse,880570,880583,10,2371,55,M_15175
booknlp,COREF,85,he,880719,880721,10,2372,55,M_15176
booknlp,COREF,85,he,880858,880860,10,2372,55,M_15177
booknlp,COREF,85,he,880960,880962,10,2372,55,M_15178
booknlp,COREF,85,he,880983,880985,10,2372,55,M_15179
booknlp,COREF,85,his,881019,881022,10,2372,55,M_15180
booknlp,COREF,85,him,881076,881079,10,2372,55,M_15181
booknlp,COREF,85,him,881099,881102,10,2372,55,M_15182
booknlp,COREF,85,himself,881112,881119,10,2372,55,M_15183
booknlp,COREF,85,his,881259,881262,10,2372,55,M_15184
exp,exp_name,mr. woodhouse,Mr. Woodhouse,881417,881430,10,2373,55,M_15185
booknlp,COREF,85,his,881466,881469,10,2373,55,M_15186
exp,exp_name,mrs. weston,Mrs. Weston,881543,881554,15,2373,55,M_15187
exp,exp_name,mr. woodhouse,Mr. Woodhouse,881737,881750,10,2373,55,M_15188
booknlp,COREF,85,his,881806,881809,10,2373,55,M_15189
booknlp,COREF,85,his,881887,881890,10,2373,55,M_15190
booknlp,COREF,85,his,881977,881980,10,2373,55,M_15191
booknlp,COREF,85,him,882032,882035,10,2373,55,M_15192
booknlp,COREF,85,his,882040,882043,10,2373,55,M_15193
booknlp,COREF,93,Hartfield,882045,882054,0,2373,55,M_15194
exp,exp_name,mr. john knightley,Mr. John Knightley,882070,882088,5,2373,55,M_15195
booknlp,COREF,85,his,882245,882248,10,2374,55,M_15196
exp,exp_name,mr. elton,Mr. Elton,882344,882353,8,2374,55,M_15197
exp,exp_name,mr. knightley,Mr. Knightley,882454,882467,6,2374,55,M_15198
exp,exp_name,miss woodhouse,Miss Woodhouse,882472,882486,0,2374,55,M_15199
exp,exp_name,mrs. elton,Mrs. Elton,882594,882604,13,2375,55,M_15200
